#Digilent WaveForms Oscilloscope Acquisition
#Device Name: EExplorer
#Serial Number: SN:210151A2B84A
#Date Time: 2020-11-18 11:18:51.970
#Sample rate: 2000Hz
#Samples: 16384
#Trigger: Source: Channel 1 Type: Edge Condition: Rising Level: 0 V Hyst.: Auto HoldOff: 0 s
#Channel 1: Range: 1 V/div Offset: 0 V Attenuation: 1 X
#Channel 2: Range: 1 V/div Offset: 0 V Attenuation: 1 X
#Power Supplies: ON
#Fixed Supply: ON
#Voltage: 3.3 V Readback: 3.318 V
#Positive Supply: ON
#Voltage: 3.7 V Readback: 3.714 V
#Current: 500 mA Readback: 20 mA
#Negative Supply: ON
#Voltage: -3.7 V Readback: -3.703 V
#Current: -500 mA Readback: -7 mA
#Reference 1: ON
#Voltage: 0 V
#Reference 2: ON
#Voltage: 0 V

Time (s),Channel 1 (V),Channel 2 (V)
-4.096,-2.173301810195364,-0.6549016234300674
-4.0955,-1.714484291315428,-0.2734226408443868
-4.095,-0.9569018764189512,0.0762664265267264
-4.0945,-0.3060212101009019,0.3411823866556712
-4.094,0.1101156093483426,0.5213252395433537
-4.0935,0.3341892813601245,0.6378882620004365
-4.093,0.408880505363835,0.7226613692416989
-4.0925,0.408880505363835,0.7862411996726456
-4.092,0.3875401556484406,0.8392243916985694
-4.0915,0.3555296310754218,0.8710143069140429
-4.091,0.3235191065023739,0.8922075837243778
-4.0905,0.3235191065023642,0.9028042221295259
-4.09,0.3128489316446912,0.8816109453192104
-4.0895,0.07810508477567314,0.5743084315693548
-4.089,-0.5834457564000489,-0.2204394488174798
-4.0885,-1.180975548430879,-1.004590690800593
-4.088,-1.277007122150022,-1.47084278062796
-4.0875,-0.6901475049780108,-1.481439419033118
-4.087,-0.03926683865844774,-1.004590690800063
-4.0865,0.3875401556484697,-0.4217755785163839
-4.086,0.5796033030865826,0.0232832345002435
-4.0855,0.6222840025174393,0.2776025562247823
-4.085,0.5689331282290746,0.4047622170866759
-4.0845,0.4942419042253641,0.4153588554918337
-4.084,0.4942419042253349,0.3517790250607616
-4.0835,0.5369226036560266,0.2670059178194992
-4.083,0.5049120790829789,0.2034260873884947
-4.0825,0.4515612047945171,0.1716361721729538
-4.082,0.3982103305061524,0.1292496185523226
-4.0815,0.3768699807907871,0.1292496185523226
-4.081,0.5902734779442458,0.521325239543161
-4.0805,0.5155822539406614,0.9875773293708847
-4.08,-0.2099896363817582,0.4259554938970107
-4.0795,-0.9569018764188638,-0.3264058328691928
-4.079,-1.255666772434356,-0.3158091944644782
-4.0785,-0.9248913518464952,-0.06148987274069118
-4.078,-0.4340633083935401,0.1822328105779381
-4.0775,-0.03926683865860301,0.3729723018713085
-4.077,0.2168173579255475,0.5213252395435176
-4.0765,0.3341892813599498,0.6272916235950956
-4.076,0.3768699807907871,0.7014680924314218
-4.0755,0.3768699807907871,0.7650479228623686
-4.075,0.3555296310754218,0.8074344764830383
-4.0745,0.3448594562177197,0.8498210301037177
-4.074,0.3235191065023739,0.8604176685088755
-4.0735,0.3128489316446912,0.849821030103708
-4.073,0.2274875327833077,0.7226613692418146
-4.0725,-0.3380317346739499,0.06566978812131802
-4.072,-0.9889124009925911,-0.718481453861072
-4.0715,-1.479740444445546,-1.35427975817054
-4.071,-1.490410619303132,-1.682775548731029
-4.0705,-0.8928808272734472,-1.375473034981453
-4.07,-0.2206598112400523,-0.7184814538616695
-4.0695,0.2488278824988089,-0.1568596183868126
-4.069,0.4835717293676135,0.2670059178194992
-4.0685,0.5475927785137094,0.4895353243280153
-4.068,0.5262524287982956,0.5213252395434887
-4.0675,0.4729015545099309,0.4895353243280153
-4.067,0.4408910299368829,0.5743084315693548
-4.0665,0.3982103305061233,0.5213252395434019
-4.066,0.3661998059331045,0.3941655786815084
-4.0655,0.3555296310754218,0.2458126410091644
-4.065,0.3448594562177489,0.1398462569575864
-4.0645,0.4729015545099309,0.2670059178194992
-4.064,0.6863050516635838,0.7438546460520338
-4.0635,0.07810508477622624,0.3941655786818264
-4.063,-0.6688071552625873,-0.3370024712748517
-4.0625,-1.191645723288561,-0.1250697031716958
-4.062,-1.074273799854159,0.2034260873881959
-4.0615,-0.6261264558309737,0.3411823866557098
-4.061,-0.1779791118087102,0.383568940276341
-4.0605,0.1314559590640864,0.4047622170866759
-4.06,0.3021787567870668,0.4471487707074034
-4.0595,0.3661998059331045,0.5107286011383502
-4.059,0.3875401556484697,0.5849050699745222
-4.0585,0.3661998059331239,0.6696781772157845
-4.058,0.3448594562177392,0.7332580076468663
-4.0575,0.3341892813600565,0.8074344764830383
-4.057,0.3235191065023836,0.8604176685088273
-4.0565,0.3021787567870086,0.8604176685088755
-4.056,-0.06060718837420119,0.4471487707073456
-4.0555,-0.764838728980615,-0.3370024712743313
-4.055,-1.458400094731161,-1.057573882826883
-4.0545,-2.045259711903173,-1.555615887869299
-4.054,-1.703814116457639,-1.640388995110561
-4.0535,-0.8395299529843838,-1.110557074851631
-4.053,-0.124628237520297,-0.4111789401112165
-4.0525,0.3128489316446912,0.1610395337678249
-4.052,0.5049120790830274,0.5319218779487814
-4.0515,0.5582629533713921,0.6378882620003594
-4.051,0.5369226036560266,0.5955017083796896
-4.0505,0.6222840025174102,0.5743084315693742
-4.05,0.6649647019482183,0.4895353243280153
-4.0495,0.5902734779444399,0.3411823866556712
-4.049,0.4942419042253835,0.1716361721731466
-4.0485,0.4088805053638059,0.03387987290578681
-4.048,0.3768699807907871,0.002089957690313421
-4.0475,0.6436243522326104,0.436552132301783
-4.047,0.4835717293671671,0.6272916235945366
-4.0465,-0.007256314085787988,-0.09327978795619347
-4.046,-0.6261264558308184,-0.8774310299378703
-4.0455,-0.8181896032694358,-0.8456411147226958
-4.045,-0.5621054066852853,-0.4217755785163839
-4.0445,-0.1993194615240755,0.03387987290581572
-4.044,0.07810508477582841,0.3835689402765531
-4.0435,0.2488278824985954,0.6166949851900245
-4.043,0.3448594562177392,0.7544512844572011
-4.0425,0.366199805933085,0.8286277532933056
-4.042,0.3661998059331045,0.8604176685088755
-4.0415,0.3448594562177392,0.8710143069140429
-4.041,0.3341892813600663,0.8710143069140429
-4.0405,0.3235191065023739,0.8498210301036792
-4.04,0.3235191065023739,0.8180311148882058
-4.0395,0.09944543449124221,0.5319218779489453
-4.039,-0.6474668055471638,-0.2946159176550686
-4.0385,-1.1062843244271,-1.05757388282643
-4.038,-1.330357996438232,-1.672178910325582
-4.0375,-1.138294848999585,-1.915901593644558
-4.037,-0.5194247072545548,-1.439052865412457
-4.0365,0.02475421048725994,-0.7290780922662394
-4.036,0.3768699807909133,-0.1568596183868608
-4.0355,0.5155822539406614,0.2140227257936621
-4.035,0.5475927785137094,0.3729723018711736
-4.0345,0.5155822539406905,0.4153588554918047
-4.034,0.4835717293676135,0.4471487707073456
-4.0335,0.4942419042252961,0.4895353243280153
-4.033,0.4622313796522773,0.3729723018712796
-4.0325,0.4088805053638059,0.2140227257935464
-4.032,0.3768699807907871,0.08686306493165288
-4.0315,0.3555296310754412,0.02328323450070612
-4.031,0.5262524287984702,0.3411823866561627
-4.0305,0.6649647019482183,0.8816109453192104
-4.03,-0.06060718837354129,0.4789386859232141
-4.0295,-0.8181896032699987,-0.1992461720078582
-4.029,-1.180975548430879,-0.1886495336027004
-4.0285,-0.9035510021311299,0.03387987290581572
-4.028,-0.4447334832504172,0.2564092794145053
-4.0275,-0.04993701351651855,0.4471487707073456
-4.027,0.2061471830678648,0.5955017083796896
-4.0265,0.3341892813599401,0.7120647308364254
-4.026,0.3768699807907871,0.8074344764830383
-4.0255,0.3768699807907871,0.8816109453192104
-4.025,0.3555296310754412,0.9345941373449993
-4.0245,0.3448594562177197,0.9769806909657173
-4.024,0.3235191065023739,0.9769806909657173
-4.0235,0.312848931644701,0.9663840525605595
-4.023,0.2274875327826867,0.7968378380772252
-4.0225,-0.3700422592469978,0.08686306493165288
-4.022,-0.8715404775576259,-0.7078848154551817
-4.0215,-1.277007122150051,-1.343683119766105
-4.021,-1.30901764672307,-1.51322933424863
-4.0205,-0.7328282044082075,-1.068170521231597
-4.02,-0.1032878878045533,-0.5065486857572993
-4.0195,0.3128489316446912,-0.04029659593035631
-4.019,0.5155822539406614,0.2564092794143318
-4.0185,0.5582629533713532,0.3941655786813831
-4.018,0.5369226036560266,0.4259554938970107
-4.0175,0.5049120790829789,0.383568940276341
-4.017,0.5796033030866894,0.3729723018711832
-4.0165,0.5689331282290164,0.2881991946297185
-4.016,0.5049120790829789,0.1610395337678249
-4.0155,0.4408910299369412,0.04447651131108916
-4.015,0.3875401556482368,-0.04029659593020211
-4.0145,0.1314559590640864,0.1292496185523226
-4.014,-0.4767440078232711,0.3835689402761097
-4.0135,-1.266336947292864,-0.1780528951982365
-4.013,-1.842526389607202,-0.9516074987747555
-4.0125,-1.917217613610981,-1.163540266878104
-4.012,-1.298347471864757,-0.7396747306709057
-4.0115,-0.6047861061160158,-0.1886495336027004
-4.011,-0.08194753808956648,0.2670059178194992
-4.0105,0.2274875327829487,0.5743084315690754
-4.01,0.3768699807907871,0.7438546460520338
-4.0095,0.408880505363835,0.8180311148882058
-4.009,0.3982103305061621,0.8498210301036792
-4.0085,0.376869980790758,0.8498210301036887
-4.008,0.3448594562177392,0.8286277532933731
-4.0075,0.3341892813600663,0.7968378380778998
-4.007,0.3128489316446815,0.7438546460519663
-4.0065,0.3021787567870086,0.6696781772158616
-4.006,0.1741366584948169,0.1504428953626575
-4.0055,-0.08194753809008082,-0.7396747306721008
-4.005,-0.6474668055467465,-1.502632695843462
-4.0045,-1.138294849000148,-2.053657892912168
-4.004,-1.08494397471124,-2.191414192178738
-4.0035,-0.5407650569699201,-1.523825972653797
-4.003,-0.007256314085787988,-0.7820612842920766
-4.0025,0.334189281359746,-0.1886495336032401
-4.002,0.4942419042252961,0.2034260873884947
-4.0015,0.5262524287983441,0.4047622170866759
-4.001,0.4942419042253252,0.4789386859227804
-4.0005,0.5262524287983441,0.3623756634658712
-4,0.5262524287983441,0.2140227257936621
-3.9995,0.4835717293676135,0.1504428953626575
-3.999,0.4195506802215176,0.1080563417419877
-3.9985,0.3768699807907871,0.08686306493165288
-3.998,0.3768699807907871,0.1292496185523226
-3.9975,0.6222840025174878,0.55311515475902
-3.997,0.3448594562177392,0.6484849004055269
-3.9965,-0.4874141826815069,-0.1144730647665284
-3.996,-1.159635198715513,-0.3899856633008816
-3.9955,-1.244996597576974,-0.04029659593035631
-3.995,-0.8288597781273515,0.1928294489833272
-3.9945,-0.3380317346739499,0.3199891098453364
-3.994,0.03542438534494258,0.4047622170866759
-3.9935,0.2594980573562781,0.4789386859228479
-3.993,0.3555296310754218,0.5425185163538525
-3.9925,0.3875401556484697,0.6166949851900245
-3.992,0.3768699807907871,0.6908714540261965
-3.9915,0.3555296310754218,0.7544512844572011
-3.991,0.3448594562177392,0.8180311148882058
-3.9905,0.3235191065023739,0.8392243916985406
-3.99,0.3235191065023739,0.8710143069140429
-3.9895,0.291508581929326,0.7862411996727035
-3.989,0.1634664836371343,0.2564092794143318
-3.9885,-0.007256314085787988,-0.3370024712750445
-3.988,-0.2420001609548061,-0.9092209451540858
-3.9875,-0.4127229586777283,-1.142346990067769
-3.987,-0.1673089369510276,-0.7608680074817418
-3.9865,0.142126133921769,-0.1886495336027004
-3.986,0.3661998059331045,0.2246193641988295
-3.9855,0.4835717293676135,0.457745409112513
-3.985,0.5155822539406614,0.5107286011383502
-3.9845,0.4942419042252961,0.5001319627331828
-3.984,0.5155822539406614,0.4153588554918433
-3.9835,0.6329541773751706,0.2670059178194992
-3.983,0.6009436528021226,0.1610395337678249
-3.9825,0.5155822539406614,0.08686306493165288
-3.982,0.4302208550792003,0.03387987290581572
-3.9815,0.3768699807907871,0.01268659609548085
-3.981,0.6222840025174878,0.2987958330350016
-3.9805,0.7503261008096795,0.7968378380778709
-3.98,0.1527963087794516,0.3305857482505039
-3.9795,-0.5621054066852853,-0.2628260024388724
-3.979,-0.9782422261349084,-0.02969995752518888
-3.9785,-0.7755089038389382,0.1928294489833272
-3.978,-0.391382608962363,0.309392471440169
-3.9775,-0.03926683865883591,0.3729723018711736
-3.977,0.1954770082101822,0.4365521323021782
-3.9765,0.3128489316446912,0.5001319627331828
-3.976,0.3661998059331045,0.5637117931641874
-3.9755,0.3661998059331045,0.627291623595192
-3.975,0.3555296310754218,0.6908714540261965
-3.9745,0.3341892813600565,0.7438546460520338
-3.974,0.3235191065023739,0.7968378380778709
-3.9735,0.3128489316446912,0.8074344764830383
-3.973,0.3021787567870086,0.775644561267536
-3.9725,0.04609456020262521,0.4047622170866759
-3.972,-0.4020527838200457,-0.3370024712750445
-3.9715,-0.7008176798351597,-0.9833974139902578
-3.971,-0.6154562809736985,-1.184733543688439
-3.9705,-0.156638762093345,-0.8668343915334161
-3.97,0.2381577076409128,-0.3158091944647096
-3.9695,0.4515612047945656,0.1186529801471552
-3.969,0.5582629533713921,0.3199891098453364
-3.9685,0.5689331282290746,0.4153588554918433
-3.968,0.5262524287983441,0.4789386859228479
-3.9675,0.4835717293676135,0.457745409112513
-3.967,0.707645401378949,0.3305857482505039
-3.9665,0.7823366253827275,0.2034260873884947
-3.966,0.6863050516635838,0.1292496185523226
-3.9655,0.5475927785137094,0.08686306493165288
-3.965,0.4302208550792003,0.04447651131098315
-3.9645,0.2701682322139607,0.2140227257936621
-3.964,-0.09261771294724913,0.701468092431364
-3.9635,-0.6047861061160158,0.3411823866556712
-3.963,-1.06360362499637,-0.5595318777835605
-3.9625,-1.138294849000148,-1.0999604364471
-3.962,-0.7755089038389382,-0.8668343915334161
-3.9615,-0.3166913849585846,-0.3581957480853793
-3.961,0.02475421048725994,0.09745970333682032
-3.9605,0.2381577076409128,0.4153588554918433
-3.96,0.3341892813600565,0.6060983467848571
-3.9595,0.3661998059331045,0.6908714540261965
-3.959,0.3661998059331045,0.7226613692416989
-3.9585,0.3448594562177392,0.7226613692416989
-3.958,0.3235191065023739,0.701468092431364
-3.9575,0.3128489316446912,0.6696781772158616
-3.957,0.3021787567870086,0.6378882620003594
-3.9565,0.291508581929326,0.5849050699745222
-3.956,-0.1352984123779797,0.09745970333682032
-3.9555,-0.9569018764195432,-0.7714646458869092
-3.955,-1.735824641030376,-1.566212526274467
-3.9545,-1.906547438753298,-1.979481424075996
-3.954,-1.180975548430879,-1.661582271920973
-3.9535,-0.3807124341046804,-1.068170521231597
-3.953,0.1634664836371343,-0.474758770542221
-3.9525,0.4622313796522482,0.03387987290581572
-3.952,0.5689331282290746,0.3517790250608387
-3.9515,0.5475927785137094,0.4471487707073456
-3.951,0.4942419042252961,0.4047622170866759
-3.9505,0.5689331282290746,0.4153588554918433
-3.95,0.6542945270905358,0.4471487707073456
-3.9495,0.6009436528021226,0.3517790250608387
-3.949,0.5049120790829789,0.2352160026039969
-3.9485,0.4195506802215176,0.1504428953626575
-3.948,0.3661998059331045,0.1292496185523226
-3.9475,0.6329541773751706,0.4789386859228479
-3.947,0.6436243522328531,0.5955017083796896
-3.9465,-0.06060718837420119,-0.1356663415768632
-3.946,-0.7648387289812555,-0.3581957480853793
-3.9455,-1.116954499284783,0.1292496185523226
-3.945,-0.8502001278427167,0.3623756634660061
-3.9445,-0.4127229586777283,0.4259554938970107
-3.944,-0.03926683865883591,0.4471487707073456
-3.9435,0.1954770082101822,0.4789386859228479
-3.943,0.3235191065023739,0.5425185163538525
-3.9425,0.3661998059331045,0.627291623595192
-3.942,0.3661998059331045,0.7226613692416989
-3.9415,0.3448594562177392,0.8074344764830383
-3.941,0.3235191065023739,0.8710143069140429
-3.9405,0.3128489316446912,0.92399749893988
-3.94,0.3021787567870086,0.9451907757502149
-3.9395,0.2594980573562781,0.8392243916985406
-3.939,-0.1459685872356623,0.2140227257936621
-3.9385,-0.722158029550525,-0.5383386009732256
-3.938,-0.8181896032696687,-0.9622041371799229
-3.9375,-0.4127229586777283,-0.9833974139902578
-3.937,0.07810508477567314,-0.5807251545938954
-3.9365,0.3768699807907871,-0.1356663415768632
-3.936,0.5369226036560266,0.2246193641988295
-3.9355,0.5582629533713921,0.4259554938970107
-3.935,0.5369226036560266,0.4683420475176805
-3.9345,0.4835717293676135,0.4153588554918433
-3.934,0.4729015545099309,0.3941655786815084
-3.9335,0.5902734779444399,0.5001319627331828
-3.933,0.5796033030867573,0.3941655786815084
-3.9325,0.5049120790829789,0.2034260873884947
-3.932,0.4195506802215176,0.01268659609548085
-3.9315,0.3555296310754218,-0.1038764263613609
-3.931,0.05676473506030786,-0.04029659593035631
-3.9305,-0.5514352318276028,-0.252229364033705
-3.93,-1.052933450138687,-0.9092209451540858
-3.9295,-1.212986073003927,-1.492036057438295
-3.929,-1.244996597576974,-1.205926820498774
-3.9285,-0.8502001278427167,-0.5913217929990628
-3.928,-0.3700422592469978,-0.06148987274069118
-3.9275,0.01408403562957729,0.2987958330350016
-3.927,0.2381577076409128,0.5107286011383502
-3.9265,0.3341892813600565,0.6378882620003594
-3.926,0.3661998059331045,0.701468092431364
-3.9255,0.3661998059331045,0.7438546460520338
-3.925,0.3448594562177392,0.7650479228623686
-3.9245,0.3235191065023739,0.775644561267536
-3.924,0.3128489316446912,0.775644561267536
-3.9235,0.3021787567870086,0.7544512844572011
-3.923,0.2701682322139607,0.6696781772158616
-3.9225,-0.1779791118087102,0.09745970333682032
-3.922,-0.7434983792658902,-0.7078848154559045
-3.9215,-1.020922925565639,-1.407262950196955
-3.921,-1.084943974711735,-1.862918401619155
-3.9205,-0.7114878546928423,-1.661582271920973
-3.92,-0.1779791118087102,-0.9939940523954253
-3.9195,0.2061471830678648,-0.3899856633008816
-3.919,0.408880505363835,0.06566978812131802
-3.9185,0.4729015545099309,0.3199891098453364
-3.918,0.4729015545099309,0.3941655786815084
-3.9175,0.4515612047945656,0.3517790250608387
-3.917,0.6222840025174878,0.05507314971615059
-3.9165,0.6649647019482183,-0.09327978795619347
-3.916,0.5902734779444399,-0.08268314955102604
-3.9155,0.4835717293676135,-0.02969995752518888
-3.915,0.3982103305061524,0.02328323450064829
-3.9145,0.4195506802215176,0.1504428953626575
-3.914,0.7183155762366316,0.6802748156210291
-3.9135,0.2594980573562781,0.701468092431364
-3.913,-0.5941159312583333,-0.1038764263613609
-3.9125,-1.234326422719292,-0.570128516188728
-3.912,-1.127624674142465,-0.4217755785163839
-3.9115,-0.658136980404429,-0.1038764263613609
-3.911,-0.2099896363817582,0.1928294489833272
-3.9105,0.1101156093487211,0.4153588554918433
-3.91,0.2808384070716433,0.5637117931641874
-3.9095,0.3555296310754218,0.6590815388106942
-3.909,0.3661998059331045,0.7226613692416989
-3.9085,0.3555296310754218,0.7544512844572011
-3.908,0.3341892813600565,0.7650479228623686
-3.9075,0.3128489316446912,0.775644561267536
-3.907,0.3021787567870086,0.7438546460520338
-3.9065,0.291508581929326,0.701468092431364
-3.906,0.03542438534494258,0.2881991946298341
-3.9055,-0.658136980404429,-0.570128516188728
-3.905,-1.06360362499637,-1.34368311976595
-3.9045,-1.180975548430879,-1.672178910326141
-3.904,-0.7114878546928423,-1.311893204550448
-3.9035,-0.1352984123779797,-0.792657922697244
-3.903,0.2808384070716433,-0.252229364033705
-3.9025,0.4942419042252961,0.1080563417419877
-3.902,0.5475927785137094,0.2881991946298341
-3.9015,0.5262524287983441,0.3517790250608387
-3.901,0.4729015545099309,0.3517790250608387
-3.9005,0.3982103305061524,0.3517790250608387
-3.9,0.3128489316446912,0.3517790250608387
-3.8995,0.291508581929326,0.2564092794143318
-3.899,0.291508581929326,0.13984625695749
-3.8985,0.3021787567870086,0.05507314971615059
-3.898,0.3448594562177392,0.05507314971615059
-3.8975,0.707645401378949,0.4789386859228479
-3.897,0.5902734779444399,0.8604176685088755
-3.8965,-0.3166913849585846,0.2246193641988295
-3.896,-1.148965023857831,-0.252229364033705
-3.8955,-1.373038695869166,-0.02969995752518888
-3.895,-0.9675720512772257,0.1822328105781598
-3.8945,-0.4447334832507763,0.3411823866556712
-3.894,-0.03926683865883591,0.457745409112513
-3.8935,0.2168173579255475,0.5637117931641874
-3.893,0.3341892813600565,0.6484849004055269
-3.8925,0.3661998059331045,0.7332580076468663
-3.892,0.3661998059331045,0.8074344764830383
-3.8915,0.3448594562177392,0.8604176685088755
-3.891,0.3235191065023739,0.9028042221295453
-3.8905,0.3128489316446912,0.9134008605347127
-3.89,0.3021787567870086,0.9028042221295453
-3.8895,0.2061471830678648,0.7650479228623686
-3.889,-0.423393133535411,0.08686306493165288
-3.8885,-0.9248913518464952,-0.6866915386455698
-3.888,-1.170305373573196,-1.322489842955616
-3.8875,-1.277007122150022,-1.746355379162313
-3.887,-0.7755089038389382,-1.523825972653797
-3.8865,-0.1779791118087102,-0.8668343915334161
-3.886,0.2488278824985954,-0.2416327256285375
-3.8855,0.4729015545099309,0.1716361721729923
-3.885,0.5475927785137094,0.3729723018711736
-3.8845,0.5369226036560266,0.3941655786815084
-3.884,0.5262524287983441,0.2987958330350016
-3.8835,0.5796033030867573,0.2140227257936621
-3.883,0.5369226036560266,0.08686306493165288
-3.8825,0.4622313796522482,-0.01910331912002144
-3.882,0.3982103305061524,-0.1038764263613609
-3.8815,0.3555296310754218,-0.1462629799820306
-3.881,0.5049120790829789,0.1186529801471552
-3.8805,0.7503261008096795,0.701468092431364
-3.88,0.291508581929326,0.3941655786815084
-3.8795,-0.3700422592469978,-0.4959520473525559
-3.879,-0.7755089038389382,-0.8668343915334161
-3.8785,-0.6367966306890638,-0.5807251545938954
-3.878,-0.3060212101009019,-0.1250697031716958
-3.8775,-0.007256314085787988,0.2987958330350016
-3.877,0.1954770082101822,0.6060983467848571
-3.8765,0.3021787567870086,0.7968378380778709
-3.876,0.3448594562177392,0.9134008605347127
-3.8755,0.3448594562177392,0.9663840525605498
-3.875,0.3341892813600565,0.9875773293708847
-3.8745,0.3128489316446912,0.9769806909657173
-3.874,0.3021787567870086,0.9451907757502149
-3.8735,0.291508581929326,0.8922075837243778
-3.873,0.2488278824985954,0.7650479228623686
-3.8725,-0.3060212101009019,0.1186529801471552
-3.872,-1.095614149569417,-0.8032545611024114
-3.8715,-1.554431668449771,-1.555615887869299
-3.871,-1.501080794161358,-1.809935209593318
-3.8705,-0.839529952985034,-1.481439419033127
-3.87,-0.156638762093345,-0.9410108603695881
-3.8695,0.291508581929326,-0.4323722169215513
-3.869,0.5049120790829789,-0.04029659593035631
-3.8685,0.5689331282290746,0.1716361721729923
-3.868,0.5582629533713921,0.2246193641988295
-3.8675,0.5049120790829789,0.1716361721729923
-3.867,0.5262524287983441,0.1716361721729923
-3.8665,0.5049120790829789,0.1292496185523226
-3.866,0.4408910299368829,0.03387987290581572
-3.8655,0.3875401556484697,-0.04029659593035631
-3.865,0.3448594562177392,-0.08268314955102604
-3.8645,0.3555296310754218,-0.07208651114585861
-3.864,0.7289857510943143,0.4047622170866759
-3.8635,0.3661998059331045,0.7226613692416989
-3.863,-0.5514352318276028,0.06566978812131802
-3.8625,-1.30901764672307,-0.5277419625680583
-3.862,-1.26633694729234,-0.4111789401112165
-3.8615,-0.7968492535543035,-0.09327978795619347
-3.861,-0.2953510352432193,0.2352160026039969
-3.8605,0.05676473506030786,0.5001319627331828
-3.86,0.2594980573562781,0.6908714540261965
-3.8595,0.3448594562177392,0.8180311148882058
-3.859,0.3661998059331045,0.9134008605347127
-3.8585,0.3555296310754218,0.9663840525605498
-3.858,0.3341892813600565,0.9981739677760521
-3.8575,0.3128489316446912,1.00877060618122
-3.857,0.3021787567870086,0.9875773293708847
-3.8565,0.291508581929326,0.9345941373450475
-3.856,0.01408403562957729,0.5213252395435176
-3.8555,-0.5621054066852853,-0.2946159176543747
-3.855,-0.8715404775580819,-1.004590690800593
-3.8545,-0.9142211769888124,-1.396666311791788
-3.854,-0.3807124341046804,-1.269506650929778
-3.8535,0.142126133921769,-0.8350444763179138
-3.853,0.4408910299368829,-0.3475991096802118
-3.8525,0.5796033030867573,-0.04029659593035631
-3.852,0.5796033030867573,0.1292496185523226
-3.8515,0.5049120790829789,0.1822328105781598
-3.851,0.4408910299368829,0.13984625695749
-3.8505,0.4622313796522482,0.1504428953626575
-3.85,0.5369226036560266,0.1928294489833272
-3.8495,0.5049120790829789,0.1080563417419877
-3.849,0.4408910299368829,-0.008506680714854012
-3.8485,0.3875401556484697,-0.09327978795619347
-3.848,0.3448594562177392,-0.1144730647665284
-3.8475,0.6116138276598051,0.2564092794143318
-3.847,0.6009436528021226,0.7332580076468663
-3.8465,-0.1673089369510276,0.2034260873884947
-3.846,-1.042263275281004,-0.474758770542221
-3.8455,-1.351698346153801,-0.3475991096802118
-3.845,-0.9889124009925911,-0.05089323433552374
-3.8445,-0.4874141826815069,0.2140227257936621
-3.844,-0.07127736323188383,0.4365521323021782
-3.8435,0.1848068333524996,0.5955017083796896
-3.843,0.3128489316446912,0.7332580076468663
-3.8425,0.3555296310754218,0.8286277532933731
-3.842,0.3555296310754218,0.9134008605347127
-3.8415,0.3341892813600565,0.9663840525605498
-3.841,0.3235191065023739,0.9981739677760521
-3.8405,0.3021787567870086,1.00877060618122
-3.84,0.291508581929326,0.9769806909657173
-3.8395,0.1848068333524996,0.8074344764830383
-3.839,-0.423393133535411,0.09745970333682032
-3.8385,-1.074273799854052,-0.7820612842920766
-3.838,-1.426389570157579,-1.417859588602123
-3.8375,-1.212986073003927,-1.449649503817625
-3.837,-0.572775581542968,-0.9728007755850904
-3.8365,0.01408403562957729,-0.4111789401112165
-3.836,0.3661998059331045,-0.04029659593035631
-3.8355,0.5155822539406614,0.1716361721729923
-3.835,0.5475927785137094,0.2352160026039969
-3.8345,0.5155822539406614,0.2140227257936621
-3.834,0.4942419042252961,0.13984625695749
-3.8335,0.5582629533713921,0.08686306493165288
-3.833,0.5262524287983441,0.002089957690313421
-3.8325,0.4515612047945656,-0.09327978795619347
-3.832,0.3875401556484697,-0.1568596183871981
-3.8315,0.3448594562177392,-0.2098428104130352
-3.831,0.1954770082101822,0.06566978812131802
-3.8305,-0.1779791118087102,0.7650479228623686
-3.83,-0.6367966306890638,0.7968378380778709
-3.8295,-0.8822106524157645,-0.07208651114585861
-3.829,-0.9889124009925911,-0.6972881770507372
-3.8285,-0.6794773301197943,-0.5913217929990628
-3.828,-0.274010685527854,-0.1992461720078678
-3.8275,0.03542438534494258,0.2140227257936621
-3.827,0.2274875327832301,0.5319218779486851
-3.8265,0.3235191065023739,0.7438546460520338
-3.826,0.3448594562177392,0.8816109453192104
-3.8255,0.3448594562177392,0.9557874141553824
-3.825,0.3341892813600565,0.9875773293708847
-3.8245,0.3128489316446912,0.9875773293708847
-3.824,0.3021787567870086,0.9557874141553824
-3.8235,0.291508581929326,0.9028042221295453
-3.823,0.2701682322139607,0.8074344764830383
-3.8225,-0.08194753808956648,0.2352160026039969
-3.822,-0.5194247072545548,-0.6443049850249
-3.8215,-1.010252750707956,-1.38606967338662
-3.821,-1.031593100423322,-1.809935209593318
-3.8205,-0.4980843575391895,-1.555615887869299
-3.82,0.02475421048725994,-0.9833974139902578
-3.8195,0.3555296310754218,-0.4323722169215513
-3.819,0.4942419042252961,-0.08268314955102604
-3.8185,0.5262524287983441,0.07626642652648545
-3.818,0.4942419042252961,0.1292496185523226
-3.8175,0.4622313796522482,0.08686306493165288
-3.817,0.5582629533713921,0.002089957690313421
-3.8165,0.6116138276598051,-0.07208651114585861
-3.816,0.5582629533713921,-0.1038764263613609
-3.8155,0.4729015545099309,-0.1144730647665284
-3.815,0.3982103305061524,-0.1144730647665284
-3.8145,0.2594980573562781,-0.1144730647665284
-3.814,-0.2420001609548061,-0.3899856633008816
-3.8135,-1.031593100423322,-1.004590690800593
-3.813,-1.533091318734406,-1.587405803084801
-3.8125,-1.597112367880501,-1.778145294377815
-3.812,-1.148965023857831,-1.195330182093607
-3.8115,-0.5621054066852853,-0.4323722169215513
-3.811,-0.09261771294724913,0.2034260873884947
-3.8105,0.1954770082101822,0.6166949851900245
-3.81,0.3341892813600565,0.8392243916985406
-3.8095,0.3661998059331045,0.9345941373450475
-3.809,0.3661998059331045,0.9557874141553824
-3.8085,0.3448594562177392,0.9345941373450475
-3.808,0.3235191065023739,0.8922075837243778
-3.8075,0.3021787567870086,0.8286277532933731
-3.807,0.291508581929326,0.7544512844572011
-3.8065,0.291508581929326,0.6802748156210291
-3.806,0.03542438534494258,0.2881991946298341
-3.8055,-0.658136980404429,-0.5807251545938954
-3.805,-1.06360362499637,-1.42845622700729
-3.8045,-1.415719395299897,-2.074851169722503
-3.804,-1.26633694729234,-2.138431000153508
-3.8035,-0.6367966306890638,-1.47084278062796
-3.803,-0.03926683865883591,-0.7502713690765743
-3.8025,0.3341892813600565,-0.252229364033705
-3.802,0.4729015545099309,0.03387987290581572
-3.8015,0.5262524287983441,0.1186529801471552
-3.801,0.5049120790829789,0.1186529801471552
-3.8005,0.5582629533713921,0.06566978812131802
-3.8,0.6542945270905358,-0.05089323433552374
-3.7995,0.6009436528021226,-0.1144730647665284
-3.799,0.5049120790829789,-0.1250697031716958
-3.7985,0.4195506802215176,-0.1144730647665284
-3.798,0.3661998059331045,-0.08268314955102604
-3.7975,0.6436243522328531,0.2987958330350016
-3.797,0.6969752265212663,0.7438546460520338
-3.7965,-0.156638762093345,0.2034260873884947
-3.796,-1.074273799854052,-0.4429688553267188
-3.7955,-1.458400094730627,-0.2628260024388724
-3.795,-1.1062843244271,0.02328323450064829
-3.7945,-0.572775581542968,0.2564092794143318
-3.794,-0.1139580626626144,0.4365521323021782
-3.7935,0.1741366584948169,0.5637117931641874
-3.793,0.3128489316446912,0.6802748156210291
-3.7925,0.3661998059331045,0.775644561267536
-3.792,0.3661998059331045,0.849821030103708
-3.7915,0.3448594562177392,0.9028042221295453
-3.791,0.3235191065023739,0.9451907757502149
-3.7905,0.3021787567870086,0.9557874141553824
-3.79,0.291508581929326,0.9451907757502149
-3.7895,0.2381577076409128,0.849821030103708
-3.789,-0.2953510352432193,0.2352160026039969
-3.7885,-1.010252750707956,-0.6337083466197325
-3.788,-1.426389570157579,-1.354279758171118
-3.7875,-1.543761493592088,-1.746355379162313
-3.787,-0.9675720512772257,-1.407262950196955
-3.7865,-0.274010685527854,-0.7714646458869092
-3.786,0.2061471830678648,-0.2416327256285375
-3.7855,0.4515612047945656,0.1292496185523226
-3.785,0.5369226036560266,0.2881991946298341
-3.7845,0.5155822539406614,0.2881991946298341
-3.784,0.5049120790829789,0.1716361721729923
-3.7835,0.6222840025174878,-0.1038764263613609
-3.783,0.6116138276598051,-0.2310360872233701
-3.7825,0.5262524287983441,-0.2628260024388724
-3.782,0.4302208550792003,-0.2416327256285375
-3.7815,0.3661998059331045,-0.2416327256285375
-3.781,0.408880505363835,-0.01910331912002144
-3.7805,0.6436243522328531,0.5849050699745222
-3.78,0.2168173579255475,0.383568940276341
-3.7795,-0.4554036581084589,-0.2946159176543747
-3.779,-1.074273799854052,-0.07208651114585861
-3.7785,-1.042263275281004,0.2564092794143318
-3.778,-0.6261264558313813,0.3729723018711736
-3.7775,-0.2099896363817582,0.4153588554918433
-3.777,0.08877525963335578,0.457745409112513
-3.7765,0.2701682322139607,0.5319218779486851
-3.776,0.3448594562177392,0.627291623595192
-3.7755,0.3555296310754218,0.7226613692416989
-3.775,0.3448594562177392,0.8180311148882058
-3.7745,0.3235191065023739,0.9028042221295453
-3.774,0.3128489316446912,0.9663840525605498
-3.7735,0.3021787567870086,0.9875773293708847
-3.773,0.2701682322139607,0.9557874141553824
-3.7725,-0.2206598112394408,0.4259554938970107
-3.772,-0.9035510021311299,-0.3899856633008816
-3.7715,-1.330357996438436,-1.0999604364471
-3.771,-1.629122892453549,-1.587405803084801
-3.7705,-1.319687821580753,-1.650985633515806
-3.77,-0.5834457564006506,-1.131750351662602
-3.7695,0.02475421048725994,-0.4853554089473885
-3.769,0.3555296310754218,0.01268659609548085
-3.7685,0.5155822539406614,0.2881991946298341
-3.768,0.5475927785137094,0.383568940276341
-3.7675,0.5049120790829789,0.3305857482505039
-3.767,0.4942419042252961,0.383568940276341
-3.7665,0.4729015545099309,0.3623756634660061
-3.766,0.4195506802215176,0.1504428953626575
-3.7655,0.3768699807907871,-0.07208651114585861
-3.765,0.3341892813600565,-0.252229364033705
-3.7645,0.3768699807907871,-0.2946159176543747
-3.764,0.7716664505250448,0.1822328105781598
-3.7635,0.6009436528021226,0.4047622170866759
-3.763,-0.2526703358124887,-0.2628260024388724
-3.7625,-1.138294849000148,-0.6443049850249
-3.762,-1.30901764672307,-0.3370024712750445
-3.7615,-0.9035510021311299,-0.01910331912002144
-3.761,-0.4020527838200457,0.2246193641988295
-3.7605,-0.01792648894347063,0.4153588554918433
-3.76,0.2168173579255475,0.55311515475902
-3.7595,0.3341892813600565,0.6590815388106942
-3.759,0.3661998059331045,0.7438546460520338
-3.7585,0.3555296310754218,0.8180311148882058
-3.758,0.3341892813600565,0.8816109453192104
-3.7575,0.3128489316446912,0.9134008605347127
-3.757,0.3021787567870086,0.92399749893988
-3.7565,0.291508581929326,0.8922075837243778
-3.756,0.08877525963335578,0.6484849004055269
-3.7555,-0.6154562809736985,-0.1356663415768632
-3.755,-1.298347471865388,-0.9728007755850904
-3.7545,-1.437059745015262,-1.407262950196955
-3.754,-0.9248913518464952,-1.142346990067769
-3.7535,-0.2526703358124887,-0.6337083466197325
-3.753,0.2061471830678648,-0.1568596183871981
-3.7525,0.4622313796522482,0.1822328105781598
-3.752,0.5475927785137094,0.3623756634660061
-3.7515,0.5369226036560266,0.3623756634660061
-3.751,0.4835717293676135,0.2458126410091644
-3.7505,0.4942419042252961,0.1292496185523226
-3.75,0.5582629533713921,0.07626642652648545
-3.7495,0.5262524287983441,-0.008506680714854012
-3.749,0.4515612047945656,-0.09327978795619347
-3.7485,0.3875401556484697,-0.1462629799820306
-3.748,0.3448594562177392,-0.1674562567923655
-3.7475,0.6116138276598051,0.1716361721729923
-3.747,0.7396559259519968,0.7226613692416989
-3.7465,0.1314559590640864,0.309392471440169
-3.746,-0.4767440078238243,-0.2416327256285375
-3.7455,-0.8928808272734472,-0.008506680714854012
-3.745,-0.722158029550525,0.1928294489833272
-3.7445,-0.3700422592469978,0.309392471440169
-3.744,-0.03926683865883591,0.3941655786815084
-3.7435,0.1848068333524996,0.4789386859228479
-3.743,0.291508581929326,0.5637117931641874
-3.7425,0.3341892813600565,0.6590815388106942
-3.742,0.3448594562177392,0.7438546460520338
-3.7415,0.3341892813600565,0.8180311148882058
-3.741,0.3128489316446912,0.8816109453192104
-3.7405,0.3021787567870086,0.9134008605347127
-3.74,0.291508581929326,0.9345941373450475
-3.7395,0.2381577076409128,0.7968378380778709
-3.739,-0.3487019095316325,0.07626642652648545
-3.7385,-1.244996597576974,-0.7820612842920766
-3.738,-1.735824641030376,-1.407262950196955
-3.7375,-1.575772018165136,-1.608599079895136
-3.737,-0.9142211769888124,-1.248313374119443
-3.7365,-0.2526703358124887,-0.6760949002404023
-3.736,0.2061471830678648,-0.1780528951975329
-3.7355,0.4622313796522482,0.1292496185523226
-3.735,0.5475927785137094,0.2987958330350016
-3.7345,0.5369226036560266,0.309392471440169
-3.734,0.5049120790829789,0.2458126410091644
-3.7335,0.5582629533713921,0.2881991946298341
-3.733,0.5689331282290746,0.2140227257936621
-3.7325,0.5049120790829789,0.05507314971615059
-3.732,0.4302208550792003,-0.1144730647665284
-3.7315,0.3661998059331045,-0.2310360872233701
-3.731,0.4835717293676135,-0.1144730647665284
-3.7305,0.857027849386506,0.4683420475176805
-3.73,0.3235191065023739,0.3305857482505039
-3.7295,-0.4767440078238243,-0.3052125560595421
-3.729,-1.06360362499637,-0.06148987274069118
-3.7285,-1.020922925565639,0.2564092794143318
-3.728,-0.6154562809736985,0.3623756634660061
-3.7275,-0.1993194615240755,0.4153588554918433
-3.727,0.09944543449103843,0.457745409112513
-3.7265,0.2701682322139607,0.5213252395435176
-3.726,0.3341892813600565,0.6060983467848571
-3.7255,0.3555296310754218,0.7120647308365314
-3.725,0.3448594562177392,0.8074344764830383
-3.7245,0.3235191065023739,0.8816109453192104
-3.724,0.3021787567870086,0.9451907757502149
-3.7235,0.291508581929326,0.9663840525605498
-3.723,0.291508581929326,0.9345941373450475
-3.7225,-0.007256314085787988,0.6060983467848571
-3.722,-0.7008176798351597,-0.2098428104130352
-3.7215,-1.26633694729234,-0.9939940523954253
-3.721,-1.533091318734406,-1.47084278062796
-3.7205,-1.095614149569417,-1.290699927740113
-3.72,-0.4340633083930936,-0.6866915386455698
-3.7195,0.08877525963335578,-0.1356663415768632
-3.719,0.3875401556484697,0.1822328105781598
-3.7185,0.5155822539406614,0.309392471440169
-3.718,0.5262524287983441,0.2776025562246667
-3.7175,0.4835717293676135,0.1928294489833272
-3.717,0.6649647019482183,-0.05089323433552374
-3.7165,0.8463576745288233,-0.3158091944647096
-3.716,0.7609962756673623,-0.3475991096802118
-3.7155,0.6009436528021226,-0.2946159176543747
-3.715,0.4622313796522482,-0.2416327256285375
-3.7145,0.408880505363835,-0.1780528951975329
-3.714,0.7183155762366316,0.2776025562246667
-3.7135,0.4195506802215176,0.4683420475176805
-3.713,-0.4447334832507763,-0.2204394488182027
-3.7125,-1.212986073003927,-0.326405832869877
-3.712,-1.458400094730627,0.1610395337678249
-3.7115,-1.042263275281004,0.3411823866556712
-3.711,-0.5087545323968721,0.3517790250608387
-3.7105,-0.07127736323188383,0.3411823866556712
-3.71,0.1954770082101822,0.3517790250608387
-3.7095,0.3235191065023739,0.3941655786815084
-3.709,0.3661998059331045,0.4683420475176805
-3.7085,0.3555296310754218,0.5637117931641874
-3.708,0.3341892813600565,0.6484849004055269
-3.7075,0.3235191065023739,0.7226613692416989
-3.707,0.3021787567870086,0.775644561267536
-3.7065,0.291508581929326,0.8180311148882058
-3.706,0.08877525963335578,0.5955017083796896
-3.7055,-0.5834457564006506,-0.1250697031716958
-3.705,-0.9355615267041777,-0.7714646458869092
-3.7045,-1.1062843244271,-1.290699927740113
-3.704,-1.031593100423322,-1.502632695843462
-3.7035,-0.5087545323968721,-1.131750351662602
-3.703,0.01408403562957729,-0.474758770542221
-3.7025,0.3341892813600565,0.02328323450064829
-3.702,0.4942419042252961,0.3199891098453364
-3.7015,0.5369226036560266,0.457745409112513
-3.701,0.4942419042252961,0.457745409112513
-3.7005,0.5369226036560266,0.4471487707073456
-3.7,0.825017324813458,0.5955017083796896
-3.6995,0.8463576745288233,0.4895353243280153
-3.699,0.707645401378949,0.2458126410091644
-3.6985,0.5369226036560266,0.02328323450064829
-3.698,0.4195506802215176,-0.1250697031716958
-3.6975,0.3235191065023739,0.1186529801471552
-3.697,-0.1139580626626144,0.5743084315693548
-3.6965,-0.7114878546928423,0.08686306493165288
-3.696,-1.074273799854052,-0.4853554089473885
-3.6955,-1.30901764672307,-0.1356663415768632
-3.695,-0.9782422261349084,0.1504428953626575
-3.6945,-0.4874141826815069,0.2670059178194992
-3.694,-0.08194753808956648,0.3199891098453364
-3.6935,0.1848068333524996,0.3729723018711736
-3.693,0.3128489316446912,0.4365521323021782
-3.6925,0.3555296310754218,0.5107286011383502
-3.692,0.3555296310754218,0.5955017083796896
-3.6915,0.3341892813600565,0.6802748156210291
-3.691,0.3128489316446912,0.7438546460520338
-3.6905,0.3021787567870086,0.7862411996727035
-3.69,0.291508581929326,0.8180311148882058
-3.6895,0.2168173579255475,0.7332580076468663
-3.689,-0.3487019095316325,0.09745970333682032
-3.6885,-1.031593100423322,-0.718481453861072
-3.688,-1.543761493592088,-1.34368311976595
-3.6875,-1.757164990745741,-1.735758740757146
-3.687,-1.244996597576974,-1.650985633515806
-3.6865,-0.4980843575391895,-1.025783967610927
-3.686,0.0674349099179905,-0.3687923864905467
-3.6855,0.3875401556484697,0.08686306493165288
-3.685,0.5262524287983441,0.3517790250608387
-3.6845,0.5369226036560266,0.4259554938970107
-3.684,0.4942419042252961,0.3941655786815084
-3.6835,0.5049120790829789,0.4153588554918433
-3.683,0.4835717293676135,0.2987958330350016
-3.6825,0.4408910299368829,0.1080563417419877
-3.682,0.3875401556484697,-0.07208651114585861
-3.6815,0.3448594562177392,-0.2098428104130352
-3.681,0.4408910299368829,-0.1568596183871981
-3.6805,0.6969752265212663,0.3729723018711736
-3.68,0.1848068333524996,0.2140227257936621
-3.6795,-0.4340633083930936,-0.6019184314042303
-3.679,-0.9142211769888124,-1.142346990067769
-3.6785,-0.8181896032696687,-0.9092209451540858
-3.678,-0.4554036581084589,-0.4217755785163839
-3.6775,-0.1032878878049318,0.03387987290581572
-3.677,0.142126133921769,0.3729723018711736
-3.6765,0.2808384070716433,0.5849050699745222
-3.676,0.3341892813600565,0.701468092431364
-3.6755,0.3448594562177392,0.7544512844572011
-3.675,0.3341892813600565,0.775644561267536
-3.6745,0.3235191065023739,0.775644561267536
-3.674,0.3021787567870086,0.7650479228623686
-3.6735,0.291508581929326,0.7226613692416989
-3.673,0.2808384070716433,0.6696781772158616
-3.6725,-0.08194753808956648,0.1822328105781598
-3.672,-0.7861790786966207,-0.6760949002404023
-3.6715,-1.127624674142465,-1.396666311791788
-3.671,-1.458400094730627,-1.958288147265661
-3.6705,-1.319687821580753,-1.958288147265661
-3.67,-0.6794773301197943,-1.311893204550448
-3.6695,-0.1139580626626144,-0.5913217929990628
-3.669,0.2488278824985954,-0.08268314955102604
-3.6685,0.4408910299368829,0.1610395337678249
-3.668,0.4942419042252961,0.2140227257936621
-3.6675,0.4729015545099309,0.1822328105781598
-3.667,0.5262524287983441,-0.02969995752518888
-3.6665,0.5796033030867573,-0.2098428104130352
-3.666,0.5155822539406614,-0.2310360872233701
-3.6655,0.4408910299368829,-0.1886495336027004
-3.665,0.3768699807907871,-0.1250697031716958
-3.6645,0.3661998059331045,-0.04029659593035631
-3.664,0.6969752265212663,0.4153588554918433
-3.6635,0.4515612047945656,0.701468092431364
-3.663,-0.3700422592469978,0.02328323450064829
-3.6625,-1.095614149569417,-0.1886495336027004
-3.662,-1.255666772434657,0.1504428953626575
-3.6615,-0.8715404775580819,0.309392471440169
-3.661,-0.391382608962363,0.3729723018711736
-3.6605,-0.007256314085787988,0.4153588554918433
-3.66,0.2168173579255475,0.4683420475176805
-3.6595,0.3235191065023739,0.5319218779486851
-3.659,0.3555296310754218,0.6166949851900245
-3.6585,0.3555296310754218,0.701468092431364
-3.658,0.3341892813600565,0.7650479228623686
-3.6575,0.3128489316446912,0.8180311148882058
-3.657,0.3021787567870086,0.8392243916985406
-3.6565,0.291508581929326,0.8604176685088755
-3.656,0.1314559590640864,0.5955017083796896
-3.6555,-0.5941159312583333,-0.1780528951975329
-3.655,-1.244996597576974,-0.9622041371799229
-3.6545,-1.405049220442214,-1.439052865412457
-3.654,-1.234326422719292,-1.534422611058964
-3.6535,-0.6367966306890638,-1.089363798041932
-3.653,-0.06060718837420119,-0.4959520473525559
-3.6525,0.3021787567870086,-0.01910331912002144
-3.652,0.4622313796522482,0.2776025562246667
-3.6515,0.5155822539406614,0.3517790250608387
-3.651,0.5049120790829789,0.2776025562246667
-3.6505,0.5369226036560266,0.07626642652648545
-3.65,0.825017324813458,-0.326405832869877
-3.6495,0.8463576745288233,-0.4323722169215513
-3.649,0.707645401378949,-0.3687923864905467
-3.6485,0.5369226036560266,-0.2840192792492073
-3.648,0.408880505363835,-0.1886495336027004
-3.6475,0.2274875327832301,0.02328323450064829
-3.647,0.04609456020262521,0.3305857482505039
-3.6465,-0.4554036581084589,-0.1462629799820306
-3.646,-0.7755089038389382,-0.718481453861072
-3.6455,-0.9675720512772257,-0.4429688553267188
-3.645,-0.7114878546928423,-0.1144730647665284
-3.6445,-0.3166913849585846,0.09745970333682032
-3.644,0.00341386077189465,0.2352160026039969
-3.6435,0.2061471830678648,0.3305857482505039
-3.643,0.3128489316446912,0.4047622170866759
-3.6425,0.3448594562177392,0.4789386859228479
-3.642,0.3448594562177392,0.5425185163538525
-3.6415,0.3341892813600565,0.6060983467848571
-3.641,0.3128489316446912,0.6484849004055269
-3.6405,0.3021787567870086,0.6908714540261965
-3.64,0.291508581929326,0.701468092431364
-3.6395,0.2594980573562781,0.6484849004055269
-3.639,-0.2099896363817582,0.1080563417419877
-3.6385,-0.7968492535543035,-0.6443049850249
-3.638,-1.330357996438436,-1.290699927740113
-3.6375,-1.191645723288561,-1.502632695843462
-3.637,-0.5407650569699201,-1.068170521231597
-3.6365,0.04609456020262521,-0.4535654937318862
-3.636,0.3768699807907871,0.01268659609548085
-3.6355,0.5155822539406614,0.2776025562246667
-3.635,0.5369226036560266,0.3729723018711736
-3.6345,0.5049120790829789,0.4047622170866759
-3.634,0.4622313796522482,0.3517790250608387
-3.6335,0.5049120790829789,0.08686306493165288
-3.633,0.4942419042252961,-0.07208651114585861
-3.6325,0.4408910299368829,-0.1250697031716958
-3.632,0.3768699807907871,-0.1462629799820306
-3.6315,0.3448594562177392,-0.1462629799820306
-3.631,0.3982103305061524,-0.02969995752518888
-3.6305,0.7396559259519968,0.5213252395435176
-3.63,0.2168173579255475,0.55311515475902
-3.6295,-0.690147504977477,-0.1780528951975329
-3.629,-1.447729919872945,-0.1144730647665284
-3.6285,-1.533091318734406,0.2881991946298341
-3.628,-1.031593100423322,0.383568940276341
-3.6275,-0.4660738329661415,0.3517790250608387
-3.627,-0.02859666380115328,0.309392471440169
-3.6265,0.2274875327832301,0.3199891098453364
-3.626,0.3341892813600565,0.3623756634660061
-3.6255,0.3768699807907871,0.4471487707073456
-3.625,0.3555296310754218,0.5319218779486851
-3.6245,0.3341892813600565,0.627291623595192
-3.624,0.3128489316446912,0.701468092431364
-3.6235,0.3021787567870086,0.7650479228623686
-3.623,0.291508581929326,0.8074344764830383
-3.6225,0.1634664836371343,0.5107286011383502
-3.622,-0.2313299860971235,-0.2416327256285375
-3.6215,-0.4874141826815069,-0.7396747306714069
-3.621,-0.5834457564006506,-1.0999604364471
-3.6205,-0.4340633083930936,-1.142346990067769
-3.62,-0.03926683865883591,-0.7608680074817418
-3.6195,0.2594980573562781,-0.2734226408440398
-3.619,0.4195506802215176,0.1504428953626575
-3.6185,0.4622313796522482,0.4153588554918433
-3.618,0.4622313796522482,0.4789386859228479
-3.6175,0.4302208550792003,0.4153588554918433
-3.617,0.4302208550792003,0.2987958330350016
-3.6165,0.4302208550792003,0.1610395337678249
-3.616,0.408880505363835,0.05507314971615059
-3.6155,0.3875401556484697,-0.01910331912002144
-3.615,0.3661998059331045,-0.09327978795619347
-3.6145,0.3128489316446912,-0.1038764263613609
-3.614,-0.02859666380115328,0.3305857482505039
-3.6135,-0.7328282044082075,0.7120647308365314
-3.613,-1.277007122150022,0.08686306493165288
-3.6125,-1.607782542738184,-0.4323722169215513
-3.612,-1.661133417026597,-0.09327978795619347
-3.6115,-1.138294849000148,0.13984625695749
-3.611,-0.5300948821122373,0.2246193641988295
-3.6105,-0.06060718837420119,0.2564092794143318
-3.61,0.2168173579255475,0.2881991946298341
-3.6095,0.3448594562177392,0.3411823866556712
-3.609,0.3768699807907871,0.4153588554918433
-3.6085,0.3661998059331045,0.4895353243280153
-3.608,0.3448594562177392,0.5637117931641874
-3.6075,0.3235191065023739,0.6378882620003594
-3.607,0.3021787567870086,0.701468092431364
-3.6065,0.3021787567870086,0.7226613692416989
-3.606,0.2488278824985954,0.6060983467848571
-3.6055,-0.1032878878049318,-0.02969995752518888
-3.605,-0.6261264558313813,-0.7714646458869092
-3.6045,-1.180975548430879,-1.364876396576285
-3.604,-0.9995825758502737,-1.47084278062796
-3.6035,-0.423393133535411,-1.01518732920576
-3.603,0.08877525963335578,-0.4111789401112165
-3.6025,0.3875401556484697,0.09745970333682032
-3.602,0.5155822539406614,0.4047622170866759
-3.6015,0.5262524287983441,0.5213252395435176
-3.601,0.4835717293676135,0.5001319627331828
-3.6005,0.4408910299368829,0.4259554938970107
-3.6,0.4302208550792003,0.3729723018711736
-3.5995,0.3982103305061524,0.2140227257936621
-3.599,0.3661998059331045,0.03387987290581572
-3.5985,0.3448594562177392,-0.1144730647665284
-3.598,0.3341892813600565,-0.1886495336027004
-3.5975,0.3555296310754218,0.02328323450064829
-3.597,0.408880505363835,0.5319218779486851
-3.5965,-0.2953510352432193,0.1716361721729923
-3.596,-1.052933450138687,-0.4535654937318862
-3.5955,-1.543761493592088,-0.1250697031716958
-3.595,-1.298347471865388,0.1928294489833272
-3.5945,-0.7434983792658902,0.2881991946298341
-3.594,-0.2313299860971235,0.309392471440169
-3.5935,0.1101156093487211,0.3305857482505039
-3.593,0.291508581929326,0.3729723018711736
-3.5925,0.3661998059331045,0.4471487707073456
-3.592,0.3661998059331045,0.5425185163538525
-3.5915,0.3448594562177392,0.6378882620003594
-3.591,0.3235191065023739,0.7226613692416989
-3.5905,0.3128489316446912,0.7862411996727035
-3.59,0.291508581929326,0.8074344764830383
-3.5895,0.2488278824985954,0.7650479228623686
-3.589,-0.2846808603855366,0.1928294489833272
-3.5885,-1.031593100423322,-0.6231117082145651
-3.588,-1.447729919872945,-1.280103289334946
-3.5875,-1.30901764672307,-1.47084278062796
-3.587,-0.722158029550525,-1.01518732920576
-3.5865,-0.1139580626626144,-0.400582301706049
-3.586,0.291508581929326,0.04447651131098315
-3.5855,0.4835717293676135,0.2881991946298341
-3.585,0.5262524287983441,0.3623756634660061
-3.5845,0.5049120790829789,0.3411823866556712
-3.584,0.4622313796522482,0.2564092794143318
-3.5835,0.5262524287983441,-0.01910331912002144
-3.583,0.5369226036560266,-0.1886495336027004
-3.5825,0.4835717293676135,-0.2204394488182027
-3.582,0.4195506802215176,-0.2204394488182027
-3.5815,0.3768699807907871,-0.2310360872233701
-3.581,0.4195506802215176,-0.1356663415768632
-3.5805,0.7716664505250448,0.4153588554918433
-3.58,0.3128489316446912,0.383568940276341
-3.5795,-0.4340633083930936,-0.3475991096802118
-3.579,-1.042263275281004,-0.474758770542221
-3.5785,-1.074273799854052,-0.1462629799820306
-3.578,-0.6794773301197943,0.06566978812131802
-3.5775,-0.2526703358124887,0.2034260873884947
-3.577,0.0674349099179905,0.309392471440169
-3.5765,0.2488278824985954,0.383568940276341
-3.576,0.3341892813600565,0.457745409112513
-3.5755,0.3555296310754218,0.5319218779486851
-3.575,0.3448594562177392,0.5955017083796896
-3.5745,0.3235191065023739,0.6590815388106942
-3.574,0.3128489316446912,0.701468092431364
-3.5735,0.3021787567870086,0.7332580076468663
-3.573,0.291508581929326,0.701468092431364
-3.5725,0.02475421048725994,0.309392471440169
-3.572,-0.7008176798351597,-0.5171453241628908
-3.5715,-1.255666772434657,-1.258910012524611
-3.571,-1.490410619303675,-1.75695201756748
-3.5705,-1.159635198715513,-1.79933857118815
-3.57,-0.4660738329661415,-1.237716735714276
-3.5695,0.08877525963335578,-0.5807251545938954
-3.569,0.408880505363835,-0.1038764263613609
-3.5685,0.5262524287983441,0.1928294489833272
-3.568,0.5369226036560266,0.3411823866556712
-3.5675,0.4942419042252961,0.3517790250608387
-3.567,0.5475927785137094,0.3411823866556712
-3.5665,0.6436243522328531,0.2987958330350016
-3.566,0.5902734779444399,0.13984625695749
-3.5655,0.4942419042252961,-0.04029659593035631
-3.565,0.408880505363835,-0.1886495336027004
-3.5645,0.3555296310754218,-0.2628260024388724
-3.564,0.4515612047945656,0.02328323450064829
-3.5635,0.5369226036560266,0.5107286011383502
-3.563,-0.02859666380115328,0.05507314971615059
-3.5625,-0.6474668055467465,-0.7396747306714069
-3.562,-0.690147504977477,-0.8668343915334161
-3.5615,-0.423393133535411,-0.5277419625680583
-3.561,-0.1139580626626144,-0.1144730647665284
-3.5605,0.1207857842064037,0.2352160026039969
-3.56,0.2594980573562781,0.4789386859228479
-3.5595,0.3235191065023739,0.627291623595192
-3.559,0.3341892813600565,0.701468092431364
-3.5585,0.3341892813600565,0.7332580076468663
-3.558,0.3128489316446912,0.7438546460520338
-3.5575,0.3021787567870086,0.7438546460520338
-3.557,0.3021787567870086,0.7120647308365314
-3.5565,0.291508581929326,0.6696781772158616
-3.556,0.1527963087794516,0.4047622170866759
-3.5555,-0.5194247072545548,-0.4111789401112165
-3.555,-1.180975548430879,-1.258910012524611
-3.5545,-1.789175515318789,-1.937094870455327
-3.554,-2.07727023647622,-2.413943598687861
-3.5535,-1.373038695869166,-2.085447808127671
-3.553,-0.5407650569699201,-1.301296566145281
-3.5525,0.05676473506030786,-0.6019184314042303
-3.552,0.3875401556484697,-0.1144730647665284
-3.5515,0.5155822539406614,0.1610395337678249
-3.551,0.5155822539406614,0.2458126410091644
-3.5505,0.5155822539406614,0.2458126410091644
-3.55,0.6542945270905358,0.3199891098453364
-3.5495,0.6329541773751706,0.2034260873884947
-3.549,0.5369226036560266,0.01268659609548085
-3.5485,0.4302208550792003,-0.1568596183871981
-3.548,0.3661998059331045,-0.2416327256285375
-3.5475,0.3875401556484697,-0.06148987274069118
-3.547,0.5369226036560266,0.5001319627331828
-3.5465,-0.04993701351651855,0.2776025562246667
-3.546,-0.7968492535543035,-0.4429688553267188
-3.5455,-1.223656247861609,-0.474758770542221
-3.545,-0.9889124009925911,-0.2098428104130352
-3.5445,-0.5300948821122373,0.06566978812131802
-3.544,-0.1139580626626144,0.2987958330350016
-3.5435,0.1527963087794516,0.4789386859228479
-3.543,0.3021787567870086,0.6166949851900245
-3.5425,0.3555296310754218,0.7226613692416989
-3.542,0.3555296310754218,0.8074344764830383
-3.5415,0.3448594562177392,0.8816109453192104
-3.541,0.3235191065023739,0.92399749893988
-3.5405,0.3021787567870086,0.9345941373450475
-3.54,0.3021787567870086,0.9134008605347127
-3.5395,0.2701682322139607,0.849821030103708
-3.539,-0.2099896363817582,0.2987958330350016
-3.5385,-1.074273799854052,-0.5807251545938954
-3.538,-1.533091318734406,-1.290699927740113
-3.5375,-1.405049220442214,-1.661582271920973
-3.537,-0.7861790786966207,-1.42845622700729
-3.5365,-0.1459685872356623,-0.8562377531282487
-3.536,0.2808384070716433,-0.3370024712750445
-3.5355,0.5049120790829789,-0.02969995752518888
-3.535,0.5689331282290746,0.1504428953626575
-3.5345,0.5475927785137094,0.1716361721729923
-3.534,0.4835717293676135,0.1186529801471552
-3.5335,0.5369226036560266,0.09745970333682032
-3.533,0.5369226036560266,0.03387987290581572
-3.5325,0.4835717293676135,-0.08268314955102604
-3.532,0.4195506802215176,-0.1992461720078678
-3.5315,0.3555296310754218,-0.2734226408440398
-3.531,0.3768699807907871,-0.252229364033705
-3.5305,0.707645401378949,0.2458126410091644
-3.53,0.3235191065023739,0.3517790250608387
-3.5295,-0.4340633083930936,-0.3370024712750445
-3.529,-1.148965023857831,-0.326405832869877
-3.5285,-1.351698346153801,0.1610395337678249
-3.528,-0.9462317015618604,0.3411823866556712
-3.5275,-0.4447334832507763,0.3517790250608387
-3.527,-0.03926683865883591,0.3517790250608387
-3.5265,0.2061471830678648,0.3729723018711736
-3.526,0.3341892813600565,0.4365521323021782
-3.5255,0.3661998059331045,0.5213252395435176
-3.525,0.3555296310754218,0.6166949851900245
-3.5245,0.3341892813600565,0.7120647308365314
-3.524,0.3128489316446912,0.7862411996727035
-3.5235,0.3021787567870086,0.8392243916985406
-3.523,0.291508581929326,0.849821030103708
-3.5225,0.02475421048725994,0.55311515475902
-3.522,-0.658136980404429,-0.2310360872233701
-3.5215,-1.159635198715513,-0.9833974139902578
-3.521,-1.244996597576974,-1.481439419033127
-3.5205,-0.9675720512772257,-1.555615887869299
-3.52,-0.4127229586777283,-1.036380606016095
-3.5195,0.08877525963335578,-0.4323722169215513
-3.519,0.3982103305061524,-0.01910331912002144
-3.5185,0.5369226036560266,0.2140227257936621
-3.518,0.5582629533713921,0.3517790250608387
-3.5175,0.5262524287983441,0.3623756634660061
-3.517,0.5475927785137094,0.3941655786815084
-3.5165,0.7609962756673623,0.5637117931641874
-3.516,0.7609962756673623,0.3941655786815084
-3.5155,0.6436243522328531,0.09745970333682032
-3.515,0.5049120790829789,-0.1780528951975329
-3.5145,0.408880505363835,-0.3370024712750445
-3.514,0.3235191065023739,0.01268659609548085
-3.5135,-0.124628237520297,0.5107286011383502
-3.513,-0.8715404775580819,0.02328323450064829
-3.5125,-1.319687821580753,-0.718481453861072
-3.512,-1.06360362499637,-0.7820612842920766
-3.5115,-0.572775581542968,-0.4535654937318862
-3.511,-0.1352984123779797,-0.05089323433552374
-3.5105,0.1527963087794516,0.2776025562246667
-3.51,0.3021787567870086,0.5107286011383502
-3.5095,0.3555296310754218,0.6590815388106942
-3.509,0.3555296310754218,0.7544512844572011
-3.5085,0.3448594562177392,0.8074344764830383
-3.508,0.3235191065023739,0.8286277532933731
-3.5075,0.3128489316446912,0.8286277532933731
-3.507,0.3021787567870086,0.8074344764830383
-3.5065,0.291508581929326,0.7650479228623686
-3.506,0.1848068333524996,0.55311515475902
-3.5055,-0.4447334832507763,-0.2204394488182027
-3.505,-1.010252750707956,-1.025783967610927
-3.5045,-1.51175096901904,-1.693372187136476
-3.504,-1.682473766741963,-2.085447808127671
-3.5035,-1.127624674142465,-1.75695201756748
-3.503,-0.423393133535411,-1.089363798041932
-3.5025,0.1101156093487211,-0.570128516188728
-3.502,0.4302208550792003,-0.1568596183871981
-3.5015,0.5369226036560266,0.08686306493165288
-3.501,0.5369226036560266,0.1610395337678249
-3.5005,0.4942419042252961,0.1080563417419877
-3.5,0.4729015545099309,0.04447651131098315
-3.4995,0.4195506802215176,-0.01910331912002144
-3.499,0.3768699807907871,-0.08268314955102604
-3.4985,0.3448594562177392,-0.1356663415768632
-3.498,0.3341892813600565,-0.1568596183871981
-3.4975,0.4515612047945656,0.02328323450064829
-3.497,0.6649647019482183,0.6060983467848571
-3.4965,0.00341386077189465,0.3941655786815084
-3.496,-0.9142211769888124,-0.4429688553267188
-3.4955,-1.405049220442214,-0.7290780922662394
-3.495,-1.127624674142465,-0.4959520473525559
-3.4945,-0.6047861061160158,-0.1462629799820306
-3.494,-0.156638762093345,0.1610395337678249
-3.4935,0.142126133921769,0.3941655786815084
-3.493,0.3021787567870086,0.5425185163538525
-3.4925,0.3661998059331045,0.6484849004055269
-3.492,0.3661998059331045,0.701468092431364
-3.4915,0.3448594562177392,0.7332580076468663
-3.491,0.3235191065023739,0.7438546460520338
-3.4905,0.3021787567870086,0.7332580076468663
-3.49,0.291508581929326,0.701468092431364
-3.4895,0.2808384070716433,0.6378882620003594
-3.489,-0.1352984123779797,0.1504428953626575
-3.4885,-0.722158029550525,-0.6760949002404023
-3.488,-0.9142211769888124,-1.34368311976595
-3.4875,-1.095614149569417,-1.820531847998485
-3.487,-0.7755089038389382,-1.703968825541643
-3.4865,-0.2420001609548061,-1.174136905283272
-3.486,0.142126133921769,-0.6019184314042303
-3.4855,0.3768699807907871,-0.1992461720078678
-3.485,0.4835717293676135,0.07626642652648545
-3.4845,0.4942419042252961,0.1928294489833272
-3.484,0.4622313796522482,0.2034260873884947
-3.4835,0.5796033030867573,0.2034260873884947
-3.483,0.6436243522328531,0.13984625695749
-3.4825,0.5796033030867573,0.06566978812131802
-3.482,0.4729015545099309,-0.008506680714854012
-3.4815,0.3875401556484697,-0.06148987274069118
-3.481,0.3875401556484697,-0.02969995752518888
-3.4805,0.6969752265212663,0.4471487707073456
-3.48,0.3661998059331045,0.5107286011383502
-3.4795,-0.3273615598162672,-0.2628260024388724
-3.479,-1.042263275281004,-0.3793890248957141
-3.4785,-1.394379045584531,0.1610395337678249
-3.478,-1.052933450138687,0.3517790250608387
-3.4775,-0.5300948821122373,0.3411823866556712
-3.477,-0.1032878878049318,0.2987958330350016
-3.4765,0.1741366584948169,0.2776025562246667
-3.476,0.3128489316446912,0.309392471440169
-3.4755,0.3661998059331045,0.3729723018711736
-3.475,0.3661998059331045,0.457745409112513
-3.4745,0.3448594562177392,0.5425185163538525
-3.474,0.3235191065023739,0.627291623595192
-3.4735,0.3021787567870086,0.6908714540261965
-3.473,0.3021787567870086,0.7226613692416989
-3.4725,0.1314559590640864,0.5743084315693548
-3.472,-0.5514352318276028,-0.1250697031716958
-3.4715,-1.159635198715513,-0.8774310299385835
-3.471,-1.180975548430879,-1.333086481360783
-3.4705,-0.658136980404429,-1.216523458903942
-3.47,-0.08194753808956648,-0.6866915386455698
-3.4695,0.3235191065023739,-0.1250697031716958
-3.469,0.5262524287983441,0.2140227257936621
-3.4685,0.5902734779444399,0.3941655786815084
-3.468,0.5582629533713921,0.457745409112513
-3.4675,0.4942419042252961,0.4471487707073456
-3.467,0.4835717293676135,0.4259554938970107
-3.4665,0.5155822539406614,0.4047622170866759
-3.466,0.4835717293676135,0.2776025562246667
-3.4655,0.4515612047945656,0.1292496185523226
-3.465,0.3982103305061524,-0.04029659593035631
-3.4645,0.3661998059331045,-0.1462629799820306
-3.464,0.6009436528021226,0.09745970333682032
-3.4635,0.6009436528021226,0.4895353243280153
-3.463,-0.1352984123779797,-0.04029659593035631
-3.4625,-0.9142211769888124,-0.6443049850249
-3.462,-1.234326422719292,-0.5595318777835605
-3.4615,-0.9248913518464952,-0.3052125560595421
-3.461,-0.4554036581084589,-0.07208651114585861
-3.4605,-0.06060718837420119,0.09745970333682032
-3.46,0.1848068333524996,0.2246193641988295
-3.4595,0.3128489316446912,0.3199891098453364
-3.459,0.3555296310754218,0.3941655786815084
-3.4585,0.3555296310754218,0.457745409112513
-3.458,0.3341892813600565,0.5107286011383502
-3.4575,0.3128489316446912,0.55311515475902
-3.457,0.3021787567870086,0.5849050699745222
-3.4565,0.291508581929326,0.5955017083796896
-3.456,0.2381577076409128,0.5213252395435176
-3.4555,-0.3060212101009019,-0.06148987274069118
-3.455,-0.9248913518464952,-0.8350444763179138
-3.4545,-1.191645723288561,-1.460246142222792
-3.454,-0.9889124009925911,-1.640388995110639
-3.4535,-0.4447334832507763,-1.184733543688439
-3.453,0.0674349099179905,-0.5913217929990628
-3.4525,0.3661998059331045,-0.1038764263613609
-3.452,0.5049120790829789,0.2034260873884947
-3.4515,0.5262524287983441,0.3517790250608387
-3.451,0.4942419042252961,0.383568940276341
-3.4505,0.4622313796522482,0.3623756634660061
-3.45,0.5049120790829789,0.3199891098453364
-3.4495,0.4942419042252961,0.2352160026039969
-3.449,0.4408910299368829,0.13984625695749
-3.4485,0.3982103305061524,0.05507314971615059
-3.448,0.3555296310754218,-0.02969995752518888
-3.4475,0.4835717293676135,0.06566978812131802
-3.447,0.857027849386506,0.5743084315693548
-3.4465,0.3555296310754218,0.4047622170866759
-3.446,-0.4447334832507763,-0.474758770542221
-3.4455,-1.06360362499637,-0.9410108603695881
-3.445,-0.9569018764195432,-0.7502713690765743
-3.4445,-0.5514352318276028,-0.3899856633008816
-3.444,-0.156638762093345,-0.05089323433552374
-3.4435,0.1207857842064037,0.1928294489833272
-3.443,0.2701682322139607,0.3517790250608387
-3.4425,0.3341892813600565,0.457745409112513
-3.442,0.3448594562177392,0.5107286011383502
-3.4415,0.3341892813600565,0.5425185163538525
-3.441,0.3235191065023739,0.5637117931641874
-3.4405,0.3021787567870086,0.5743084315693548
-3.44,0.291508581929326,0.5743084315693548
-3.4395,0.2808384070716433,0.5213252395435176
-3.439,-0.1352984123779797,-0.05089323433552374
-3.4385,-0.839529952985034,-0.8880276683437509
-3.438,-1.373038695869166,-1.587405803084801
-3.4375,-1.362368521011484,-1.84172512480882
-3.437,-0.7008176798351597,-1.502632695843462
-3.4365,-0.07127736323188383,-0.9092209451540858
-3.436,0.3341892813600565,-0.3158091944647096
-3.4355,0.5155822539406614,0.07626642652648545
-3.435,0.5689331282290746,0.2987958330350016
-3.4345,0.5475927785137094,0.3729723018711736
-3.434,0.4835717293676135,0.3199891098453364
-3.4335,0.5262524287983441,0.3411823866556712
-3.433,0.5369226036560266,0.2987958330350016
-3.4325,0.4729015545099309,0.1716361721729923
-3.432,0.408880505363835,0.03387987290581572
-3.4315,0.3555296310754218,-0.07208651114585861
-3.431,0.3661998059331045,-0.06148987274069118
-3.4305,0.7183155762366316,0.4365521323021782
-3.43,0.4942419042252961,0.6802748156210291
-3.4295,-0.3273615598162672,-0.04029659593035631
-3.429,-1.052933450138687,-0.2628260024388724
-3.4285,-1.277007122150022,0.1186529801471552
-3.428,-0.9142211769888124,0.2564092794143318
-3.4275,-0.4340633083930936,0.2776025562246667
-3.427,-0.03926683865883591,0.2881991946298341
-3.4265,0.2061471830678648,0.3199891098453364
-3.426,0.3128489316446912,0.383568940276341
-3.4255,0.3555296310754218,0.4789386859228479
-3.425,0.3448594562177392,0.5743084315693548
-3.4245,0.3341892813600565,0.6696781772158616
-3.424,0.3128489316446912,0.7332580076468663
-3.4235,0.291508581929326,0.7862411996727035
-3.423,0.291508581929326,0.8286277532933731
-3.4225,0.142126133921769,0.6060983467848571
-3.422,-0.4554036581084589,-0.1144730647665284
-3.4215,-0.807519428411986,-0.7820612842920766
-3.421,-0.9355615267041777,-1.184733543688439
-3.4205,-0.5834457564006506,-0.9728007755850904
-3.42,-0.04993701351651855,-0.5489352393783931
-3.4195,0.3341892813600565,-0.1038764263613609
-3.419,0.5262524287983441,0.2352160026039969
-3.4185,0.5796033030867573,0.4047622170866759
-3.418,0.5475927785137094,0.3941655786815084
-3.4175,0.4835717293676135,0.2987958330350016
-3.417,0.4622313796522482,0.2034260873884947
-3.4165,0.5262524287983441,0.1504428953626575
-3.416,0.4942419042252961,0.002089957690313421
-3.4155,0.4302208550792003,-0.1674562567923655
-3.415,0.3661998059331045,-0.2946159176543747
-3.4145,0.3341892813600565,-0.3475991096802118
-3.414,0.3875401556484697,0.002089957690313421
-3.4135,0.3982103305061524,0.5637117931641874
-3.413,-0.2206598112394408,0.1504428953626575
-3.4125,-1.06360362499637,-0.718481453861072
-3.412,-1.26633694729234,-0.9516074987747555
-3.4115,-0.8928808272734472,-0.6019184314042303
-3.411,-0.4127229586777283,-0.1250697031716958
-3.4105,-0.02859666380115328,0.2776025562246667
-3.41,0.2061471830678648,0.55311515475902
-3.4095,0.3128489316446912,0.7226613692416989
-3.409,0.3555296310754218,0.8180311148882058
-3.4085,0.3448594562177392,0.849821030103708
-3.408,0.3235191065023739,0.8604176685088755
-3.4075,0.3128489316446912,0.8286277532933731
-3.407,0.291508581929326,0.7968378380778709
-3.4065,0.2808384070716433,0.7226613692416989
-3.406,0.2274875327832301,0.457745409112513
-3.4055,-0.3273615598162672,-0.3687923864905467
-3.405,-0.9675720512772257,-1.269506650929778
-3.4045,-1.244996597576974,-1.926498232050159
-3.404,-0.9355615267041777,-2.085447808127671
-3.4035,-0.3273615598162672,-1.629792356705471
-3.403,0.1634664836371343,-1.068170521231597
-3.4025,0.4302208550792003,-0.5171453241628908
-3.402,0.5369226036560266,-0.1886495336027004
-3.4015,0.5369226036560266,-0.05089323433552374
-3.401,0.4729015545099309,-0.02969995752518888
-3.4005,0.4302208550792003,-0.05089323433552374
-3.4,0.5155822539406614,0.02328323450064829
-3.3995,0.5155822539406614,0.002089957690313421
-3.399,0.4515612047945656,-0.07208651114585861
-3.3985,0.3875401556484697,-0.1250697031716958
-3.398,0.3341892813600565,-0.1568596183871981
-3.3975,0.3021787567870086,-0.008506680714854012
-3.397,0.1527963087794516,0.5849050699745222
-3.3965,-0.4554036581084589,0.5955017083796896
-3.396,-1.1062843244271,-0.1250697031716958
-3.3955,-1.586442193022819,-0.04029659593035631
-3.395,-1.426389570157579,0.2776025562246667
-3.3945,-0.8608703027003992,0.3623756634660061
-3.394,-0.3166913849585846,0.3729723018711736
-3.3935,0.05676473506030786,0.4047622170866759
-3.393,0.2594980573562781,0.4683420475176805
-3.3925,0.3448594562177392,0.55311515475902
-3.392,0.3661998059331045,0.6590815388106942
-3.3915,0.3448594562177392,0.7650479228623686
-3.391,0.3235191065023739,0.8604176685088755
-3.3905,0.3128489316446912,0.92399749893988
-3.39,0.291508581929326,0.9557874141553824
-3.3895,0.2808384070716433,0.92399749893988
-3.389,-0.007256314085787988,0.5743084315693548
-3.3885,-0.5621054066852853,-0.1780528951975329
-3.388,-0.8715404775580819,-0.8668343915334161
-3.3875,-0.9248913518464952,-1.195330182093607
-3.387,-0.4127229586777283,-0.9939940523954253
-3.3865,0.09944543449103843,-0.5489352393783931
-3.386,0.4195506802215176,-0.1038764263613609
-3.3855,0.5475927785137094,0.1716361721729923
-3.385,0.5689331282290746,0.2458126410091644
-3.3845,0.5155822539406614,0.1928294489833272
-3.384,0.4515612047945656,0.09745970333682032
-3.3835,0.5155822539406614,-0.1144730647665284
-3.383,0.5796033030867573,-0.2946159176543747
-3.3825,0.5369226036560266,-0.3370024712750445
-3.382,0.4622313796522482,-0.3370024712750445
-3.3815,0.3982103305061524,-0.3370024712750445
-3.381,0.3661998059331045,-0.2840192792492073
-3.3805,0.6436243522328531,0.1928294489833272
-3.38,0.5049120790829789,0.55311515475902
-3.3795,-0.1032878878049318,-0.1038764263613609
-3.379,-0.7648387289812555,-0.9304142219644207
-3.3785,-1.020922925565639,-0.9939940523954253
-3.378,-0.7434983792658902,-0.6019184314042303
-3.3775,-0.3380317346739499,-0.1568596183871981
-3.377,-0.007256314085787988,0.2034260873884947
-3.3765,0.1954770082101822,0.4471487707073456
-3.376,0.3021787567870086,0.5955017083796896
-3.3755,0.3341892813600565,0.6908714540261965
-3.375,0.3341892813600565,0.7332580076468663
-3.3745,0.3235191065023739,0.7544512844572011
-3.374,0.3021787567870086,0.7438546460520338
-3.3735,0.291508581929326,0.7332580076468663
-3.373,0.2808384070716433,0.6908714540261965
-3.3725,0.09944543449103843,0.3411823866556712
-3.372,-0.5407650569699201,-0.5065486857577234
-3.3715,-1.010252750707956,-1.248313374119443
-3.371,-1.1062843244271,-1.75695201756748
-3.3705,-0.9355615267041777,-1.820531847998485
-3.37,-0.423393133535411,-1.311893204550448
-3.3695,0.05676473506030786,-0.7396747306714069
-3.369,0.3555296310754218,-0.2628260024388724
-3.3685,0.4835717293676135,-0.008506680714854012
-3.368,0.4942419042252961,0.07626642652648545
-3.3675,0.4622313796522482,0.05507314971615059
-3.367,0.4302208550792003,-0.06148987274069118
-3.3665,0.3768699807907871,-0.2734226408440398
-3.366,0.3448594562177392,-0.2946159176543747
-3.3655,0.3235191065023739,-0.2416327256285375
-3.365,0.3235191065023739,-0.1886495336027004
-3.3645,0.3128489316446912,-0.1356663415768632
-3.364,0.5155822539406614,0.1716361721729923
-3.3635,0.6222840025174878,0.627291623595192
-3.363,-0.1459685872356623,0.13984625695749
-3.3625,-0.9569018764195432,-0.6019184314042303
-3.362,-1.362368521011484,-0.4853554089473885
-3.3615,-1.084943974711735,-0.1886495336027004
-3.361,-0.572775581542968,0.05507314971615059
-3.3605,-0.1352984123779797,0.2246193641988295
-3.36,0.142126133921769,0.3517790250608387
-3.3595,0.291508581929326,0.4471487707073456
-3.359,0.3448594562177392,0.5213252395435176
-3.3585,0.3448594562177392,0.5849050699745222
-3.358,0.3235191065023739,0.6378882620003594
-3.3575,0.3128489316446912,0.6696781772158616
-3.357,0.291508581929326,0.6908714540261965
-3.3565,0.2808384070716433,0.6908714540261965
-3.356,0.2274875327832301,0.5743084315693548
-3.3555,-0.3166913849585846,-0.06148987274069118
-3.355,-0.8181896032696687,-0.8138511995075789
-3.3545,-1.148965023857831,-1.42845622700729
-3.354,-1.490410619303675,-1.905304955239825
-3.3535,-1.138294849000148,-1.852321763213987
-3.353,-0.4874141826815069,-1.237716735714276
-3.3525,0.04609456020262521,-0.570128516188728
-3.352,0.3661998059331045,-0.07208651114585861
-3.3515,0.4942419042252961,0.1716361721729923
-3.351,0.5049120790829789,0.2140227257936621
-3.3505,0.4622313796522482,0.1504428953626575
-3.35,0.4729015545099309,0.07626642652648545
-3.3495,0.4408910299368829,0.002089957690313421
-3.349,0.3982103305061524,-0.07208651114585861
-3.3485,0.3555296310754218,-0.1250697031716958
-3.348,0.3235191065023739,-0.1674562567923655
-3.3475,0.3768699807907871,-0.1038764263613609
-3.347,0.707645401378949,0.3729723018711736
-3.3465,0.2488278824985954,0.2776025562246667
-3.346,-0.572775581542968,-0.4323722169215513
-3.3455,-1.30901764672307,-0.2946159176543747
-3.345,-1.383708870726849,0.1504428953626575
-3.3445,-0.9142211769888124,0.2987958330350016
-3.344,-0.391382608962363,0.3199891098453364
-3.3435,-0.007256314085787988,0.3305857482505039
-3.343,0.2274875327832301,0.3517790250608387
-3.3425,0.3341892813600565,0.4047622170866759
-3.342,0.3555296310754218,0.4789386859228479
-3.3415,0.3448594562177392,0.55311515475902
-3.341,0.3235191065023739,0.627291623595192
-3.3405,0.291508581929326,0.6696781772158616
-3.34,0.2808384070716433,0.7120647308365314
-3.3395,0.2701682322139607,0.7226613692416989
-3.339,-0.04993701351651855,0.3729723018711736
-3.3385,-0.7434983792658902,-0.4111789401112165
-3.338,-1.148965023857831,-1.142346990067769
-3.3375,-1.415719395299897,-1.650985633515806
-3.337,-1.095614149569417,-1.735758740757146
-3.3365,-0.4660738329661415,-1.269506650929778
-3.336,0.04609456020262521,-0.5807251545938954
-3.3355,0.3661998059331045,-0.04029659593035631
-3.335,0.4942419042252961,0.2670059178194992
-3.3345,0.4942419042252961,0.3517790250608387
-3.334,0.4622313796522482,0.2881991946298341
-3.3335,0.4408910299368829,0.2246193641988295
-3.333,0.4302208550792003,0.1292496185523226
-3.3325,0.3982103305061524,-0.008506680714854012
-3.332,0.3661998059331045,-0.1250697031716958
-3.3315,0.3341892813600565,-0.2098428104130352
-3.331,0.2594980573562781,-0.2204394488182027
-3.3305,-0.02859666380115328,0.2458126410091644
-3.33,-0.3807124341046804,0.6908714540261965
-3.3295,-0.722158029550525,0.09745970333682032
-3.329,-1.074273799854052,-0.6972881770507372
-3.3285,-0.8715404775580819,-0.792657922697244
-3.328,-0.4554036581084589,-0.4853554089473885
-3.3275,-0.08194753808956648,-0.09327978795619347
-3.327,0.1634664836371343,0.2352160026039969
-3.3265,0.291508581929326,0.4683420475176805
-3.326,0.3341892813600565,0.6166949851900245
-3.3255,0.3448594562177392,0.7120647308365314
-3.325,0.3341892813600565,0.7544512844572011
-3.3245,0.3128489316446912,0.775644561267536
-3.324,0.3021787567870086,0.775644561267536
-3.3235,0.291508581929326,0.7544512844572011
-3.323,0.2808384070716433,0.6908714540261965
-3.3225,0.1848068333524996,0.5107286011383502
-3.322,-0.4020527838200457,-0.1992461720078678
-3.3215,-0.8608703027003992,-1.004590690800593
-3.321,-0.9995825758502737,-1.545019249464132
-3.3205,-0.5941159312583333,-1.566212526274467
-3.32,-0.06060718837420119,-1.152943628472937
-3.3195,0.3021787567870086,-0.6125150698093976
-3.319,0.4835717293676135,-0.1780528951975329
-3.3185,0.5155822539406614,0.04447651131098315
-3.318,0.4942419042252961,0.09745970333682032
-3.3175,0.4408910299368829,0.05507314971615059
-3.317,0.408880505363835,0.03387987290581572
-3.3165,0.4408910299368829,0.06566978812131802
-3.316,0.4302208550792003,0.01268659609548085
-3.3155,0.4195506802215176,-0.07208651114585861
-3.315,0.3875401556484697,-0.1568596183871981
-3.3145,0.3555296310754218,-0.2098428104130352
-3.314,0.2061471830678648,0.04447651131098315
-3.3135,-0.04993701351651855,0.5213252395435176
-3.313,-0.7114878546928423,0.05507314971615059
-3.3125,-1.255666772434657,-0.5595318777835605
-3.312,-1.607782542738184,-0.1568596183871981
-3.3115,-1.330357996438436,0.2352160026039969
-3.311,-0.754168554123573,0.3623756634660061
-3.3105,-0.2313299860971235,0.3941655786815084
-3.31,0.1101156093487211,0.4259554938970107
-3.3095,0.291508581929326,0.4895353243280153
-3.309,0.3555296310754218,0.5743084315693548
-3.3085,0.3661998059331045,0.6802748156210291
-3.308,0.3448594562177392,0.775644561267536
-3.3075,0.3235191065023739,0.8604176685088755
-3.307,0.3021787567870086,0.9134008605347127
-3.3065,0.291508581929326,0.9345941373450475
-3.306,0.2808384070716433,0.8922075837243778
-3.3055,0.3341892813600565,0.5319218779486851
-3.305,0.2808384070716433,-0.2310360872233701
-3.3045,-0.156638762093345,-0.9728007755850904
-3.304,-0.4340633083930936,-1.322489842955616
-3.3035,-0.2206598112394408,-1.131750351662602
-3.303,0.1101156093487211,-0.6654982618352349
-3.3025,0.3555296310754218,-0.252229364033705
-3.302,0.4942419042252961,0.002089957690313421
-3.3015,0.5155822539406614,0.13984625695749
-3.301,0.4729015545099309,0.1610395337678249
-3.3005,0.4302208550792003,0.1186529801471552
-3.3,0.4942419042252961,0.03387987290581572
-3.2995,0.4942419042252961,-0.07208651114585861
-3.299,0.4408910299368829,-0.1886495336027004
-3.2985,0.3875401556484697,-0.2946159176543747
-3.298,0.3448594562177392,-0.3793890248957141
-3.2975,0.3235191065023739,-0.3052125560595421
-3.297,0.4622313796522482,0.2564092794143318
-3.2965,0.07810508477567314,0.2987958330350016
-3.296,-0.6474668055467465,-0.474758770542221
-3.2955,-1.330357996438436,-0.9198175835592532
-3.295,-1.298347471865388,-0.6337083466197325
-3.2945,-0.8181896032696687,-0.2734226408440398
-3.294,-0.3273615598162672,0.02328323450064829
-3.2935,0.03542438534494258,0.2352160026039969
-3.293,0.2381577076409128,0.383568940276341
-3.2925,0.3341892813600565,0.4895353243280153
-3.292,0.3555296310754218,0.5637117931641874
-3.2915,0.3448594562177392,0.6166949851900245
-3.291,0.3235191065023739,0.6590815388106942
-3.2905,0.3021787567870086,0.6908714540261965
-3.29,0.291508581929326,0.701468092431364
-3.2895,0.2808384070716433,0.6696781772158616
-3.289,0.02475421048725994,0.2776025562246667
-3.2885,-0.7114878546928423,-0.5595318777835605
-3.288,-1.298347471865388,-1.354279758171118
-3.2875,-1.447729919872945,-1.79933857118815
-3.287,-0.8715404775580819,-1.587405803084801
-3.2865,-0.1993194615240755,-1.036380606016095
-3.286,0.2488278824985954,-0.4429688553267188
-3.2855,0.4835717293676135,-0.06148987274069118
-3.285,0.5582629533713921,0.13984625695749
-3.2845,0.5369226036560266,0.2458126410091644
-3.284,0.4729015545099309,0.2140227257936621
-3.2835,0.4835717293676135,0.2246193641988295
-3.283,0.5262524287983441,0.2034260873884947
-3.2825,0.4835717293676135,0.07626642652648545
-3.282,0.4195506802215176,-0.08268314955102604
-3.2815,0.3661998059331045,-0.1992461720078678
-3.281,0.3341892813600565,-0.2416327256285375
-3.2805,0.5262524287983441,0.05507314971615059
-3.28,0.4515612047945656,0.3941655786815084
-3.2795,-0.1352984123779797,-0.1992461720078678
-3.279,-0.7114878546928423,-0.8880276683437509
-3.2785,-0.839529952985034,-0.8668343915334161
-3.278,-0.5621054066852853,-0.4959520473525559
-3.2775,-0.2099896363817582,-0.1038764263613609
-3.277,0.05676473506030786,0.2246193641988295
-3.2765,0.2274875327832301,0.457745409112513
-3.276,0.3021787567870086,0.5955017083796896
-3.2755,0.3341892813600565,0.6908714540261965
-3.275,0.3235191065023739,0.7438546460520338
-3.2745,0.3128489316446912,0.775644561267536
-3.274,0.291508581929326,0.775644561267536
-3.2735,0.2808384070716433,0.7650479228623686
-3.273,0.2808384070716433,0.7120647308365314
-3.2725,0.1741366584948169,0.4789386859228479
-3.272,-0.4447334832507763,-0.2840192792492073
-3.2715,-1.084943974711735,-1.121153713257435
-3.271,-1.277007122150022,-1.693372187136476
-3.2705,-0.9462317015618604,-1.820531847998485
-3.27,-0.3700422592469978,-1.481439419033127
-3.2695,0.09944543449103843,-0.8986243067489184
-3.269,0.3875401556484697,-0.4217755785163839
-3.2685,0.5049120790829789,-0.09327978795619347
-3.268,0.5155822539406614,0.05507314971615059
-3.2675,0.4835717293676135,0.05507314971615059
-3.267,0.4622313796522482,-0.04029659593035631
-3.2665,0.5155822539406614,-0.2098428104130352
-3.266,0.4942419042252961,-0.2840192792492073
-3.2655,0.4408910299368829,-0.3052125560595421
-3.265,0.3768699807907871,-0.2946159176543747
-3.2645,0.3341892813600565,-0.2628260024388724
-3.264,0.1634664836371343,-0.04029659593035631
-3.2635,-0.274010685527854,0.5319218779486851
-3.263,-1.042263275281004,0.3305857482505039
-3.2625,-1.661133417026597,-0.3158091944647096
-3.262,-2.002579012472442,-0.02969995752518888
-3.2615,-1.597112367880501,0.2881991946298341
-3.261,-0.8928808272734472,0.3517790250608387
-3.2605,-0.2953510352432193,0.3517790250608387
-3.26,0.09944543449103843,0.3729723018711736
-3.2595,0.291508581929326,0.4259554938970107
-3.259,0.3661998059331045,0.5107286011383502
-3.2585,0.3768699807907871,0.6166949851900245
-3.258,0.3448594562177392,0.7226613692416989
-3.2575,0.3235191065023739,0.8180311148882058
-3.257,0.3021787567870086,0.8816109453192104
-3.2565,0.291508581929326,0.9134008605347127
-3.256,0.2594980573562781,0.8816109453192104
-3.2555,-0.2313299860971235,0.3517790250608387
-3.255,-0.8928808272734472,-0.4853554089473885
-3.2545,-1.383708870726849,-1.184733543688439
-3.254,-1.234326422719292,-1.375473034981453
-3.2535,-0.5514352318276028,-1.01518732920576
-3.253,0.03542438534494258,-0.4959520473525559
-3.2525,0.3875401556484697,-0.1038764263613609
-3.252,0.5475927785137094,0.06566978812131802
-3.2515,0.5582629533713921,0.1292496185523226
-3.251,0.5155822539406614,0.1292496185523226
-3.2505,0.4515612047945656,0.06566978812131802
-3.25,0.5155822539406614,-0.04029659593035631
-3.2495,0.5155822539406614,-0.1568596183871981
-3.249,0.4622313796522482,-0.252229364033705
-3.2485,0.3982103305061524,-0.326405832869877
-3.248,0.3448594562177392,-0.3793890248957141
-3.2475,0.3768699807907871,-0.3370024712750445
-3.247,0.7503261008096795,0.2140227257936621
-3.2465,0.3555296310754218,0.4259554938970107
-3.246,-0.5300948821122373,-0.2310360872233701
-3.2455,-1.287677297007705,-0.2628260024388724
-3.245,-1.458400094730627,0.1716361721729923
-3.2445,-1.020922925565639,0.309392471440169
-3.244,-0.4767440078238243,0.309392471440169
-3.2435,-0.04993701351651855,0.2987958330350016
-3.243,0.1954770082101822,0.3305857482505039
-3.2425,0.3235191065023739,0.3941655786815084
-3.242,0.3555296310754218,0.4895353243280153
-3.2415,0.3448594562177392,0.5955017083796896
-3.241,0.3235191065023739,0.6908714540261965
-3.2405,0.3128489316446912,0.7650479228623686
-3.24,0.291508581929326,0.8180311148882058
-3.2395,0.2808384070716433,0.8392243916985406
-3.239,-0.007256314085787988,0.4789386859228479
-3.2385,-0.7755089038389382,-0.3475991096802118
-3.238,-1.30901764672307,-1.078767159636765
-3.2375,-1.618452717595867,-1.587405803084801
-3.237,-1.458400094730627,-1.661582271920973
-3.2365,-0.7755089038389382,-1.142346990067769
-3.236,-0.124628237520297,-0.5277419625680583
-3.2355,0.3021787567870086,-0.08268314955102604
-3.235,0.4942419042252961,0.1610395337678249
-3.2345,0.5475927785137094,0.2458126410091644
-3.234,0.5262524287983441,0.2246193641988295
-3.2335,0.5582629533713921,0.2246193641988295
-3.233,0.6116138276598051,0.2140227257936621
-3.2325,0.5475927785137094,0.04447651131098315
-3.232,0.4622313796522482,-0.1674562567923655
-3.2315,0.3875401556484697,-0.326405832869877
-3.231,0.3448594562177392,-0.4217755785163839
-3.2305,0.5582629533713921,-0.05089323433552374
-3.23,0.5262524287983441,0.3729723018711736
-3.2295,-0.09261771294724913,-0.1780528951975329
-3.229,-0.839529952985034,-1.01518732920576
-3.2285,-1.180975548430879,-1.195330182093607
-3.228,-0.8928808272734472,-0.7820612842920766
-3.2275,-0.4340633083930936,-0.2734226408440398
-3.227,-0.06060718837420119,0.1504428953626575
-3.2265,0.1848068333524996,0.4259554938970107
-3.226,0.3021787567870086,0.6060983467848571
-3.2255,0.3448594562177392,0.6908714540261965
-3.225,0.3448594562177392,0.7226613692416989
-3.2245,0.3235191065023739,0.7332580076468663
-3.224,0.3128489316446912,0.7226613692416989
-3.2235,0.291508581929326,0.701468092431364
-3.223,0.2808384070716433,0.6590815388106942
-3.2225,0.2168173579255475,0.4259554938970107
-3.222,-0.2846808603855366,-0.3793890248957141
-3.2215,-0.9248913518464952,-1.258910012524611
-3.221,-1.597112367880501,-1.979481424075996
-3.2205,-1.917217613610981,-2.54110325954987
-3.22,-1.298347471865388,-2.318573853041354
-3.2195,-0.5194247072545548,-1.523825972653797
-3.219,0.0674349099179905,-0.8350444763179138
-3.2185,0.3875401556484697,-0.3052125560595421
-3.218,0.5155822539406614,-0.02969995752518888
-3.2175,0.5155822539406614,0.08686306493165288
-3.217,0.4835717293676135,0.09745970333682032
-3.2165,0.5369226036560266,0.1716361721729923
-3.216,0.5155822539406614,0.1292496185523226
-3.2155,0.4515612047945656,0.02328323450064829
-3.215,0.3768699807907871,-0.07208651114585861
-3.2145,0.3448594562177392,-0.1356663415768632
-3.214,0.4835717293676135,0.002089957690313421
-3.2135,0.8676980242441885,0.5743084315693548
-3.213,0.2701682322139607,0.5425185163538525
-3.2125,-0.722158029550525,-0.2840192792492073
-3.212,-1.319687821580753,-0.7502713690765743
-3.2115,-1.116954499284783,-0.5807251545938954
-3.211,-0.6261264558313813,-0.2310360872233701
-3.2105,-0.1779791118087102,0.1186529801471552
-3.21,0.1207857842064037,0.383568940276341
-3.2095,0.2808384070716433,0.5637117931641874
-3.209,0.3448594562177392,0.6802748156210291
-3.2085,0.3555296310754218,0.7438546460520338
-3.208,0.3341892813600565,0.7862411996727035
-3.2075,0.3128489316446912,0.7862411996727035
-3.207,0.3021787567870086,0.775644561267536
-3.2065,0.291508581929326,0.7438546460520338
-3.206,0.2701682322139607,0.6484849004055269
-3.2055,-0.156638762093345,0.1080563417419877
-3.205,-0.7861790786966207,-0.7608680074817418
-3.2045,-1.212986073003927,-1.502632695843462
-3.204,-1.244996597576974,-1.746355379162313
-3.2035,-0.6794773301197943,-1.38606967338662
-3.203,-0.07127736323188383,-0.8562377531282487
-3.2025,0.3235191065023739,-0.3687923864905467
-3.202,0.5155822539406614,-0.08268314955102604
-3.2015,0.5475927785137094,0.08686306493165288
-3.201,0.5262524287983441,0.1186529801471552
-3.2005,0.4622313796522482,0.05507314971615059
-3.2,0.3982103305061524,0.002089957690313421
-3.1995,0.3555296310754218,-0.07208651114585861
-3.199,0.3341892813600565,-0.1568596183871981
-3.1985,0.3235191065023739,-0.2204394488182027
-3.198,0.3128489316446912,-0.2628260024388724
-3.1975,0.2488278824985954,-0.1674562567923655
-3.197,0.2061471830678648,0.4047622170866759
-3.1965,-0.1459685872356623,0.5955017083796896
-3.196,-0.7008176798351597,-0.1568596183871981
-3.1955,-1.170305373573196,-0.570128516188728
-3.195,-1.287677297007705,-0.2310360872233701
-3.1945,-0.8822106524157645,0.03387987290581572
-3.194,-0.391382608962363,0.2034260873884947
-3.1935,-0.007256314085787988,0.3199891098453364
-3.193,0.2168173579255475,0.4259554938970107
-3.1925,0.3235191065023739,0.5107286011383502
-3.192,0.3555296310754218,0.5955017083796896
-3.1915,0.3448594562177392,0.6802748156210291
-3.191,0.3341892813600565,0.7438546460520338
-3.1905,0.3128489316446912,0.7862411996727035
-3.19,0.3021787567870086,0.8074344764830383
-3.1895,0.291508581929326,0.7650479228623686
-3.189,0.1314559590640864,0.4683420475176805
-3.1885,-0.3593720843893152,-0.3158091944647096
-3.188,-0.7648387289812555,-1.004590690800593
-3.1875,-1.127624674142465,-1.545019249464132
-3.187,-1.298347471865388,-1.84172512480882
-3.1865,-0.7755089038389382,-1.523825972653797
-3.186,-0.1886492866663929,-0.8880276683437509
-3.1855,0.2061471830678648,-0.3158091944647096
-3.185,0.408880505363835,0.05507314971615059
-3.1845,0.4729015545099309,0.1928294489833272
-3.184,0.4729015545099309,0.1716361721729923
-3.1835,0.4835717293676135,0.1610395337678249
-3.183,0.5262524287983441,0.1716361721729923
-3.1825,0.4942419042252961,0.04447651131098315
-3.182,0.4515612047945656,-0.1144730647665284
-3.1815,0.3875401556484697,-0.2628260024388724
-3.181,0.3661998059331045,-0.3475991096802118
-3.1805,0.6116138276598051,-0.008506680714854012
-3.18,0.5582629533713921,0.4153588554918433
-3.1795,-0.2206598112394408,-0.1250697031716958
-3.179,-0.8822106524157645,-0.9833974139902578
-3.1785,-1.020922925565639,-1.227120097309109
-3.178,-0.690147504977477,-0.8138511995075789
-3.1775,-0.274010685527854,-0.2628260024388724
-3.177,0.03542438534494258,0.2140227257936621
-3.1765,0.2274875327832301,0.5319218779486851
-3.176,0.3235191065023739,0.7226613692416989
-3.1755,0.3448594562177392,0.8286277532933731
-3.175,0.3341892813600565,0.8604176685088755
-3.1745,0.3235191065023739,0.8604176685088755
-3.174,0.3021787567870086,0.8392243916985406
-3.1735,0.291508581929326,0.7968378380778709
-3.173,0.291508581929326,0.7226613692416989
-3.1725,0.2381577076409128,0.4789386859228479
-3.172,-0.2633405106701714,-0.3158091944647096
-3.1715,-0.8181896032696687,-1.205926820498774
-3.171,-1.116954499284783,-1.905304955239825
-3.1705,-0.9462317015618604,-1.979481424075996
-3.17,-0.3700422592469978,-1.492036057438295
-3.1695,0.1314559590640864,-0.8880276683437509
-3.169,0.4408910299368829,-0.4429688553267188
-3.1685,0.5689331282290746,-0.1568596183871981
-3.168,0.5796033030867573,-0.01910331912002144
-3.1675,0.5155822539406614,-0.02969995752518888
-3.167,0.4622313796522482,-0.1144730647665284
-3.1665,0.5369226036560266,-0.326405832869877
-3.166,0.5155822539406614,-0.4111789401112165
-3.1655,0.4622313796522482,-0.3793890248957141
-3.165,0.3982103305061524,-0.326405832869877
-3.1645,0.3555296310754218,-0.2628260024388724
-3.164,0.4515612047945656,-0.04029659593035631
-3.1635,0.7396559259519968,0.5213252395435176
-3.163,0.2274875327832301,0.309392471440169
-3.1625,-0.5194247072545548,-0.4641621321370536
-3.162,-1.116954499284783,-0.5595318777835605
-3.1615,-1.031593100423322,-0.2416327256285375
-3.161,-0.6154562809736985,0.06566978812131802
-3.1605,-0.1993194615240755,0.3199891098453364
-3.16,0.09944543449103843,0.5107286011383502
-3.1595,0.2701682322139607,0.6484849004055269
-3.159,0.3341892813600565,0.7438546460520338
-3.1585,0.3448594562177392,0.8180311148882058
-3.158,0.3341892813600565,0.8710143069140429
-3.1575,0.3128489316446912,0.9028042221295453
-3.157,0.3021787567870086,0.9028042221295453
-3.1565,0.291508581929326,0.8816109453192104
-3.156,0.2808384070716433,0.7650479228623686
-3.1555,-0.08194753808956648,0.2352160026039969
-3.155,-0.7328282044082075,-0.6231117082145651
-3.1545,-1.052933450138687,-1.34368311976595
-3.154,-1.116954499284783,-1.746355379162313
-3.1535,-0.5941159312583333,-1.555615887869299
-3.153,-0.01792648894347063,-1.036380606016095
-3.1525,0.3448594562177392,-0.5065486857577234
-3.152,0.5049120790829789,-0.1038764263613609
-3.1515,0.5262524287983441,0.07626642652648545
-3.151,0.4942419042252961,0.04447651131098315
-3.1505,0.4408910299368829,-0.01910331912002144
-3.15,0.4302208550792003,0.04447651131098315
-3.1495,0.4302208550792003,0.02328323450064829
-3.149,0.3982103305061524,-0.1144730647665284
-3.1485,0.3661998059331045,-0.2628260024388724
-3.148,0.3341892813600565,-0.3581957480853793
-3.1475,0.2594980573562781,-0.2946159176543747
-3.147,-0.1673089369510276,0.2670059178194992
-3.1465,-0.8288597781273515,0.3729723018711736
-3.146,-1.415719395299897,-0.400582301706049
-3.1455,-1.863866739322568,-1.004590690800593
-3.145,-1.618452717595867,-0.7820612842920766
-3.1445,-0.9675720512772257,-0.3370024712750445
-3.144,-0.3593720843893152,0.07626642652648545
-3.1435,0.04609456020262521,0.3941655786815084
-3.143,0.2808384070716433,0.6166949851900245
-3.1425,0.3661998059331045,0.7544512844572011
-3.142,0.3768699807907871,0.8392243916985406
-3.1415,0.3555296310754218,0.8816109453192104
-3.141,0.3341892813600565,0.9134008605347127
-3.1405,0.3128489316446912,0.9028042221295453
-3.14,0.3021787567870086,0.8816109453192104
-3.1395,0.291508581929326,0.8286277532933731
-3.139,0.09944543449103843,0.5213252395435176
-3.1385,-0.6047861061160158,-0.326405832869877
-3.138,-1.170305373573196,-1.195330182093607
-3.1375,-1.554431668449771,-1.862918401619155
-3.137,-1.51175096901904,-2.180817553774178
-3.1365,-0.8288597781273515,-1.735758740757146
-3.136,-0.1673089369510276,-1.046977244421262
-3.1355,0.2594980573562781,-0.4959520473525559
-3.135,0.4729015545099309,-0.1780528951975329
-3.1345,0.5369226036560266,-0.05089323433552374
-3.134,0.5155822539406614,-0.06148987274069118
-3.1335,0.5155822539406614,-0.07208651114585861
-3.133,0.5689331282290746,-0.06148987274069118
-3.1325,0.5155822539406614,-0.1674562567923655
-3.132,0.4408910299368829,-0.2840192792492073
-3.1315,0.3768699807907871,-0.3687923864905467
-3.131,0.3448594562177392,-0.3793890248957141
-3.1305,0.5796033030867573,-0.06148987274069118
-3.13,0.7183155762366316,0.5107286011383502
-3.1295,-0.01792648894347063,0.1186529801471552
-3.129,-0.8822106524157645,-0.5277419625680583
-3.1285,-1.255666772434657,-0.4959520473525559
-3.128,-0.9569018764195432,-0.2098428104130352
-3.1275,-0.4874141826815069,0.09745970333682032
-3.127,-0.08194753808956648,0.3517790250608387
-3.1265,0.1741366584948169,0.5425185163538525
-3.126,0.3021787567870086,0.6908714540261965
-3.1255,0.3555296310754218,0.7862411996727035
-3.125,0.3555296310754218,0.8604176685088755
-3.1245,0.3341892813600565,0.9028042221295453
-3.124,0.3128489316446912,0.92399749893988
-3.1235,0.3021787567870086,0.9134008605347127
-3.123,0.291508581929326,0.8816109453192104
-3.1225,0.2061471830678648,0.6590815388106942
-3.122,-0.4020527838200457,-0.1038764263613609
-3.1215,-0.9782422261349084,-0.9516074987747555
-3.121,-1.26633694729234,-1.629792356705471
-3.1205,-1.362368521011484,-2.053657892912168
-3.12,-0.8928808272734472,-1.788741932782983
-3.1195,-0.274010685527854,-1.131750351662602
-3.119,0.1634664836371343,-0.5383386009732256
-3.1185,0.408880505363835,-0.1462629799820306
-3.118,0.4942419042252961,0.02328323450064829
-3.1175,0.5049120790829789,0.02328323450064829
-3.117,0.4835717293676135,-0.04029659593035631
-3.1165,0.6009436528021226,0.01268659609548085
-3.116,0.6009436528021226,-0.07208651114585861
-3.1155,0.5155822539406614,-0.2310360872233701
-3.115,0.4302208550792003,-0.3687923864905467
-3.1145,0.3661998059331045,-0.4323722169215513
-3.114,0.4408910299368829,-0.3158091944647096
-3.1135,0.7183155762366316,0.2670059178194992
-3.113,0.1634664836371343,0.1292496185523226
-3.1125,-0.6367966306890638,-0.570128516188728
-3.112,-1.277007122150022,-0.5913217929990628
-3.1115,-1.202315898146244,-0.1992461720078678
-3.111,-0.7328282044082075,0.1080563417419877
-3.1105,-0.2633405106701714,0.3305857482505039
-3.11,0.07810508477567314,0.5001319627331828
-3.1095,0.2594980573562781,0.6378882620003594
-3.109,0.3448594562177392,0.7438546460520338
-3.1085,0.3555296310754218,0.8392243916985406
-3.108,0.3448594562177392,0.9028042221295453
-3.1075,0.3235191065023739,0.9557874141553824
-3.107,0.3021787567870086,0.9769806909657173
-3.1065,0.291508581929326,0.9769806909657173
-3.106,0.2808384070716433,0.9134008605347127
-3.1055,-0.156638762093345,0.3517790250608387
-3.105,-0.8181896032696687,-0.5065486857577234
-3.1045,-1.180975548430879,-1.205926820498774
-3.104,-1.084943974711735,-1.587405803084801
-3.1035,-0.5834457564006506,-1.502632695843462
-3.103,-0.02859666380115328,-1.01518732920576
-3.1025,0.3448594562177392,-0.474758770542221
-3.102,0.5262524287983441,-0.06148987274069118
-3.1015,0.5689331282290746,0.08686306493165288
-3.101,0.5369226036560266,0.05507314971615059
-3.1005,0.4729015545099309,-0.02969995752518888
-3.1,0.4835717293676135,-0.1780528951975329
-3.0995,0.4729015545099309,-0.2840192792492073
-3.099,0.4408910299368829,-0.3370024712750445
-3.0985,0.3875401556484697,-0.3793890248957141
-3.098,0.3555296310754218,-0.3899856633008816
-3.0975,0.3021787567870086,-0.3052125560595421
-3.097,-0.007256314085787988,0.2564092794143318
-3.0965,-0.6261264558313813,0.5107286011383502
-3.096,-1.298347471865388,-0.1886495336027004
-3.0955,-1.767835165603424,-0.6443049850249
-3.095,-1.565101843307454,-0.4429688553267188
-3.0945,-0.9462317015618604,-0.1568596183871981
-3.094,-0.3487019095316325,0.09745970333682032
-3.0935,0.05676473506030786,0.309392471440169
-3.093,0.2701682322139607,0.457745409112513
-3.0925,0.3661998059331045,0.5743084315693548
-3.092,0.3768699807907871,0.6590815388106942
-3.0915,0.3661998059331045,0.7226613692416989
-3.091,0.3341892813600565,0.775644561267536
-3.0905,0.3128489316446912,0.7968378380778709
-3.09,0.3021787567870086,0.8074344764830383
-3.0895,0.291508581929326,0.7968378380778709
-3.089,0.1634664836371343,0.5955017083796896
-3.0885,-0.5194247072545548,-0.1568596183871981
-3.088,-1.1062843244271,-0.9939940523954253
-3.0875,-1.255666772434657,-1.587405803084801
-3.087,-1.159635198715513,-1.862918401619155
-3.0865,-0.572775581542968,-1.47084278062796
-3.086,-0.01792648894347063,-0.8456411147230812
-3.0855,0.3341892813600565,-0.2628260024388724
-3.085,0.4835717293676135,0.08686306493165288
-3.0845,0.5155822539406614,0.1822328105781598
-3.084,0.4729015545099309,0.1292496185523226
-3.0835,0.4729015545099309,0.08686306493165288
-3.083,0.5369226036560266,0.1504428953626575
-3.0825,0.5049120790829789,0.06566978812131802
-3.082,0.4515612047945656,-0.08268314955102604
-3.0815,0.3875401556484697,-0.2098428104130352
-3.081,0.3448594562177392,-0.2734226408440398
-3.0805,0.5049120790829789,0.01268659609548085
-3.08,0.6329541773751706,0.55311515475902
-3.0795,-0.07127736323188383,0.1716361721729923
-3.079,-0.9248913518464952,-0.570128516188728
-3.0785,-1.383708870726849,-0.5277419625680583
-3.078,-1.095614149569417,-0.2416327256285375
-3.0775,-0.5834457564006506,0.03387987290581572
-3.077,-0.1459685872356623,0.2458126410091644
-3.0765,0.1527963087794516,0.4047622170866759
-3.076,0.3021787567870086,0.5319218779486851
-3.0755,0.3555296310754218,0.627291623595192
-3.075,0.3661998059331045,0.701468092431364
-3.0745,0.3448594562177392,0.7544512844572011
-3.074,0.3235191065023739,0.7968378380778709
-3.0735,0.3128489316446912,0.8074344764830383
-3.073,0.291508581929326,0.7968378380778709
-3.0725,0.2594980573562781,0.7332580076468663
-3.072,-0.2313299860971235,0.1822328105781598
-3.0715,-0.8822106524157645,-0.6549016234300674
-3.071,-1.234326422719292,-1.375473034981453
-3.0705,-1.437059745015262,-1.820531847998485
-3.07,-0.9995825758502737,-1.523825972653797
-3.0695,-0.3380317346739499,-0.8880276683437509
-3.069,0.1634664836371343,-0.3370024712750445
-3.0685,0.4195506802215176,0.002089957690313421
-3.068,0.5262524287983441,0.13984625695749
-3.0675,0.5155822539406614,0.13984625695749
-3.067,0.4835717293676135,0.06566978812131802
-3.0665,0.6222840025174878,0.1610395337678249
-3.066,0.6542945270905358,0.1080563417419877
-3.0655,0.5689331282290746,-0.06148987274069118
-3.065,0.4622313796522482,-0.2310360872233701
-3.0645,0.3875401556484697,-0.3370024712750445
-3.064,0.2701682322139607,-0.4429688553267188
-3.0635,-0.08194753808956648,-0.4853554089473885
-3.063,-0.658136980404429,-0.8986243067489184
-3.0625,-1.116954499284783,-1.417859588602123
-3.062,-1.490410619303675,-0.9516074987747555
-3.0615,-1.330357996438436,-0.2204394488182027
-3.061,-0.7968492535543035,0.1504428953626575
-3.0605,-0.274010685527854,0.3199891098453364
-3.06,0.07810508477567314,0.4047622170866759
-3.0595,0.2808384070716433,0.4683420475176805
-3.059,0.3555296310754218,0.5425185163538525
-3.0585,0.3768699807907871,0.6166949851900245
-3.058,0.3555296310754218,0.6908714540261965
-3.0575,0.3341892813600565,0.7650479228623686
-3.057,0.3128489316446912,0.8180311148882058
-3.0565,0.3021787567870086,0.8286277532933731
-3.056,0.291508581929326,0.7438546460520338
-3.0555,0.1741366584948169,0.2564092794143318
-3.055,-0.3487019095316325,-0.5807251545938954
-3.0545,-1.1062843244271,-1.290699927740113
-3.054,-1.575772018165136,-1.725162102351978
-3.0535,-1.362368521011484,-1.831128486403653
-3.053,-0.690147504977477,-1.364876396576285
-3.0525,-0.08194753808956648,-0.7396747306714069
-3.052,0.291508581929326,-0.2204394488182027
-3.0515,0.4729015545099309,0.1080563417419877
-3.051,0.5049120790829789,0.2458126410091644
-3.0505,0.4835717293676135,0.2140227257936621
-3.05,0.5689331282290746,0.2140227257936621
-3.0495,0.6436243522328531,0.1292496185523226
-3.049,0.5796033030867573,-0.06148987274069118
-3.0485,0.4835717293676135,-0.252229364033705
-3.048,0.408880505363835,-0.3793890248957141
-3.0475,0.3448594562177392,-0.400582301706049
-3.047,0.5475927785137094,0.09745970333682032
-3.0465,0.3661998059331045,0.4683420475176805
-3.046,-0.3166913849585846,-0.1462629799820306
-3.0455,-0.9675720512772257,-0.474758770542221
-3.045,-1.255666772434657,-0.05089323433552374
-3.0445,-0.9248913518464952,0.1822328105781598
-3.044,-0.4447334832507763,0.2881991946298341
-3.0435,-0.04993701351651855,0.3517790250608387
-3.043,0.1954770082101822,0.4259554938970107
-3.0425,0.3235191065023739,0.5001319627331828
-3.042,0.3661998059331045,0.5955017083796896
-3.0415,0.3555296310754218,0.701468092431364
-3.041,0.3448594562177392,0.7862411996727035
-3.0405,0.3235191065023739,0.849821030103708
-3.04,0.3128489316446912,0.8922075837243778
-3.0395,0.3021787567870086,0.9134008605347127
-3.039,0.1741366584948169,0.7650479228623686
-3.0385,-0.4660738329661415,0.05507314971615059
-3.038,-1.052933450138687,-0.792657922697244
-3.0375,-1.490410619303675,-1.439052865412457
-3.037,-1.437059745015262,-1.735758740757146
-3.0365,-0.7861790786966207,-1.364876396576285
-3.036,-0.156638762093345,-0.718481453861072
-3.0355,0.2594980573562781,-0.2204394488182027
-3.035,0.4729015545099309,0.07626642652648545
-3.0345,0.5262524287983441,0.1928294489833272
-3.034,0.4942419042252961,0.1822328105781598
-3.0335,0.4942419042252961,0.07626642652648545
-3.033,0.5796033030867573,-0.08268314955102604
-3.0325,0.5475927785137094,-0.1992461720078678
-3.032,0.4729015545099309,-0.2840192792492073
-3.0315,0.408880505363835,-0.3370024712750445
-3.031,0.3768699807907871,-0.3687923864905467
-3.0305,0.5796033030867573,-0.1038764263613609
-3.03,0.8676980242441885,0.5001319627331828
-3.0295,0.1741366584948169,0.2352160026039969
-3.029,-0.690147504977477,-0.6019184314042303
-3.0285,-1.191645723288561,-0.8350444763179138
-3.028,-0.9782422261349084,-0.5489352393783931
-3.0275,-0.5300948821122373,-0.1886495336027004
-3.027,-0.1139580626626144,0.1292496185523226
-3.0265,0.1527963087794516,0.3623756634660061
-3.026,0.3021787567870086,0.5107286011383502
-3.0255,0.3555296310754218,0.6166949851900245
-3.025,0.3555296310754218,0.6802748156210291
-3.0245,0.3448594562177392,0.7120647308365314
-3.024,0.3235191065023739,0.7332580076468663
-3.0235,0.3128489316446912,0.7438546460520338
-3.023,0.3021787567870086,0.7120647308365314
-3.0225,0.2381577076409128,0.5637117931641874
-3.022,-0.3487019095316325,-0.1144730647665284
-3.0215,-0.9142211769888124,-0.8562377531282487
-3.021,-1.277007122150022,-1.492036057438295
-3.0205,-1.330357996438436,-1.820531847998485
-3.02,-0.8181896032696687,-1.587405803084801
-3.0195,-0.1993194615240755,-1.078767159636765
-3.019,0.2274875327832301,-0.5595318777835605
-3.0185,0.4622313796522482,-0.1568596183871981
-3.018,0.5582629533713921,0.05507314971615059
-3.0175,0.5475927785137094,0.1504428953626575
-3.017,0.4942419042252961,0.1186529801471552
-3.0165,0.5049120790829789,0.02328323450064829
-3.016,0.4835717293676135,-0.07208651114585861
-3.0155,0.4302208550792003,-0.1674562567923655
-3.015,0.3768699807907871,-0.2416327256285375
-3.0145,0.3448594562177392,-0.2840192792492073
-3.014,0.408880505363835,-0.1992461720078678
-3.0135,0.8036769750980928,0.3623756634660061
-3.013,0.4302208550792003,0.3623756634660061
-3.0125,-0.4554036581084589,-0.4429688553267188
-3.012,-1.042263275281004,-1.089363798041932
-3.0115,-0.9035510021311299,-0.9304142219644207
-3.011,-0.4980843575391895,-0.4323722169215513
-3.0105,-0.1139580626626144,0.05507314971615059
-3.01,0.142126133921769,0.4153588554918433
-3.0095,0.291508581929326,0.6484849004055269
-3.009,0.3448594562177392,0.775644561267536
-3.0085,0.3555296310754218,0.8286277532933731
-3.008,0.3448594562177392,0.8392243916985406
-3.0075,0.3235191065023739,0.8286277532933731
-3.007,0.3128489316446912,0.7862411996727035
-3.0065,0.3021787567870086,0.7332580076468663
-3.006,0.291508581929326,0.6590815388106942
-3.0055,0.1101156093487211,0.2881991946298341
-3.005,-0.3487019095316325,-0.570128516188728
-3.0045,-0.8288597781273515,-1.407262950196955
-3.004,-1.362368521011484,-2.085447808127671
-3.0035,-1.426389570157579,-2.445733513903364
-3.003,-0.8288597781273515,-1.915901593644992
-3.0025,-0.1993194615240755,-1.174136905283272
-3.002,0.2168173579255475,-0.5807251545938954
-3.0015,0.4195506802215176,-0.1886495336027004
-3.001,0.4835717293676135,-0.008506680714854012
-3.0005,0.4729015545099309,0.02328323450064829
-3,0.4942419042252961,0.08686306493165288
-2.9995,0.5262524287983441,0.13984625695749
-2.999,0.4729015545099309,0.04447651131098315
-2.9985,0.4195506802215176,-0.08268314955102604
-2.998,0.3661998059331045,-0.1780528951975329
-2.9975,0.3341892813600565,-0.2098428104130352
-2.997,0.4195506802215176,0.1716361721729923
-2.9965,0.1741366584948169,0.4471487707073456
-2.996,-0.4447334832507763,-0.2098428104130352
-2.9955,-1.020922925565639,-0.7608680074817418
-2.995,-1.170305373573196,-0.5383386009732256
-2.9945,-0.7968492535543035,-0.1886495336027004
-2.994,-0.3380317346739499,0.1080563417419877
-2.9935,0.01408403562957729,0.3517790250608387
-2.993,0.2274875327832301,0.5213252395435176
-2.9925,0.3341892813600565,0.6484849004055269
-2.992,0.3661998059331045,0.7438546460520338
-2.9915,0.3555296310754218,0.8180311148882058
-2.991,0.3341892813600565,0.8604176685088755
-2.9905,0.3235191065023739,0.8922075837243778
-2.99,0.3128489316446912,0.8922075837243778
-2.9895,0.3021787567870086,0.8604176685088755
-2.989,0.2168173579255475,0.7332580076468663
-2.9885,-0.3166913849585846,0.04447651131098315
-2.988,-0.7434983792658902,-0.718481453861072
-2.9875,-1.020922925565639,-1.290699927740113
-2.987,-1.031593100423322,-1.481439419033127
-2.9865,-0.5300948821122373,-1.163540266878104
-2.986,-0.01792648894347063,-0.6972881770507372
-2.9855,0.3128489316446912,-0.2946159176543747
-2.985,0.4942419042252961,0.03387987290581572
-2.9845,0.5475927785137094,0.1504428953626575
-2.984,0.5262524287983441,0.1186529801471552
-2.9835,0.5049120790829789,0.04447651131098315
-2.983,0.5796033030867573,0.01268659609548085
-2.9825,0.5475927785137094,-0.08268314955102604
-2.982,0.4729015545099309,-0.1886495336027004
-2.9815,0.3982103305061524,-0.2840192792492073
-2.981,0.3555296310754218,-0.3370024712750445
-2.9805,0.5049120790829789,-0.1780528951975329
-2.98,0.707645401378949,0.3305857482505039
-2.9795,0.00341386077189465,0.06566978812131802
-2.979,-0.9355615267041777,-0.7714646458869092
-2.9785,-1.479740444445993,-1.05757388282643
-2.978,-1.212986073003927,-0.7078848154559045
-2.9775,-0.6688071552621118,-0.2416327256285375
-2.977,-0.1886492866663929,0.1610395337678249
-2.9765,0.1314559590640864,0.4471487707073456
-2.976,0.3021787567870086,0.6378882620003594
-2.9755,0.3661998059331045,0.7438546460520338
-2.975,0.3661998059331045,0.7968378380778709
-2.9745,0.3555296310754218,0.8286277532933731
-2.974,0.3235191065023739,0.8180311148882058
-2.9735,0.3128489316446912,0.7968378380778709
-2.973,0.3021787567870086,0.7544512844572011
-2.9725,0.2594980573562781,0.6484849004055269
-2.972,-0.2206598112394408,0.05507314971615059
-2.9715,-0.8502001278427167,-0.8138511995075789
-2.971,-1.127624674142465,-1.439052865412457
-2.9705,-1.074273799854052,-1.661582271920973
-2.97,-0.5621054066852853,-1.34368311976595
-2.9695,-0.01792648894347063,-0.8350444763179138
-2.969,0.3341892813600565,-0.3793890248957141
-2.9685,0.5155822539406614,-0.08268314955102604
-2.968,0.5475927785137094,0.06566978812131802
-2.9675,0.5262524287983441,0.1080563417419877
-2.967,0.4835717293676135,0.06566978812131802
-2.9665,0.5902734779444399,0.1292496185523226
-2.966,0.6116138276598051,0.09745970333682032
-2.9655,0.5369226036560266,-0.02969995752518888
-2.965,0.4515612047945656,-0.1674562567923655
-2.9645,0.3768699807907871,-0.2628260024388724
-2.964,0.4408910299368829,-0.1674562567923655
-2.9635,0.8676980242441885,0.4259554938970107
-2.963,0.5475927785137094,0.5107286011383502
-2.9625,-0.2206598112394408,-0.2310360872233701
-2.962,-0.9355615267041777,-0.2946159176543747
-2.9615,-1.06360362499637,0.02328323450064829
-2.961,-0.7114878546928423,0.1716361721729923
-2.9605,-0.2953510352432193,0.2352160026039969
-2.96,0.03542438534494258,0.309392471440169
-2.9595,0.2381577076409128,0.383568940276341
-2.959,0.3235191065023739,0.4895353243280153
-2.9585,0.3555296310754218,0.5955017083796896
-2.958,0.3448594562177392,0.701468092431364
-2.9575,0.3341892813600565,0.7862411996727035
-2.957,0.3128489316446912,0.8604176685088755
-2.9565,0.3021787567870086,0.9134008605347127
-2.956,0.3021787567870086,0.92399749893988
-2.9555,0.1101156093487211,0.701468092431364
-2.955,-0.5300948821122373,-0.04029659593035631
-2.9545,-1.031593100423322,-0.8032545611024114
-2.954,-1.394379045584531,-1.396666311791788
-2.9535,-1.159635198715513,-1.502632695843462
-2.953,-0.5407650569699201,-1.046977244421262
-2.9525,0.01408403562957729,-0.5595318777835605
-2.952,0.3661998059331045,-0.1992461720078678
-2.9515,0.5049120790829789,0.08686306493165288
-2.951,0.5155822539406614,0.2352160026039969
-2.9505,0.4729015545099309,0.2246193641988295
-2.95,0.5262524287983441,0.1822328105781598
-2.9495,0.6436243522328531,0.08686306493165288
-2.949,0.6009436528021226,-0.07208651114585861
-2.9485,0.4942419042252961,-0.2310360872233701
-2.948,0.408880505363835,-0.3370024712750445
-2.9475,0.3555296310754218,-0.400582301706049
-2.947,0.6329541773751706,-0.1144730647665284
-2.9465,0.6222840025174878,0.2881991946298341
-2.946,-0.2206598112394408,-0.2310360872233701
-2.9455,-1.052933450138687,-0.7608680074817418
-2.945,-1.362368521011484,-0.5171453241628908
-2.9445,-0.9995825758502737,-0.1992461720078678
-2.944,-0.4874141826815069,0.04447651131098315
-2.9435,-0.07127736323188383,0.2246193641988295
-2.943,0.1848068333524996,0.3623756634660061
-2.9425,0.3128489316446912,0.457745409112513
-2.942,0.3661998059331045,0.5425185163538525
-2.9415,0.3555296310754218,0.6166949851900245
-2.941,0.3341892813600565,0.6696781772158616
-2.9405,0.3128489316446912,0.7120647308365314
-2.94,0.3021787567870086,0.7332580076468663
-2.9395,0.291508581929326,0.7332580076468663
-2.939,0.1741366584948169,0.5637117931641874
-2.9385,-0.4020527838200457,-0.1356663415768632
-2.938,-0.807519428411986,-0.8138511995075789
-2.9375,-1.180975548430879,-1.417859588602123
-2.937,-1.46907026958831,-1.820531847998485
-2.9365,-1.031593100423322,-1.51322933424863
-2.936,-0.4127229586777283,-0.8562377531282487
-2.9355,0.07810508477567314,-0.2840192792492073
-2.935,0.3661998059331045,0.08686306493165288
-2.9345,0.4942419042252961,0.2140227257936621
-2.934,0.5049120790829789,0.1822328105781598
-2.9335,0.5049120790829789,0.08686306493165288
-2.933,0.6222840025174878,-0.02969995752518888
-2.9325,0.6116138276598051,-0.1250697031716958
-2.932,0.5155822539406614,-0.1886495336027004
-2.9315,0.4302208550792003,-0.2310360872233701
-2.931,0.3661998059331045,-0.252229364033705
-2.9305,0.5049120790829789,-0.05089323433552374
-2.93,0.7396559259519968,0.4895353243280153
-2.9295,0.1207857842064037,0.1822328105781598
-2.929,-0.7328282044082075,-0.5913217929990628
-2.9285,-1.319687821580753,-0.6337083466197325
-2.928,-1.159635198715513,-0.2946159176543747
-2.9275,-0.6794773301197943,-0.008506680714854012
-2.927,-0.2099896363817582,0.1928294489833272
-2.9265,0.1101156093487211,0.3411823866556712
-2.926,0.2808384070716433,0.4471487707073456
-2.9255,0.3555296310754218,0.5319218779486851
-2.925,0.3661998059331045,0.5955017083796896
-2.9245,0.3448594562177392,0.6590815388106942
-2.924,0.3235191065023739,0.6908714540261965
-2.9235,0.3021787567870086,0.7120647308365314
-2.923,0.3021787567870086,0.7226613692416989
-2.9225,0.291508581929326,0.6802748156210291
-2.922,-0.07127736323188383,0.2776025562246667
-2.9215,-0.7648387289812555,-0.570128516188728
-2.921,-1.244996597576974,-1.333086481360783
-2.9205,-1.26633694729234,-1.555615887869299
-2.92,-0.690147504977477,-1.142346990067769
-2.9195,-0.09261771294724913,-0.5807251545938954
-2.919,0.3235191065023739,-0.1992461720078678
-2.9185,0.5369226036560266,0.03387987290581572
-2.918,0.5796033030867573,0.1610395337678249
-2.9175,0.5475927785137094,0.1610395337678249
-2.917,0.4835717293676135,0.09745970333682032
-2.9165,0.4622313796522482,0.07626642652648545
-2.916,0.4302208550792003,0.02328323450064829
-2.9155,0.3875401556484697,-0.07208651114585861
-2.915,0.3661998059331045,-0.1356663415768632
-2.9145,0.3555296310754218,-0.1992461720078678
-2.914,0.2381577076409128,-0.1038764263613609
-2.9135,-0.2953510352432193,0.4895353243280153
-2.913,-1.042263275281004,0.7650479228623686
-2.9125,-1.607782542738184,0.01268659609548085
-2.912,-1.885207089037933,-0.7714646458869092
-2.9115,-1.447729919872945,-0.7820612842920766
-2.911,-0.7755089038389382,-0.4111789401112165
-2.9105,-0.2206598112394408,0.002089957690313421
-2.91,0.142126133921769,0.3411823866556712
-2.9095,0.3235191065023739,0.5743084315693548
-2.909,0.3875401556484697,0.7226613692416989
-2.9085,0.3875401556484697,0.8074344764830383
-2.908,0.3661998059331045,0.8392243916985406
-2.9075,0.3341892813600565,0.849821030103708
-2.907,0.3128489316446912,0.8392243916985406
-2.9065,0.3021787567870086,0.8074344764830383
-2.906,0.3021787567870086,0.7544512844572011
-2.9055,0.1101156093487211,0.4683420475176805
-2.905,-0.5621054066852853,-0.3687923864905467
-2.9045,-1.010252750707956,-1.216523458903942
-2.904,-1.383708870726849,-1.84172512480882
-2.9035,-1.159635198715513,-1.788741932782983
-2.903,-0.5194247072545548,-1.227120097309109
-2.9025,0.03542438534494258,-0.6443049850249
-2.902,0.3555296310754218,-0.2098428104130352
-2.9015,0.4942419042252961,-0.04029659593035631
-2.901,0.5155822539406614,-0.02969995752518888
-2.9005,0.4835717293676135,-0.06148987274069118
-2.9,0.5049120790829789,-0.05089323433552374
-2.8995,0.5689331282290746,-0.02969995752518888
-2.899,0.5155822539406614,-0.1250697031716958
-2.8985,0.4408910299368829,-0.2310360872233701
-2.898,0.3768699807907871,-0.2946159176543747
-2.8975,0.3448594562177392,-0.2946159176543747
-2.897,0.5475927785137094,0.07626642652648545
-2.8965,0.5582629533713921,0.5425185163538525
-2.896,-0.2099896363817582,0.02328323450064829
-2.8955,-0.9675720512772257,-0.5913217929990628
-2.895,-1.202315898146244,-0.4217755785163839
-2.8945,-0.8608703027003992,-0.1250697031716958
-2.894,-0.391382608962363,0.13984625695749
-2.8935,-0.01792648894347063,0.3623756634660061
-2.893,0.2168173579255475,0.5425185163538525
-2.8925,0.3235191065023739,0.6802748156210291
-2.892,0.3661998059331045,0.775644561267536
-2.8915,0.3555296310754218,0.8604176685088755
-2.891,0.3448594562177392,0.9134008605347127
-2.8905,0.3235191065023739,0.9451907757502149
-2.89,0.3021787567870086,0.9345941373450475
-2.8895,0.3021787567870086,0.8816109453192104
-2.889,0.2061471830678648,0.6484849004055269
-2.8885,-0.4020527838200457,-0.1250697031716958
-2.888,-0.9889124009925911,-0.9833974139902578
-2.8875,-1.330357996438436,-1.619195718300304
-2.887,-1.020922925565639,-1.619195718300304
-2.8865,-0.3593720843893152,-1.142346990067769
-2.886,0.1741366584948169,-0.5489352393783931
-2.8855,0.4729015545099309,-0.1462629799820306
-2.885,0.5796033030867573,-0.008506680714854012
-2.8845,0.5689331282290746,0.002089957690313421
-2.884,0.5155822539406614,-0.06148987274069118
-2.8835,0.4835717293676135,-0.1674562567923655
-2.883,0.6542945270905358,-0.5171453241628908
-2.8825,0.6863050516635838,-0.6231117082145651
-2.882,0.6009436528021226,-0.5489352393783931
-2.8815,0.4835717293676135,-0.4429688553267188
-2.881,0.3875401556484697,-0.3475991096802118
-2.8805,0.4408910299368829,-0.08268314955102604
-2.88,0.5582629533713921,0.5319218779486851
-2.8795,-0.09261771294724913,0.3305857482505039
-2.879,-0.807519428411986,-0.3581957480853793
-2.8785,-1.298347471865388,-0.1886495336027004
-2.878,-1.138294849000148,0.1080563417419877
-2.8775,-0.658136980404429,0.2352160026039969
-2.877,-0.1993194615240755,0.2987958330350016
-2.8765,0.1207857842064037,0.3517790250608387
-2.876,0.2808384070716433,0.4047622170866759
-2.8755,0.3555296310754218,0.4789386859228479
-2.875,0.3661998059331045,0.55311515475902
-2.8745,0.3448594562177392,0.627291623595192
-2.874,0.3341892813600565,0.6908714540261965
-2.8735,0.3128489316446912,0.7438546460520338
-2.873,0.3021787567870086,0.775644561267536
-2.8725,0.291508581929326,0.7650479228623686
-2.872,-0.007256314085787988,0.4259554938970107
-2.8715,-0.5621054066852853,-0.3475991096802118
-2.871,-1.010252750707956,-1.0999604364471
-2.8705,-1.351698346153801,-1.629792356705471
-2.87,-0.9995825758502737,-1.587405803084801
-2.8695,-0.3807124341046804,-1.110557074852267
-2.869,0.09944543449103843,-0.570128516188728
-2.8685,0.3875401556484697,-0.1250697031716958
-2.868,0.5049120790829789,0.2140227257936621
-2.8675,0.5262524287983441,0.3517790250608387
-2.867,0.4942419042252961,0.3199891098453364
-2.8665,0.5582629533713921,0.05507314971615059
-2.866,0.5689331282290746,-0.1568596183871981
-2.8655,0.5049120790829789,-0.2310360872233701
-2.865,0.4302208550792003,-0.2628260024388724
-2.8645,0.3661998059331045,-0.2734226408440398
-2.864,0.2808384070716433,-0.2628260024388724
-2.8635,-0.1139580626626144,-0.326405832869877
-2.863,-0.6794773301197943,-0.570128516188728
-2.8625,-1.26633694729234,-1.205926820498774
-2.862,-1.501080794161358,-1.587405803084801
-2.8615,-1.1062843244271,-1.237716735714276
-2.861,-0.5514352318276028,-0.6443049850249
-2.8605,-0.09261771294724913,-0.1250697031716958
-2.86,0.1848068333524996,0.2246193641988295
-2.8595,0.3235191065023739,0.4259554938970107
-2.859,0.3661998059331045,0.5107286011383502
-2.8585,0.3661998059331045,0.5425185163538525
-2.858,0.3448594562177392,0.5425185163538525
-2.8575,0.3235191065023739,0.5213252395435176
-2.857,0.3128489316446912,0.4895353243280153
-2.8565,0.3021787567870086,0.457745409112513
-2.856,0.291508581929326,0.4259554938970107
-2.8555,0.1314559590640864,0.1610395337678249
-2.855,-0.5300948821122373,-0.6125150698093976
-2.8545,-0.9035510021311299,-1.237716735714276
-2.854,-0.9355615267041777,-1.661582271920973
-2.8535,-0.5087545323968721,-1.629792356705471
-2.853,0.01408403562957729,-1.269506650929778
-2.8525,0.3661998059331045,-0.7608680074817418
-2.852,0.5262524287983441,-0.252229364033705
-2.8515,0.5369226036560266,0.1186529801471552
-2.851,0.5155822539406614,0.2458126410091644
-2.8505,0.4622313796522482,0.2458126410091644
-2.85,0.4622313796522482,0.1186529801471552
-2.8495,0.5155822539406614,-0.008506680714854012
-2.849,0.4835717293676135,-0.06148987274069118
-2.8485,0.4302208550792003,-0.08268314955102604
-2.848,0.3768699807907871,-0.07208651114585861
-2.8475,0.3448594562177392,-0.04029659593035631
-2.847,0.0674349099179905,-0.06148987274069118
-2.8465,-0.5941159312583333,-0.5913217929990628
-2.846,-1.06360362499637,-1.333086481360783
-2.8455,-1.330357996438436,-1.937094870455327
-2.845,-1.244996597576974,-1.820531847998485
-2.8445,-0.7648387289812555,-1.089363798041932
-2.844,-0.274010685527854,-0.3475991096802118
-2.8435,0.0674349099179905,0.2034260873884947
-2.843,0.2701682322139607,0.5319218779486851
-2.8425,0.3555296310754218,0.6908714540261965
-2.842,0.3661998059331045,0.7332580076468663
-2.8415,0.3555296310754218,0.7226613692416989
-2.841,0.3341892813600565,0.6802748156210291
-2.8405,0.3235191065023739,0.627291623595192
-2.84,0.3021787567870086,0.55311515475902
-2.8395,0.3021787567870086,0.4789386859228479
-2.839,0.2488278824985954,0.3517790250608387
-2.8385,-0.2313299860971235,-0.2628260024388724
-2.838,-0.7755089038389382,-1.089363798041932
-2.8375,-1.330357996438436,-1.79933857118815
-2.837,-1.383708870726849,-2.096044446532838
-2.8365,-0.8181896032696687,-1.725162102351978
-2.836,-0.1886492866663929,-1.110557074852267
-2.8355,0.2488278824985954,-0.5171453241628908
-2.835,0.4729015545099309,-0.1144730647665284
-2.8345,0.5475927785137094,0.09745970333682032
-2.834,0.5475927785137094,0.1504428953626575
-2.8335,0.5262524287983441,0.1292496185523226
-2.833,0.5902734779444399,0.1822328105781598
-2.8325,0.5582629533713921,0.1186529801471552
-2.832,0.4835717293676135,0.02328323450064829
-2.8315,0.408880505363835,-0.06148987274069118
-2.831,0.3555296310754218,-0.1038764263613609
-2.8305,0.2274875327832301,0.08686306493165288
-2.83,-0.1993194615240755,0.5955017083796896
-2.8295,-0.8822106524157645,0.2881991946298341
-2.829,-1.319687821580753,-0.5807251545938954
-2.8285,-1.46907026958831,-1.01518732920576
-2.828,-1.06360362499637,-0.7608680074817418
-2.8275,-0.5194247072545548,-0.2946159176543747
-2.827,-0.07127736323188383,0.13984625695749
-2.8265,0.1954770082101822,0.457745409112513
-2.826,0.3341892813600565,0.6590815388106942
-2.8255,0.3768699807907871,0.775644561267536
-2.825,0.3661998059331045,0.8392243916985406
-2.8245,0.3448594562177392,0.849821030103708
-2.824,0.3235191065023739,0.849821030103708
-2.8235,0.3128489316446912,0.8180311148882058
-2.823,0.3021787567870086,0.7650479228623686
-2.8225,0.2808384070716433,0.6484849004055269
-2.822,-0.124628237520297,0.06566978812131802
-2.8215,-0.6474668055467465,-0.6760949002404023
-2.821,-1.1062843244271,-1.364876396576285
-2.8205,-1.586442193022819,-1.979481424075996
-2.82,-1.394379045584531,-2.085447808127671
-2.8195,-0.722158029550525,-1.481439419033127
-2.819,-0.1032878878049318,-0.8032545611024114
-2.8185,0.3021787567870086,-0.3370024712750445
-2.818,0.4729015545099309,-0.07208651114585861
-2.8175,0.5262524287983441,0.01268659609548085
-2.817,0.5155822539406614,0.002089957690313421
-2.8165,0.5262524287983441,0.01268659609548085
-2.816,0.5155822539406614,-0.01910331912002144
-2.8155,0.4622313796522482,-0.1144730647665284
-2.815,0.408880505363835,-0.1992461720078678
-2.8145,0.3661998059331045,-0.252229364033705
-2.814,0.2808384070716433,-0.1886495336027004
-2.8135,-0.2633405106701714,-0.08268314955102604
-2.813,-0.9355615267041777,-0.4959520473525559
-2.8125,-1.415719395299897,-1.216523458903942
-2.812,-1.565101843307454,-1.396666311791788
-2.8115,-1.223656247861609,-0.8774310299385835
-2.811,-0.6474668055467465,-0.3052125560595421
-2.8105,-0.156638762093345,0.1504428953626575
-2.81,0.1634664836371343,0.4471487707073456
-2.8095,0.3235191065023739,0.627291623595192
-2.809,0.3768699807907871,0.7332580076468663
-2.8085,0.3875401556484697,0.7968378380778709
-2.808,0.3661998059331045,0.8180311148882058
-2.8075,0.3341892813600565,0.8286277532933731
-2.807,0.3235191065023739,0.8180311148882058
-2.8065,0.3128489316446912,0.7862411996727035
-2.806,0.3021787567870086,0.7332580076468663
-2.8055,0.09944543449103843,0.3729723018711736
-2.805,-0.4447334832507763,-0.3687923864905467
-2.8045,-0.7648387289812555,-0.9939940523954253
-2.804,-1.159635198715513,-1.608599079895136
-2.8035,-1.373038695869166,-2.053657892912168
-2.803,-0.8715404775580819,-1.788741932782983
-2.8025,-0.2633405106701714,-1.152943628472937
-2.802,0.1741366584948169,-0.5489352393783931
-2.8015,0.408880505363835,-0.1356663415768632
-2.801,0.5155822539406614,0.05507314971615059
-2.8005,0.5155822539406614,0.05507314971615059
-2.8,0.5262524287983441,-0.07208651114585861
-2.7995,0.6009436528021226,-0.3052125560595421
-2.799,0.5796033030867573,-0.3370024712750445
-2.7985,0.5049120790829789,-0.2734226408440398
-2.798,0.4408910299368829,-0.1992461720078678
-2.7975,0.3768699807907871,-0.1568596183871981
-2.797,0.4302208550792003,0.1610395337678249
-2.7965,0.4302208550792003,0.6802748156210291
-2.796,-0.2633405106701714,0.2458126410091644
-2.7955,-0.8181896032696687,-0.6549016234300674
-2.795,-0.839529952985034,-0.9304142219644207
-2.7945,-0.5087545323968721,-0.6231117082145651
-2.794,-0.1459685872356623,-0.1674562567923655
-2.7935,0.1207857842064037,0.2246193641988295
-2.793,0.2701682322139607,0.5001319627331828
-2.7925,0.3448594562177392,0.6590815388106942
-2.792,0.3555296310754218,0.7544512844572011
-2.7915,0.3555296310754218,0.7862411996727035
-2.791,0.3341892813600565,0.7968378380778709
-2.7905,0.3235191065023739,0.775644561267536
-2.79,0.3128489316446912,0.7438546460520338
-2.7895,0.3021787567870086,0.6802748156210291
-2.789,0.2701682322139607,0.5849050699745222
-2.7885,-0.2526703358124887,-0.01910331912002144
-2.788,-1.042263275281004,-0.9304142219644207
-2.7875,-1.458400094730627,-1.629792356705471
-2.787,-1.586442193022819,-2.149027638558676
-2.7865,-1.095614149569417,-2.021867977696666
-2.786,-0.391382608962363,-1.333086481360783
-2.7855,0.1207857842064037,-0.6654982618352349
-2.785,0.408880505363835,-0.1992461720078678
-2.7845,0.5155822539406614,0.02328323450064829
-2.784,0.5155822539406614,0.07626642652648545
-2.7835,0.4835717293676135,0.06566978812131802
-2.783,0.5049120790829789,0.1716361721729923
-2.7825,0.4942419042252961,0.09745970333682032
-2.782,0.4408910299368829,-0.06148987274069118
-2.7815,0.408880505363835,-0.1992461720078678
-2.781,0.3768699807907871,-0.2946159176543747
-2.7805,0.3982103305061524,-0.2098428104130352
-2.78,0.6649647019482183,0.383568940276341
-2.7795,0.2488278824985954,0.5213252395435176
-2.779,-0.4660738329661415,-0.2310360872233701
-2.7785,-0.8288597781273515,-0.7820612842920766
-2.778,-0.658136980404429,-0.6337083466197325
-2.7775,-0.3060212101009019,-0.1992461720078678
-2.777,0.00341386077189465,0.2352160026039969
-2.7765,0.2061471830678648,0.5849050699745222
-2.776,0.3128489316446912,0.8180311148882058
-2.7755,0.3555296310754218,0.9663840525605498
-2.775,0.3555296310754218,1.051157159801889
-2.7745,0.3448594562177392,1.093543713422559
-2.774,0.3235191065023739,1.082947075017392
-2.7735,0.3128489316446912,1.040560521396722
-2.773,0.3021787567870086,0.9663840525605498
-2.7725,0.3021787567870086,0.8710143069140429
-2.772,0.2488278824985954,0.5743084315693548
-2.7715,0.04609456020262521,-0.2416327256285375
-2.771,-0.4554036581084589,-1.089363798041932
-2.7705,-0.8502001278427167,-1.75695201756748
-2.77,-0.6474668055467465,-1.79933857118815
-2.7695,-0.1993194615240755,-1.248313374119443
-2.769,0.1741366584948169,-0.6972881770507372
-2.7685,0.3982103305061524,-0.326405832869877
-2.768,0.4942419042252961,-0.1674562567923655
-2.7675,0.5049120790829789,-0.1356663415768632
-2.767,0.4729015545099309,-0.1780528951975329
-2.7665,0.5049120790829789,-0.1780528951975329
-2.766,0.5262524287983441,-0.1674562567923655
-2.7655,0.4729015545099309,-0.2098428104130352
-2.765,0.4195506802215176,-0.2416327256285375
-2.7645,0.3661998059331045,-0.2628260024388724
-2.764,0.291508581929326,-0.1674562567923655
-2.7635,-0.09261771294724913,0.4047622170866759
-2.763,-0.7968492535543035,0.8604176685088755
-2.7625,-1.351698346153801,0.2352160026039969
-2.762,-1.661133417026597,-0.3475991096802118
-2.7615,-1.479740444445993,-0.2204394488182027
-2.761,-0.8928808272734472,0.01268659609548085
-2.7605,-0.3273615598162672,0.2352160026039969
-2.76,0.0674349099179905,0.4365521323021782
-2.7595,0.2808384070716433,0.5849050699745222
-2.759,0.3768699807907871,0.7120647308365314
-2.7585,0.3875401556484697,0.8180311148882058
-2.758,0.3768699807907871,0.8922075837243778
-2.7575,0.3448594562177392,0.9345941373450475
-2.757,0.3235191065023739,0.9663840525605498
-2.7565,0.3128489316446912,0.9557874141553824
-2.756,0.3021787567870086,0.8816109453192104
-2.7555,0.2168173579255475,0.6696781772158616
-2.755,-0.274010685527854,0.002089957690313421
-2.7545,-0.690147504977477,-0.7078848154559045
-2.754,-0.9569018764195432,-1.333086481360783
-2.7535,-0.5514352318276028,-1.714565463946811
-2.753,0.05676473506030786,-1.587405803084801
-2.7525,0.4408910299368829,-1.089363798041932
-2.752,0.6009436528021226,-0.5489352393783931
-2.7515,0.6329541773751706,-0.1780528951975329
-2.751,0.5796033030867573,0.01268659609548085
-2.7505,0.5049120790829789,0.05507314971615059
-2.75,0.4515612047945656,0.06566978812131802
-2.7495,0.4408910299368829,0.1504428953626575
-2.749,0.408880505363835,0.04447651131098315
-2.7485,0.3768699807907871,-0.1144730647665284
-2.748,0.3661998059331045,-0.252229364033705
-2.7475,0.3448594562177392,-0.3370024712750445
-2.747,0.4729015545099309,-0.1674562567923655
-2.7465,0.5902734779444399,0.07626642652648545
-2.746,-0.08194753808956648,-0.4535654937318862
-2.7455,-0.7434983792658902,-0.9622041371799229
-2.745,-1.244996597576974,-0.4535654937318862
-2.7445,-1.084943974711735,0.03387987290581572
-2.744,-0.6154562809736985,0.2458126410091644
-2.7435,-0.1779791118087102,0.3411823866556712
-2.743,0.1314559590640864,0.4047622170866759
-2.7425,0.291508581929326,0.457745409112513
-2.742,0.3555296310754218,0.5319218779486851
-2.7415,0.3661998059331045,0.6166949851900245
-2.741,0.3555296310754218,0.6908714540261965
-2.7405,0.3341892813600565,0.7650479228623686
-2.74,0.3128489316446912,0.7968378380778709
-2.7395,0.3021787567870086,0.8286277532933731
-2.739,0.2701682322139607,0.6484849004055269
-2.7385,0.1101156093487211,-0.01910331912002144
-2.738,-0.2526703358124887,-0.8244478379127463
-2.7375,-0.8502001278427167,-1.460246142222792
-2.737,-1.362368521011484,-1.862918401619155
-2.7365,-1.127624674142465,-1.746355379162313
-2.736,-0.5194247072545548,-1.078767159636765
-2.7355,0.01408403562957729,-0.4323722169215513
-2.735,0.3235191065023739,0.002089957690313421
-2.7345,0.4729015545099309,0.2458126410091644
-2.734,0.5155822539406614,0.2881991946298341
-2.7335,0.4942419042252961,0.2034260873884947
-2.733,0.4835717293676135,0.2246193641988295
-2.7325,0.4408910299368829,0.1186529801471552
-2.732,0.3982103305061524,-0.07208651114585861
-2.7315,0.3555296310754218,-0.252229364033705
-2.731,0.3341892813600565,-0.3687923864905467
-2.7305,0.408880505363835,-0.3052125560595421
-2.73,0.7609962756673623,0.2564092794143318
-2.7295,0.2488278824985954,0.3623756634660061
-2.729,-0.722158029550525,-0.3475991096802118
-2.7285,-1.479740444445993,-0.570128516188728
-2.728,-1.426389570157579,-0.2734226408440398
-2.7275,-0.8928808272734472,0.002089957690313421
-2.727,-0.3487019095316325,0.2140227257936621
-2.7265,0.04609456020262521,0.383568940276341
-2.726,0.2701682322139607,0.5107286011383502
-2.7255,0.3661998059331045,0.6166949851900245
-2.725,0.3875401556484697,0.701468092431364
-2.7245,0.3661998059331045,0.775644561267536
-2.724,0.3448594562177392,0.8286277532933731
-2.7235,0.3235191065023739,0.8604176685088755
-2.723,0.3128489316446912,0.8710143069140429
-2.7225,0.3021787567870086,0.8710143069140429
-2.722,0.1207857842064037,0.5955017083796896
-2.7215,-0.4874141826815069,-0.2098428104130352
-2.721,-0.9995825758502737,-1.046977244421262
-2.7205,-1.26633694729234,-1.502632695843462
-2.72,-0.8928808272734472,-1.333086481360783
-2.7195,-0.3060212101009019,-0.8774310299385835
-2.719,0.142126133921769,-0.3687923864905467
-2.7185,0.408880505363835,0.04447651131098315
-2.718,0.5155822539406614,0.2458126410091644
-2.7175,0.5262524287983441,0.2458126410091644
-2.717,0.4835717293676135,0.1610395337678249
-2.7165,0.4515612047945656,0.13984625695749
-2.716,0.4195506802215176,0.08686306493165288
-2.7155,0.3875401556484697,-0.07208651114585861
-2.715,0.3555296310754218,-0.2416327256285375
-2.7145,0.3448594562177392,-0.3475991096802118
-2.714,0.3235191065023739,-0.3581957480853793
-2.7135,0.01408403562957729,-0.05089323433552374
-2.713,-0.4980843575391895,0.1504428953626575
-2.7125,-0.9675720512772257,-0.4641621321370536
-2.712,-1.26633694729234,-0.6654982618352349
-2.7115,-1.298347471865388,-0.1462629799820306
-2.711,-0.8608703027003992,0.1716361721729923
-2.7105,-0.3593720843893152,0.3199891098453364
-2.71,0.02475421048725994,0.4153588554918433
-2.7095,0.2488278824985954,0.4895353243280153
-2.709,0.3555296310754218,0.5743084315693548
-2.7085,0.3768699807907871,0.6696781772158616
-2.708,0.3661998059331045,0.7544512844572011
-2.7075,0.3448594562177392,0.8286277532933731
-2.707,0.3235191065023739,0.8922075837243778
-2.7065,0.3128489316446912,0.92399749893988
-2.706,0.3128489316446912,0.92399749893988
-2.7055,0.2594980573562781,0.8286277532933731
-2.705,-0.007256314085787988,0.1716361721729923
-2.7045,-0.4874141826815069,-0.6125150698093976
-2.704,-0.722158029550525,-1.121153713257435
-2.7035,-0.5300948821122373,-1.184733543688439
-2.703,-0.07127736323188383,-0.8774310299385835
-2.7025,0.291508581929326,-0.4111789401112165
-2.702,0.4942419042252961,-0.008506680714854012
-2.7015,0.5582629533713921,0.2352160026039969
-2.701,0.5582629533713921,0.2564092794143318
-2.7005,0.5049120790829789,0.1610395337678249
-2.7,0.4622313796522482,0.02328323450064829
-2.6995,0.4835717293676135,-0.1250697031716958
-2.699,0.4515612047945656,-0.2204394488182027
-2.6985,0.408880505363835,-0.2840192792492073
-2.698,0.3661998059331045,-0.3158091944647096
-2.6975,0.3448594562177392,-0.3370024712750445
-2.697,0.3661998059331045,-0.07208651114585861
-2.6965,0.3448594562177392,0.4471487707073456
-2.696,-0.3273615598162672,0.05507314971615059
-2.6955,-1.1062843244271,-0.6760949002404023
-2.695,-1.490410619303675,-0.6231117082145651
-2.6945,-1.159635198715513,-0.2946159176543747
-2.694,-0.6047861061160158,0.01268659609548085
-2.6935,-0.1352984123779797,0.2458126410091644
-2.693,0.1634664836371343,0.4047622170866759
-2.6925,0.3235191065023739,0.5319218779486851
-2.692,0.3768699807907871,0.6166949851900245
-2.6915,0.3768699807907871,0.6802748156210291
-2.691,0.3555296310754218,0.7332580076468663
-2.6905,0.3341892813600565,0.7650479228623686
-2.69,0.3128489316446912,0.7862411996727035
-2.6895,0.3128489316446912,0.775644561267536
-2.689,0.2808384070716433,0.7120647308365314
-2.6885,-0.1673089369510276,0.1610395337678249
-2.688,-0.7861790786966207,-0.6760949002404023
-2.6875,-1.287677297007705,-1.417859588602123
-2.687,-1.501080794161358,-1.831128486403653
-2.6865,-1.084943974711735,-1.566212526274467
-2.686,-0.4127229586777283,-0.9833974139902578
-2.6855,0.08877525963335578,-0.400582301706049
-2.685,0.3875401556484697,-0.01910331912002144
-2.6845,0.5155822539406614,0.2034260873884947
-2.684,0.5369226036560266,0.2458126410091644
-2.6835,0.5049120790829789,0.1716361721729923
-2.683,0.5155822539406614,0.1716361721729923
-2.6825,0.4835717293676135,0.08686306493165288
-2.682,0.4302208550792003,-0.06148987274069118
-2.6815,0.3768699807907871,-0.1886495336027004
-2.681,0.3448594562177392,-0.2628260024388724
-2.6805,0.3982103305061524,-0.1886495336027004
-2.68,0.7823366253827275,0.3623756634660061
-2.6795,0.3982103305061524,0.383568940276341
-2.679,-0.391382608962363,-0.3899856633008816
-2.6785,-1.095614149569417,-0.7502713690765743
-2.678,-1.148965023857831,-0.4535654937318862
-2.6775,-0.7328282044082075,-0.1144730647665284
-2.677,-0.2846808603855366,0.1610395337678249
-2.6765,0.05676473506030786,0.3729723018711736
-2.676,0.2594980573562781,0.5213252395435176
-2.6755,0.3448594562177392,0.627291623595192
-2.675,0.3661998059331045,0.701468092431364
-2.6745,0.3555296310754218,0.7650479228623686
-2.674,0.3341892813600565,0.8074344764830383
-2.6735,0.3235191065023739,0.8180311148882058
-2.673,0.3021787567870086,0.7968378380778709
-2.6725,0.3021787567870086,0.775644561267536
-2.672,0.3021787567870086,0.5743084315693548
-2.6715,0.408880505363835,-0.06148987274069118
-2.671,-0.007256314085787988,-0.8244478379127463
-2.6705,-0.4767440078238243,-1.311893204550448
-2.67,-0.3166913849585846,-1.258910012524611
-2.6695,0.05676473506030786,-0.8562377531282487
-2.669,0.3555296310754218,-0.4535654937318862
-2.6685,0.5049120790829789,-0.1144730647665284
-2.668,0.5369226036560266,0.1186529801471552
-2.6675,0.5155822539406614,0.2034260873884947
-2.667,0.4622313796522482,0.1504428953626575
-2.6665,0.4729015545099309,0.04447651131098315
-2.666,0.5155822539406614,-0.09327978795619347
-2.6655,0.4729015545099309,-0.1992461720078678
-2.665,0.4195506802215176,-0.252229364033705
-2.6645,0.3661998059331045,-0.2946159176543747
-2.664,0.3235191065023739,-0.2628260024388724
-2.6635,0.0674349099179905,0.1610395337678249
-2.663,-0.4980843575391895,0.5743084315693548
-2.6625,-1.052933450138687,-0.008506680714854012
-2.662,-1.575772018165136,-0.6019184314042303
-2.6615,-1.639793067311232,-0.3370024712750445
-2.661,-1.1062843244271,-0.05089323433552374
-2.6605,-0.5087545323968721,0.1610395337678249
-2.66,-0.03926683865883591,0.309392471440169
-2.6595,0.2274875327832301,0.4365521323021782
-2.659,0.3555296310754218,0.5425185163538525
-2.6585,0.3875401556484697,0.6378882620003594
-2.658,0.3768699807907871,0.7226613692416989
-2.6575,0.3555296310754218,0.7862411996727035
-2.657,0.3235191065023739,0.8286277532933731
-2.6565,0.3128489316446912,0.849821030103708
-2.656,0.3021787567870086,0.8392243916985406
-2.6555,0.2488278824985954,0.7120647308365314
-2.655,-0.2099896363817582,0.07626642652648545
-2.6545,-0.5834457564006506,-0.6125150698093976
-2.654,-1.010252750707956,-1.248313374119443
-2.6535,-1.373038695869166,-1.693372187136476
-2.653,-0.9782422261349084,-1.51322933424863
-2.6525,-0.3700422592469978,-1.025783967610927
-2.652,0.1101156093487211,-0.5065486857577234
-2.6515,0.3768699807907871,-0.09327978795619347
-2.651,0.4942419042252961,0.13984625695749
-2.6505,0.5155822539406614,0.1822328105781598
-2.65,0.5262524287983441,0.1186529801471552
-2.6495,0.707645401378949,-0.08268314955102604
-2.649,0.707645401378949,-0.2098428104130352
-2.6485,0.6009436528021226,-0.252229364033705
-2.648,0.4835717293676135,-0.2946159176543747
-2.6475,0.3982103305061524,-0.3370024712750445
-2.647,0.4408910299368829,-0.252229364033705
-2.6465,0.5902734779444399,0.2140227257936621
-2.646,0.04609456020262521,-0.05089323433552374
-2.6455,-0.690147504977477,-0.6760949002404023
-2.645,-1.319687821580753,-0.3370024712750445
-2.6445,-1.223656247861609,0.08686306493165288
-2.644,-0.7434983792658902,0.2352160026039969
-2.6435,-0.2633405106701714,0.2776025562246667
-2.643,0.08877525963335578,0.2987958330350016
-2.6425,0.2701682322139607,0.3305857482505039
-2.642,0.3555296310754218,0.4047622170866759
-2.6415,0.3768699807907871,0.4895353243280153
-2.641,0.3555296310754218,0.5743084315693548
-2.6405,0.3341892813600565,0.6484849004055269
-2.64,0.3235191065023739,0.7226613692416989
-2.6395,0.3128489316446912,0.775644561267536
-2.639,0.291508581929326,0.7544512844572011
-2.6385,-0.04993701351651855,0.3305857482505039
-2.638,-0.658136980404429,-0.4535654937318862
-2.6375,-1.074273799854052,-1.163540266878104
-2.637,-1.031593100423322,-1.333086481360783
-2.6365,-0.4447334832507763,-0.9516074987747555
-2.636,0.1101156093487211,-0.4429688553267188
-2.6355,0.4515612047945656,0.01268659609548085
-2.635,0.5796033030867573,0.2987958330350016
-2.6345,0.5902734779444399,0.4153588554918433
-2.634,0.5262524287983441,0.3517790250608387
-2.6335,0.4622313796522482,0.2140227257936621
-2.633,0.4942419042252961,0.1928294489833272
-2.6325,0.4835717293676135,0.1186529801471552
-2.632,0.4408910299368829,-0.01910331912002144
-2.6315,0.3875401556484697,-0.1462629799820306
-2.631,0.3448594562177392,-0.2310360872233701
-2.6305,0.291508581929326,-0.2098428104130352
-2.63,0.291508581929326,0.2140227257936621
-2.6295,-0.1352984123779797,0.3305857482505039
-2.629,-0.9355615267041777,-0.3687923864905467
-2.6285,-1.522421143876723,-0.6760949002404023
-2.628,-1.415719395299897,-0.3899856633008816
-2.6275,-0.8715404775580819,-0.09327978795619347
-2.627,-0.3273615598162672,0.1504428953626575
-2.6265,0.05676473506030786,0.3411823866556712
-2.626,0.2701682322139607,0.4683420475176805
-2.6255,0.3661998059331045,0.5743084315693548
-2.625,0.3875401556484697,0.6484849004055269
-2.6245,0.3661998059331045,0.7120647308365314
-2.624,0.3448594562177392,0.7544512844572011
-2.6235,0.3235191065023739,0.775644561267536
-2.623,0.3128489316446912,0.775644561267536
-2.6225,0.3021787567870086,0.7544512844572011
-2.622,0.08877525963335578,0.4895353243280153
-2.6215,-0.5407650569699201,-0.2946159176543747
-2.621,-0.9782422261349084,-1.0999604364471
-2.6205,-1.244996597576974,-1.661582271920973
-2.62,-0.9995825758502737,-1.534422611058964
-2.6195,-0.4340633083930936,-0.9516074987747555
-2.619,0.04609456020262521,-0.4323722169215513
-2.6185,0.3555296310754218,-0.08268314955102604
-2.618,0.5049120790829789,0.1186529801471552
-2.6175,0.5582629533713921,0.1080563417419877
-2.617,0.5262524287983441,0.05507314971615059
-2.6165,0.5475927785137094,0.07626642652648545
-2.616,0.6009436528021226,0.1186529801471552
-2.6155,0.5475927785137094,0.002089957690313421
-2.615,0.4729015545099309,-0.1462629799820306
-2.6145,0.3982103305061524,-0.2628260024388724
-2.614,0.3341892813600565,-0.2840192792492073
-2.6135,0.1207857842064037,-0.01910331912002144
-2.613,-0.1459685872356623,0.1186529801471552
-2.6125,-0.7648387289812555,-0.5277419625680583
-2.612,-1.330357996438436,-1.258910012524611
-2.6115,-1.223656247861609,-1.237716735714276
-2.611,-0.7434983792658902,-0.7078848154559045
-2.6105,-0.2526703358124887,-0.1250697031716958
-2.61,0.08877525963335578,0.3305857482505039
-2.6095,0.2808384070716433,0.627291623595192
-2.609,0.3555296310754218,0.7862411996727035
-2.6085,0.3768699807907871,0.8604176685088755
-2.608,0.3555296310754218,0.8710143069140429
-2.6075,0.3448594562177392,0.8604176685088755
-2.607,0.3235191065023739,0.8180311148882058
-2.6065,0.3128489316446912,0.775644561267536
-2.606,0.3128489316446912,0.701468092431364
-2.6055,0.2381577076409128,0.5213252395435176
-2.605,-0.3487019095316325,-0.1992461720078678
-2.6045,-0.9569018764195432,-1.078767159636765
-2.604,-1.26633694729234,-1.75695201756748
-2.6035,-1.30901764672307,-2.074851169722503
-2.603,-0.7968492535543035,-1.725162102351978
-2.6025,-0.1993194615240755,-1.078767159636765
-2.602,0.2381577076409128,-0.5065486857577234
-2.6015,0.4729015545099309,-0.2098428104130352
-2.601,0.5689331282290746,-0.06148987274069118
-2.6005,0.5582629533713921,-0.04029659593035631
-2.6,0.5155822539406614,-0.05089323433552374
-2.5995,0.5475927785137094,0.04447651131098315
-2.599,0.5049120790829789,0.002089957690313421
-2.5985,0.4515612047945656,-0.1144730647665284
-2.598,0.3875401556484697,-0.1992461720078678
-2.5975,0.3555296310754218,-0.2416327256285375
-2.597,0.4408910299368829,-0.08268314955102604
-2.5965,0.6116138276598051,0.3517790250608387
-2.596,-0.04993701351651855,-0.04029659593035631
-2.5955,-0.839529952985034,-0.7290780922662394
-2.595,-1.458400094730627,-0.400582301706049
-2.5945,-1.373038695869166,0.1080563417419877
-2.594,-0.839529952985034,0.3199891098453364
-2.5935,-0.3166913849585846,0.3941655786815084
-2.593,0.0674349099179905,0.4471487707073456
-2.5925,0.2808384070716433,0.5213252395435176
-2.592,0.3661998059331045,0.6060983467848571
-2.5915,0.3875401556484697,0.701468092431364
-2.591,0.3661998059331045,0.7968378380778709
-2.5905,0.3448594562177392,0.8816109453192104
-2.59,0.3235191065023739,0.9345941373450475
-2.5895,0.3128489316446912,0.9557874141553824
-2.589,0.291508581929326,0.92399749893988
-2.5885,-0.09261771294724913,0.4895353243280153
-2.588,-0.7755089038389382,-0.3475991096802118
-2.5875,-1.287677297007705,-1.110557074852267
-2.587,-1.703814116457328,-1.619195718300304
-2.5865,-1.415719395299897,-1.492036057438295
-2.586,-0.7114878546928423,-0.8986243067489184
-2.5855,-0.08194753808956648,-0.252229364033705
-2.585,0.3128489316446912,0.1716361721729923
-2.5845,0.5155822539406614,0.309392471440169
-2.584,0.5475927785137094,0.2352160026039969
-2.5835,0.5155822539406614,0.1080563417419877
-2.583,0.5582629533713921,-0.01910331912002144
-2.5825,0.5582629533713921,-0.1462629799820306
-2.582,0.4942419042252961,-0.252229364033705
-2.5815,0.4195506802215176,-0.3370024712750445
-2.581,0.3555296310754218,-0.3793890248957141
-2.5805,0.3661998059331045,-0.3581957480853793
-2.58,0.6863050516635838,0.1186529801471552
-2.5795,0.4835717293676135,0.2776025562246667
-2.579,-0.3166913849585846,-0.4323722169215513
-2.5785,-1.010252750707956,-1.089363798041932
-2.578,-0.9569018764195432,-0.9728007755850904
-2.5775,-0.5621054066852853,-0.4853554089473885
-2.577,-0.156638762093345,0.02328323450064829
-2.5765,0.1207857842064037,0.4047622170866759
-2.576,0.2808384070716433,0.6484849004055269
-2.5755,0.3555296310754218,0.7862411996727035
-2.575,0.3661998059331045,0.849821030103708
-2.5745,0.3555296310754218,0.8710143069140429
-2.574,0.3341892813600565,0.849821030103708
-2.5735,0.3235191065023739,0.8180311148882058
-2.573,0.3128489316446912,0.7650479228623686
-2.5725,0.3021787567870086,0.6908714540261965
-2.572,0.1741366584948169,0.457745409112513
-2.5715,-0.5087545323968721,-0.3475991096802118
-2.571,-1.255666772434657,-1.258910012524611
-2.5705,-1.597112367880501,-1.831128486403653
-2.57,-1.084943974711735,-1.598002441489969
-2.5695,-0.3593720843893152,-1.0999604364471
-2.569,0.1634664836371343,-0.6019184314042303
-2.5685,0.4515612047945656,-0.2310360872233701
-2.568,0.5582629533713921,-0.07208651114585861
-2.5675,0.5582629533713921,0.01268659609548085
-2.567,0.4942419042252961,0.01268659609548085
-2.5665,0.4835717293676135,0.01268659609548085
-2.566,0.5049120790829789,0.01268659609548085
-2.5655,0.4729015545099309,-0.08268314955102604
-2.565,0.4195506802215176,-0.1780528951975329
-2.5645,0.3768699807907871,-0.2310360872233701
-2.564,0.3448594562177392,-0.2310360872233701
-2.5635,0.5689331282290746,0.05507314971615059
-2.563,0.6756348768059011,0.5743084315693548
-2.5625,-0.1139580626626144,0.1610395337678249
-2.562,-0.9889124009925911,-0.3475991096802118
-2.5615,-1.51175096901904,0.05507314971615059
-2.561,-1.244996597576974,0.3199891098453364
-2.5605,-0.7008176798351597,0.3941655786815084
-2.56,-0.1993194615240755,0.4153588554918433
-2.5595,0.1314559590640864,0.4471487707073456
-2.559,0.3128489316446912,0.5319218779486851
-2.5585,0.3768699807907871,0.627291623595192
-2.558,0.3875401556484697,0.7332580076468663
-2.5575,0.3661998059331045,0.8392243916985406
-2.557,0.3448594562177392,0.92399749893988
-2.5565,0.3235191065023739,0.9875773293708847
-2.556,0.3128489316446912,1.00877060618122
-2.5555,0.291508581929326,0.9451907757502149
-2.555,0.1207857842064037,0.4259554938970107
-2.5545,-0.3593720843893152,-0.4217755785163839
-2.554,-0.8822106524157645,-1.121153713257435
-2.5535,-0.9035510021311299,-1.301296566145281
-2.553,-0.3807124341046804,-0.9939940523954253
-2.5525,0.1207857842064037,-0.5383386009732256
-2.552,0.4195506802215176,-0.1038764263613609
-2.5515,0.5262524287983441,0.1822328105781598
-2.551,0.5369226036560266,0.2564092794143318
-2.5505,0.5155822539406614,0.1610395337678249
-2.55,0.4729015545099309,0.05507314971615059
-2.5495,0.4515612047945656,-0.02969995752518888
-2.549,0.4302208550792003,-0.1250697031716958
-2.5485,0.3875401556484697,-0.2310360872233701
-2.548,0.3555296310754218,-0.326405832869877
-2.5475,0.3448594562177392,-0.3899856633008816
-2.547,0.4515612047945656,-0.1674562567923655
-2.5465,0.707645401378949,0.4365521323021782
-2.546,0.1634664836371343,0.2246193641988295
-2.5455,-0.6047861061160158,-0.5383386009732256
-2.545,-1.202315898146244,-0.4853554089473885
-2.5445,-1.095614149569417,-0.1462629799820306
-2.544,-0.6474668055467465,0.07626642652648545
-2.5435,-0.1993194615240755,0.2140227257936621
-2.543,0.1101156093487211,0.309392471440169
-2.5425,0.2808384070716433,0.3941655786815084
-2.542,0.3555296310754218,0.4789386859228479
-2.5415,0.3661998059331045,0.55311515475902
-2.541,0.3555296310754218,0.627291623595192
-2.5405,0.3341892813600565,0.6802748156210291
-2.54,0.3235191065023739,0.7332580076468663
-2.5395,0.3128489316446912,0.7650479228623686
-2.539,0.3021787567870086,0.7544512844572011
-2.5385,-0.04993701351651855,0.3517790250608387
-2.538,-0.8288597781273515,-0.4959520473525559
-2.5375,-1.351698346153801,-1.227120097309109
-2.537,-1.341028171296118,-1.576809164679634
-2.5365,-0.7328282044082075,-1.301296566145281
-2.536,-0.1032878878049318,-0.7396747306714069
-2.5355,0.3235191065023739,-0.2734226408440398
-2.535,0.5262524287983441,0.04447651131098315
-2.5345,0.5689331282290746,0.2458126410091644
-2.534,0.5369226036560266,0.2987958330350016
-2.5335,0.4729015545099309,0.2352160026039969
-2.533,0.5369226036560266,-0.01910331912002144
-2.5325,0.5902734779444399,-0.2204394488182027
-2.532,0.5369226036560266,-0.2734226408440398
-2.5315,0.4622313796522482,-0.2734226408440398
-2.531,0.408880505363835,-0.2628260024388724
-2.5305,0.408880505363835,-0.2098428104130352
-2.53,0.79300680024041,0.2776025562246667
-2.5295,0.7503261008096795,0.5637117931641874
-2.529,0.05676473506030786,-0.1144730647665284
-2.5285,-0.807519428411986,-0.4641621321370536
-2.528,-1.202315898146244,-0.08268314955102604
-2.5275,-0.9248913518464952,0.1292496185523226
-2.527,-0.4554036581084589,0.2140227257936621
-2.5265,-0.07127736323188383,0.2670059178194992
-2.526,0.1848068333524996,0.309392471440169
-2.5255,0.3128489316446912,0.3729723018711736
-2.525,0.3661998059331045,0.4471487707073456
-2.5245,0.3661998059331045,0.5319218779486851
-2.524,0.3448594562177392,0.5955017083796896
-2.5235,0.3235191065023739,0.6484849004055269
-2.523,0.3021787567870086,0.6908714540261965
-2.5225,0.3021787567870086,0.7226613692416989
-2.522,0.1741366584948169,0.5425185163538525
-2.5215,-0.4874141826815069,-0.1886495336027004
-2.521,-1.148965023857831,-0.9939940523954253
-2.5205,-1.533091318734406,-1.47084278062796
-2.52,-1.1062843244271,-1.195330182093607
-2.5195,-0.423393133535411,-0.7290780922662394
-2.519,0.1207857842064037,-0.326405832869877
-2.5185,0.4195506802215176,-0.02969995752518888
-2.518,0.5262524287983441,0.1716361721729923
-2.5175,0.5369226036560266,0.2458126410091644
-2.517,0.4942419042252961,0.2564092794143318
-2.5165,0.4729015545099309,0.2246193641988295
-2.516,0.4942419042252961,0.1822328105781598
-2.5155,0.4622313796522482,0.1080563417419877
-2.515,0.408880505363835,0.03387987290581572
-2.5145,0.3661998059331045,-0.02969995752518888
-2.514,0.3341892813600565,-0.07208651114585861
-2.5135,0.1848068333524996,0.2458126410091644
-2.513,-0.2846808603855366,0.7650479228623686
-2.5125,-0.9462317015618604,0.3729723018711736
-2.512,-1.437059745015262,-0.4217755785163839
-2.5115,-1.67180359188428,-0.3370024712750445
-2.511,-1.234326422719292,-0.09327978795619347
-2.5105,-0.6261264558313813,0.04447651131098315
-2.51,-0.124628237520297,0.1292496185523226
-2.5095,0.1848068333524996,0.2034260873884947
-2.509,0.3341892813600565,0.2881991946298341
-2.5085,0.3875401556484697,0.3623756634660061
-2.508,0.3768699807907871,0.4365521323021782
-2.5075,0.3555296310754218,0.5107286011383502
-2.507,0.3341892813600565,0.5743084315693548
-2.5065,0.3128489316446912,0.6166949851900245
-2.506,0.3128489316446912,0.6378882620003594
-2.5055,0.2381577076409128,0.5319218779486851
-2.505,0.2274875327832301,-0.1144730647665284
-2.5045,0.2168173579255475,-0.9304142219644207
-2.504,-0.3166913849585846,-1.523825972653797
-2.5035,-0.6367966306890638,-1.449649503817625
-2.503,-0.3807124341046804,-0.8774310299385835
-2.5025,0.00341386077189465,-0.326405832869877
-2.502,0.291508581929326,0.07626642652648545
-2.5015,0.4408910299368829,0.3411823866556712
-2.501,0.4942419042252961,0.4047622170866759
-2.5005,0.4835717293676135,0.3199891098453364
-2.5,0.4515612047945656,0.2034260873884947
-2.4995,0.4942419042252961,0.1716361721729923
-2.499,0.4835717293676135,0.09745970333682032
-2.4985,0.4302208550792003,-0.008506680714854012
-2.498,0.3875401556484697,-0.08268314955102604
-2.4975,0.3555296310754218,-0.1250697031716958
-2.497,0.2061471830678648,0.03387987290581572
-2.4965,-0.156638762093345,0.6166949851900245
-2.496,-0.7755089038389382,0.4789386859228479
-2.4955,-1.298347471865388,-0.3793890248957141
-2.495,-1.501080794161358,-0.8138511995075789
-2.4945,-1.116954499284783,-0.6125150698093976
-2.494,-0.5621054066852853,-0.252229364033705
-2.4935,-0.1032878878049318,0.09745970333682032
-2.493,0.1848068333524996,0.3517790250608387
-2.4925,0.3341892813600565,0.5213252395435176
-2.492,0.3768699807907871,0.6378882620003594
-2.4915,0.3768699807907871,0.6908714540261965
-2.491,0.3555296310754218,0.7226613692416989
-2.4905,0.3341892813600565,0.7438546460520338
-2.49,0.3128489316446912,0.7438546460520338
-2.4895,0.3128489316446912,0.7120647308365314
-2.489,0.3021787567870086,0.6378882620003594
-2.4885,0.03542438534494258,0.2034260873884947
-2.488,-0.690147504977477,-0.6654982618352349
-2.4875,-1.341028171296118,-1.492036057438295
-2.487,-1.597112367880501,-1.84172512480882
-2.4865,-1.020922925565639,-1.481439419033127
-2.486,-0.3166913849585846,-0.8668343915334161
-2.4855,0.1954770082101822,-0.3687923864905467
-2.485,0.4515612047945656,-0.01910331912002144
-2.4845,0.5475927785137094,0.1504428953626575
-2.484,0.5369226036560266,0.1716361721729923
-2.4835,0.4942419042252961,0.1080563417419877
-2.483,0.4729015545099309,0.1186529801471552
-2.4825,0.4622313796522482,0.1080563417419877
-2.482,0.4195506802215176,0.002089957690313421
-2.4815,0.3768699807907871,-0.1144730647665284
-2.481,0.3448594562177392,-0.1992461720078678
-2.4805,0.2808384070716433,-0.1674562567923655
-2.48,-0.274010685527854,0.3411823866556712
-2.4795,-0.9782422261349084,0.4789386859228479
-2.479,-1.351698346153801,-0.2840192792492073
-2.4785,-1.554431668449771,-0.7078848154559045
-2.478,-1.341028171296118,-0.4217755785163839
-2.4775,-0.7861790786966207,-0.1250697031716958
-2.477,-0.2526703358124887,0.1186529801471552
-2.4765,0.09944543449103843,0.2987958330350016
-2.476,0.3021787567870086,0.4365521323021782
-2.4755,0.3768699807907871,0.5425185163538525
-2.475,0.3875401556484697,0.627291623595192
-2.4745,0.3661998059331045,0.6908714540261965
-2.474,0.3448594562177392,0.7438546460520338
-2.4735,0.3235191065023739,0.775644561267536
-2.473,0.3128489316446912,0.7862411996727035
-2.4725,0.3021787567870086,0.7544512844572011
-2.472,0.2168173579255475,0.6060983467848571
-2.4715,-0.2420001609548061,-0.06148987274069118
-2.471,-0.6474668055467465,-0.8138511995075789
-2.4705,-1.020922925565639,-1.42845622700729
-2.47,-0.8288597781273515,-1.396666311791788
-2.4695,-0.3060212101009019,-0.8986243067489184
-2.469,0.142126133921769,-0.3581957480853793
-2.4685,0.408880505363835,-0.06148987274069118
-2.468,0.5049120790829789,0.1080563417419877
-2.4675,0.5049120790829789,0.13984625695749
-2.467,0.4835717293676135,0.1080563417419877
-2.4665,0.5155822539406614,-0.05089323433552374
-2.466,0.6542945270905358,-0.3475991096802118
-2.4655,0.6329541773751706,-0.4111789401112165
-2.465,0.5369226036560266,-0.3581957480853793
-2.4645,0.4408910299368829,-0.2946159176543747
-2.464,0.3768699807907871,-0.2310360872233701
-2.4635,0.5902734779444399,0.1292496185523226
-2.463,0.7609962756673623,0.6590815388106942
-2.4625,0.2168173579255475,0.2246193641988295
-2.462,-0.4127229586777283,-0.5489352393783931
-2.4615,-0.839529952985034,-0.5383386009732256
-2.461,-0.7008176798351597,-0.2734226408440398
-2.4605,-0.3487019095316325,-0.01910331912002144
-2.46,-0.02859666380115328,0.1822328105781598
-2.4595,0.1848068333524996,0.3411823866556712
-2.459,0.3021787567870086,0.4471487707073456
-2.4585,0.3555296310754218,0.5319218779486851
-2.458,0.3555296310754218,0.6060983467848571
-2.4575,0.3448594562177392,0.6484849004055269
-2.457,0.3235191065023739,0.6802748156210291
-2.4565,0.3128489316446912,0.6908714540261965
-2.456,0.3021787567870086,0.6696781772158616
-2.4555,0.2808384070716433,0.5849050699745222
-2.455,-0.1779791118087102,0.05507314971615059
-2.4545,-0.9462317015618604,-0.7820612842920766
-2.454,-1.575772018165136,-1.492036057438295
-2.4535,-1.650463242168915,-1.778145294377815
-2.453,-1.020922925565639,-1.439052865412457
-2.4525,-0.2953510352432193,-0.8456411147230812
-2.452,0.2061471830678648,-0.3581957480853793
-2.4515,0.4515612047945656,0.01268659609548085
-2.451,0.5262524287983441,0.2034260873884947
-2.4505,0.5049120790829789,0.2564092794143318
-2.45,0.4622313796522482,0.2140227257936621
-2.4495,0.5262524287983441,0.2140227257936621
-2.449,0.5155822539406614,0.13984625695749
-2.4485,0.4622313796522482,0.01268659609548085
-2.448,0.408880505363835,-0.1038764263613609
-2.4475,0.3661998059331045,-0.1992461720078678
-2.447,0.4302208550792003,-0.1568596183871981
-2.4465,0.7716664505250448,0.3623756634660061
-2.446,0.2701682322139607,0.3941655786815084
-2.4455,-0.5514352318276028,-0.4111789401112165
-2.445,-1.031593100423322,-1.078767159636765
-2.4445,-0.8608703027003992,-0.9728007755850904
-2.444,-0.4554036581084589,-0.5277419625680583
-2.4435,-0.08194753808956648,-0.07208651114585861
-2.443,0.1741366584948169,0.2670059178194992
-2.4425,0.3021787567870086,0.4895353243280153
-2.442,0.3555296310754218,0.6060983467848571
-2.4415,0.3661998059331045,0.6590815388106942
-2.441,0.3448594562177392,0.6696781772158616
-2.4405,0.3341892813600565,0.6590815388106942
-2.44,0.3128489316446912,0.6378882620003594
-2.4395,0.3021787567870086,0.5955017083796896
-2.439,0.3021787567870086,0.5425185163538525
-2.4385,0.2701682322139607,0.3305857482505039
-2.438,0.0674349099179905,-0.4535654937318862
-2.4375,-0.572775581542968,-1.333086481360783
-2.437,-1.010252750707956,-1.788741932782983
-2.4365,-0.690147504977477,-1.42845622700729
-2.436,-0.156638762093345,-0.8774310299385835
-2.4355,0.2274875327832301,-0.3899856633008816
-2.435,0.4408910299368829,-0.07208651114585861
-2.4345,0.5262524287983441,0.06566978812131802
-2.434,0.5262524287983441,0.08686306493165288
-2.4335,0.4942419042252961,0.05507314971615059
-2.433,0.4729015545099309,-0.1144730647665284
-2.4325,0.4515612047945656,-0.252229364033705
-2.432,0.408880505363835,-0.2734226408440398
-2.4315,0.3768699807907871,-0.2204394488182027
-2.431,0.3555296310754218,-0.1568596183871981
-2.4305,0.3661998059331045,-0.07208651114585861
-2.43,0.6969752265212663,0.3411823866556712
-2.4295,0.6116138276598051,0.6908714540261965
-2.429,-0.1459685872356623,0.03387987290581572
-2.4285,-0.9248913518464952,-0.4217755785163839
-2.428,-1.095614149569417,-0.2734226408440398
-2.4275,-0.7434983792658902,-0.04029659593035631
-2.427,-0.3166913849585846,0.1716361721729923
-2.4265,0.02475421048725994,0.3411823866556712
-2.426,0.2381577076409128,0.4789386859228479
-2.4255,0.3341892813600565,0.5743084315693548
-2.425,0.3555296310754218,0.6590815388106942
-2.4245,0.3555296310754218,0.7120647308365314
-2.424,0.3341892813600565,0.7544512844572011
-2.4235,0.3128489316446912,0.7650479228623686
-2.423,0.3021787567870086,0.7544512844572011
-2.4225,0.291508581929326,0.7120647308365314
-2.422,0.2808384070716433,0.5319218779486851
-2.4215,0.3875401556484697,-0.2098428104130352
-2.421,0.1634664836371343,-0.9622041371799229
-2.4205,-0.2526703358124887,-1.439052865412457
-2.42,-0.2313299860971235,-1.354279758171118
-2.4195,0.07810508477567314,-0.9410108603695881
-2.419,0.3341892813600565,-0.4853554089473885
-2.4185,0.4729015545099309,-0.1356663415768632
-2.418,0.5049120790829789,0.03387987290581572
-2.4175,0.4835717293676135,0.07626642652648545
-2.417,0.4408910299368829,0.03387987290581572
-2.4165,0.4302208550792003,0.03387987290581572
-2.416,0.5049120790829789,0.1292496185523226
-2.4155,0.4942419042252961,0.04447651131098315
-2.415,0.4408910299368829,-0.1038764263613609
-2.4145,0.3768699807907871,-0.2310360872233701
-2.414,0.3341892813600565,-0.3052125560595421
-2.4135,0.5155822539406614,-0.1038764263613609
-2.413,0.8036769750980928,0.4895353243280153
-2.4125,0.142126133921769,0.2987958330350016
-2.412,-0.6688071552621118,-0.5383386009732256
-2.4115,-1.020922925565639,-0.9198175835592532
-2.411,-0.7755089038389382,-0.6549016234300674
-2.4105,-0.3807124341046804,-0.1992461720078678
-2.41,-0.02859666380115328,0.2246193641988295
-2.4095,0.1848068333524996,0.5425185163538525
-2.409,0.3021787567870086,0.7438546460520338
-2.4085,0.3448594562177392,0.8604176685088755
-2.408,0.3448594562177392,0.9134008605347127
-2.4075,0.3235191065023739,0.9345941373450475
-2.407,0.3128489316446912,0.92399749893988
-2.4065,0.3021787567870086,0.8922075837243778
-2.406,0.291508581929326,0.8180311148882058
-2.4055,0.2488278824985954,0.701468092431364
-2.405,-0.2526703358124887,0.08686306493165288
-2.4045,-0.8928808272734472,-0.8138511995075789
-2.404,-1.277007122150022,-1.598002441489969
-2.4035,-1.170305373573196,-1.968884785670829
-2.403,-0.6047861061160158,-1.672178910326141
-2.4025,-0.03926683865883591,-1.0999604364471
-2.402,0.3235191065023739,-0.5489352393783931
-2.4015,0.4942419042252961,-0.1780528951975329
-2.401,0.5369226036560266,-0.07208651114585861
-2.4005,0.5262524287983441,-0.07208651114585861
-2.4,0.4835717293676135,-0.1038764263613609
-2.3995,0.5796033030867573,0.01268659609548085
-2.399,0.5902734779444399,-0.01910331912002144
-2.3985,0.5262524287983441,-0.1356663415768632
-2.398,0.4408910299368829,-0.252229364033705
-2.3975,0.3768699807907871,-0.3158091944647096
-2.397,0.291508581929326,-0.1780528951975329
-2.3965,-0.1352984123779797,0.457745409112513
-2.396,-0.8608703027003992,0.5743084315693548
-2.3955,-1.415719395299897,-0.2416327256285375
-2.395,-1.607782542738184,-0.9092209451540858
-2.3945,-1.180975548430879,-0.7820612842920766
-2.394,-0.5941159312583333,-0.3052125560595421
-2.3935,-0.1139580626626144,0.1822328105781598
-2.393,0.1848068333524996,0.5637117931641874
-2.3925,0.3235191065023739,0.8180311148882058
-2.392,0.3661998059331045,0.9663840525605498
-2.3915,0.3661998059331045,1.040560521396722
-2.391,0.3448594562177392,1.061753798207057
-2.3905,0.3235191065023739,1.040560521396722
-2.39,0.3021787567870086,0.9981739677760521
-2.3895,0.291508581929326,0.92399749893988
-2.389,0.291508581929326,0.8180311148882058
-2.3885,0.2274875327832301,0.4365521323021782
-2.388,0.142126133921769,-0.4323722169215513
-2.3875,-0.391382608962363,-1.354279758171118
-2.387,-0.7434983792658902,-1.937094870455327
-2.3865,-0.4340633083930936,-1.820531847998485
-2.386,0.01408403562957729,-1.248313374119443
-2.3855,0.3341892813600565,-0.7396747306714069
-2.385,0.5049120790829789,-0.4111789401112165
-2.3845,0.5475927785137094,-0.1992461720078678
-2.384,0.5049120790829789,-0.1144730647665284
-2.3835,0.4515612047945656,-0.1144730647665284
-2.383,0.4515612047945656,-0.2204394488182027
-2.3825,0.4835717293676135,-0.3687923864905467
-2.382,0.4408910299368829,-0.4323722169215513
-2.3815,0.3982103305061524,-0.4429688553267188
-2.381,0.3661998059331045,-0.4111789401112165
-2.3805,0.3128489316446912,-0.2946159176543747
-2.38,-0.007256314085787988,0.2881991946298341
-2.3795,-0.4447334832507763,0.8286277532933731
-2.379,-1.095614149569417,0.2881991946298341
-2.3785,-1.586442193022819,-0.4217755785163839
-2.378,-1.426389570157579,-0.4853554089473885
-2.3775,-0.8608703027003992,-0.1992461720078678
-2.377,-0.3166913849585846,0.1504428953626575
-2.3765,0.0674349099179905,0.457745409112513
-2.376,0.2701682322139607,0.6908714540261965
-2.3755,0.3555296310754218,0.849821030103708
-2.375,0.3661998059331045,0.9451907757502149
-2.3745,0.3555296310754218,1.00877060618122
-2.374,0.3235191065023739,1.029963882991555
-2.3735,0.3128489316446912,1.029963882991555
-2.373,0.3021787567870086,0.9981739677760521
-2.3725,0.291508581929326,0.9451907757502149
-2.372,0.1848068333524996,0.701468092431364
-2.3715,-0.4340633083930936,-0.1144730647665284
-2.371,-0.9675720512772257,-1.01518732920576
-2.3705,-1.351698346153801,-1.735758740757146
-2.37,-1.084943974711735,-1.947691508860494
-2.3695,-0.4340633083930936,-1.534422611058964
-2.369,0.1314559590640864,-1.036380606016095
-2.3685,0.4302208550792003,-0.6125150698093976
-2.368,0.5369226036560266,-0.3158091944647096
-2.3675,0.5369226036560266,-0.1568596183871981
-2.367,0.4942419042252961,-0.1250697031716958
-2.3665,0.4515612047945656,-0.2098428104130352
-2.366,0.4942419042252961,-0.4111789401112165
-2.3655,0.4729015545099309,-0.4959520473525559
-2.365,0.4195506802215176,-0.4959520473525559
-2.3645,0.3661998059331045,-0.4535654937318862
-2.364,0.3341892813600565,-0.3899856633008816
-2.3635,0.3875401556484697,-0.08268314955102604
-2.363,0.4942419042252961,0.5107286011383502
-2.3625,-0.1032878878049318,0.1928294489833272
-2.362,-0.8715404775580819,-0.5065486857577234
-2.3615,-1.447729919872945,-0.2310360872233701
-2.361,-1.298347471865388,0.1504428953626575
-2.3605,-0.7755089038389382,0.309392471440169
-2.36,-0.274010685527854,0.3729723018711736
-2.3595,0.07810508477567314,0.4259554938970107
-2.359,0.2701682322139607,0.5001319627331828
-2.3585,0.3555296310754218,0.5849050699745222
-2.358,0.3661998059331045,0.6908714540261965
-2.3575,0.3448594562177392,0.775644561267536
-2.357,0.3235191065023739,0.8604176685088755
-2.3565,0.3128489316446912,0.9134008605347127
-2.356,0.291508581929326,0.92399749893988
-2.3555,0.2594980573562781,0.849821030103708
-2.355,-0.2420001609548061,0.2458126410091644
-2.3545,-0.9035510021311299,-0.570128516188728
-2.354,-1.298347471865388,-1.248313374119443
-2.3535,-1.30901764672307,-1.502632695843462
-2.353,-0.754168554123573,-1.195330182093607
-2.3525,-0.1352984123779797,-0.6125150698093976
-2.352,0.291508581929326,-0.1144730647665284
-2.3515,0.4835717293676135,0.1822328105781598
-2.351,0.5369226036560266,0.2987958330350016
-2.3505,0.5155822539406614,0.2458126410091644
-2.35,0.4729015545099309,0.1186529801471552
-2.3495,0.5262524287983441,0.01268659609548085
-2.349,0.5369226036560266,-0.08268314955102604
-2.3485,0.4835717293676135,-0.1886495336027004
-2.348,0.408880505363835,-0.2946159176543747
-2.3475,0.3555296310754218,-0.3687923864905467
-2.347,0.3875401556484697,-0.3899856633008816
-2.3465,0.825017324813458,0.002089957690313421
-2.346,0.6863050516635838,0.08686306493165288
-2.3455,-0.1032878878049318,-0.6125150698093976
-2.345,-0.8928808272734472,-1.269506650929778
-2.3445,-0.9462317015618604,-1.142346990067769
-2.344,-0.5941159312583333,-0.6125150698093976
-2.3435,-0.2099896363817582,-0.07208651114585861
-2.343,0.07810508477567314,0.3305857482505039
-2.3425,0.2488278824985954,0.5743084315693548
-2.342,0.3235191065023739,0.7120647308365314
-2.3415,0.3448594562177392,0.7650479228623686
-2.341,0.3341892813600565,0.7862411996727035
-2.3405,0.3235191065023739,0.775644561267536
-2.34,0.3021787567870086,0.7332580076468663
-2.3395,0.291508581929326,0.6802748156210291
-2.339,0.2808384070716433,0.5955017083796896
-2.3385,0.07810508477567314,0.13984625695749
-2.338,-0.3380317346739499,-0.7396747306714069
-2.3375,-0.9355615267041777,-1.566212526274467
-2.337,-1.277007122150022,-2.000674700886331
-2.3365,-0.839529952985034,-1.587405803084801
-2.336,-0.2206598112394408,-0.9939940523954253
-2.3355,0.2381577076409128,-0.5489352393783931
-2.335,0.4835717293676135,-0.2840192792492073
-2.3345,0.5582629533713921,-0.1250697031716958
-2.334,0.5475927785137094,-0.02969995752518888
-2.3335,0.4835717293676135,-0.01910331912002144
-2.333,0.4729015545099309,-0.1250697031716958
-2.3325,0.5155822539406614,-0.2734226408440398
-2.332,0.4622313796522482,-0.3052125560595421
-2.3315,0.408880505363835,-0.2734226408440398
-2.331,0.3661998059331045,-0.2098428104130352
-2.3305,0.3448594562177392,-0.1568596183871981
-2.33,0.6116138276598051,0.1928294489833272
-2.3295,0.5902734779444399,0.6590815388106942
-2.329,-0.1673089369510276,0.1292496185523226
-2.3285,-0.9248913518464952,-0.3475991096802118
-2.328,-1.351698346153801,0.02328323450064829
-2.3275,-1.074273799854052,0.2458126410091644
-2.327,-0.572775581542968,0.3199891098453364
-2.3265,-0.1352984123779797,0.3517790250608387
-2.326,0.1527963087794516,0.4047622170866759
-2.3255,0.3021787567870086,0.4789386859228479
-2.325,0.3555296310754218,0.5849050699745222
-2.3245,0.3555296310754218,0.6802748156210291
-2.324,0.3341892813600565,0.775644561267536
-2.3235,0.3128489316446912,0.8604176685088755
-2.323,0.3021787567870086,0.9028042221295453
-2.3225,0.291508581929326,0.92399749893988
-2.322,0.1848068333524996,0.7968378380778709
-2.3215,-0.4554036581084589,0.1080563417419877
-2.321,-1.06360362499637,-0.718481453861072
-2.3205,-1.394379045584531,-1.34368311976595
-2.32,-1.095614149569417,-1.396666311791788
-2.3195,-0.4660738329661415,-0.9622041371799229
-2.319,0.05676473506030786,-0.474758770542221
-2.3185,0.3875401556484697,-0.1038764263613609
-2.318,0.5155822539406614,0.1610395337678249
-2.3175,0.5262524287983441,0.2776025562246667
-2.317,0.4942419042252961,0.2140227257936621
-2.3165,0.4729015545099309,0.13984625695749
-2.316,0.6009436528021226,0.1928294489833272
-2.3155,0.6009436528021226,0.06566978812131802
-2.315,0.5155822539406614,-0.1568596183871981
-2.3145,0.4195506802215176,-0.3475991096802118
-2.314,0.3555296310754218,-0.4641621321370536
-2.3135,0.4729015545099309,-0.3687923864905467
-2.313,0.8143471499557753,0.1822328105781598
-2.3125,0.2381577076409128,0.06566978812131802
-2.312,-0.7008176798351597,-0.6972881770507372
-2.3115,-1.298347471865388,-1.025783967610927
-2.311,-1.116954499284783,-0.718481453861072
-2.3105,-0.6367966306890638,-0.2628260024388724
-2.31,-0.1886492866663929,0.1504428953626575
-2.3095,0.1101156093487211,0.4471487707073456
-2.309,0.2808384070716433,0.6378882620003594
-2.3085,0.3448594562177392,0.7544512844572011
-2.308,0.3555296310754218,0.8286277532933731
-2.3075,0.3341892813600565,0.8604176685088755
-2.307,0.3128489316446912,0.8710143069140429
-2.3065,0.3021787567870086,0.849821030103708
-2.306,0.291508581929326,0.8180311148882058
-2.3055,0.2808384070716433,0.7332580076468663
-2.305,-0.08194753808956648,0.2776025562246667
-2.3045,-0.7434983792658902,-0.6019184314042303
-2.304,-1.26633694729234,-1.396666311791788
-2.3035,-1.298347471865388,-1.714565463946811
-2.303,-0.7114878546928423,-1.407262950196955
-2.3025,-0.08194753808956648,-0.9198175835592532
-2.302,0.3448594562177392,-0.4217755785163839
-2.3015,0.5582629533713921,-0.1144730647665284
-2.301,0.5902734779444399,0.01268659609548085
-2.3005,0.5582629533713921,0.02328323450064829
-2.3,0.4835717293676135,-0.02969995752518888
-2.2995,0.4302208550792003,-0.07208651114585861
-2.299,0.3875401556484697,-0.1250697031716958
-2.2985,0.3555296310754218,-0.1780528951975329
-2.298,0.3235191065023739,-0.2310360872233701
-2.2975,0.3128489316446912,-0.252229364033705
-2.297,0.2061471830678648,-0.2840192792492073
-2.2965,-0.1459685872356623,-0.3581957480853793
-2.296,-0.4767440078238243,-0.5595318777835605
-2.2955,-0.9355615267041777,-1.174136905283272
-2.295,-1.426389570157579,-1.576809164679634
-2.2945,-1.30901764672307,-1.174136905283272
-2.294,-0.7968492535543035,-0.5489352393783931
-2.2935,-0.2846808603855366,0.002089957690313421
-2.293,0.0674349099179905,0.3729723018711736
-2.2925,0.2701682322139607,0.5849050699745222
-2.292,0.3448594562177392,0.6908714540261965
-2.2915,0.3661998059331045,0.7332580076468663
-2.291,0.3448594562177392,0.7438546460520338
-2.2905,0.3235191065023739,0.7226613692416989
-2.29,0.3021787567870086,0.6908714540261965
-2.2895,0.291508581929326,0.6378882620003594
-2.289,0.2808384070716433,0.5743084315693548
-2.2885,0.05676473506030786,0.2246193641988295
-2.288,-0.6367966306890638,-0.6125150698093976
-2.2875,-1.223656247861609,-1.460246142222792
-2.287,-1.394379045584531,-1.979481424075996
-2.2865,-0.8715404775580819,-1.767548655972648
-2.286,-0.2099896363817582,-1.227120097309109
-2.2855,0.2488278824985954,-0.6549016234300674
-2.285,0.4942419042252961,-0.1992461720078678
-2.2845,0.5582629533713921,0.05507314971615059
-2.284,0.5369226036560266,0.1186529801471552
-2.2835,0.4835717293676135,0.06566978812131802
-2.283,0.5049120790829789,0.06566978812131802
-2.2825,0.6009436528021226,0.09745970333682032
-2.282,0.5689331282290746,0.01268659609548085
-2.2815,0.4835717293676135,-0.1038764263613609
-2.281,0.3982103305061524,-0.1780528951975329
-2.2805,0.3555296310754218,-0.1992461720078678
-2.28,0.4835717293676135,0.1080563417419877
-2.2795,0.5262524287983441,0.6166949851900245
-2.279,-0.2526703358124887,0.1822328105781598
-2.2785,-1.159635198715513,-0.6866915386455698
-2.278,-1.490410619303675,-0.8244478379127463
-2.2775,-1.1062843244271,-0.4853554089473885
-2.277,-0.5621054066852853,-0.05089323433552374
-2.2765,-0.1032878878049318,0.309392471440169
-2.276,0.1741366584948169,0.5637117931641874
-2.2755,0.3128489316446912,0.7332580076468663
-2.275,0.3555296310754218,0.8392243916985406
-2.2745,0.3555296310754218,0.8922075837243778
-2.274,0.3341892813600565,0.9134008605347127
-2.2735,0.3128489316446912,0.9134008605347127
-2.273,0.3021787567870086,0.8816109453192104
-2.2725,0.291508581929326,0.8286277532933731
-2.272,0.2381577076409128,0.7120647308365314
-2.2715,-0.1993194615240755,0.09745970333682032
-2.271,-0.5514352318276028,-0.6866915386455698
-2.2705,-0.807519428411986,-1.354279758171118
-2.27,-0.658136980404429,-1.555615887869299
-2.2695,-0.1673089369510276,-1.227120097309109
-2.269,0.2488278824985954,-0.7502713690765743
-2.2685,0.4622313796522482,-0.3793890248957141
-2.268,0.5262524287983441,-0.1356663415768632
-2.2675,0.5155822539406614,-0.04029659593035631
-2.267,0.4729015545099309,-0.05089323433552374
-2.2665,0.4515612047945656,-0.1462629799820306
-2.266,0.5689331282290746,-0.3899856633008816
-2.2655,0.5689331282290746,-0.4535654937318862
-2.265,0.4942419042252961,-0.4111789401112165
-2.2645,0.408880505363835,-0.3158091944647096
-2.264,0.3448594562177392,-0.252229364033705
-2.2635,0.4408910299368829,-0.05089323433552374
-2.263,0.9103787236749192,0.5743084315693548
-2.2625,0.7716664505250448,0.5743084315693548
-2.262,0.09944543449103843,-0.2734226408440398
-2.2615,-0.4447334832507763,-0.8562377531282487
-2.261,-0.4447334832507763,-0.6972881770507372
-2.2605,-0.2313299860971235,-0.2628260024388724
-2.26,0.00341386077189465,0.1822328105781598
-2.2595,0.1634664836371343,0.5213252395435176
-2.259,0.2701682322139607,0.7544512844572011
-2.2585,0.3021787567870086,0.8816109453192104
-2.258,0.3128489316446912,0.9451907757502149
-2.2575,0.3128489316446912,0.9663840525605498
-2.257,0.3021787567870086,0.9557874141553824
-2.2565,0.291508581929326,0.92399749893988
-2.256,0.2808384070716433,0.8710143069140429
-2.2555,0.2808384070716433,0.7862411996727035
-2.255,0.01408403562957729,0.3941655786815084
-2.2545,-0.6154562809736985,-0.4853554089473885
-2.254,-1.1062843244271,-1.354279758171118
-2.2535,-1.533091318734406,-2.011271339291499
-2.253,-1.277007122150022,-1.968884785670829
-2.2525,-0.5941159312583333,-1.417859588602123
-2.252,-0.01792648894347063,-0.8138511995075789
-2.2515,0.3128489316446912,-0.3793890248957141
-2.251,0.4515612047945656,-0.1568596183871981
-2.2505,0.4835717293676135,-0.1038764263613609
-2.25,0.4622313796522482,-0.1250697031716958
-2.2495,0.5049120790829789,-0.1462629799820306
-2.249,0.5262524287983441,-0.1780528951975329
-2.2485,0.4622313796522482,-0.2416327256285375
-2.248,0.3982103305061524,-0.2946159176543747
-2.2475,0.3448594562177392,-0.3158091944647096
-2.247,0.2488278824985954,-0.2416327256285375
-2.2465,-0.007256314085787988,0.05507314971615059
-2.246,-0.01792648894347063,0.6908714540261965
-2.2455,-0.4767440078238243,0.55311515475902
-2.245,-1.010252750707956,0.3305857482505039
-2.2445,-1.170305373573196,0.5213252395435176
-2.244,-0.8181896032696687,0.5107286011383502
-2.2435,-0.3593720843893152,0.4471487707073456
-2.243,-0.007256314085787988,0.4365521323021782
-2.2425,0.2061471830678648,0.4789386859228479
-2.242,0.3128489316446912,0.5743084315693548
-2.2415,0.3448594562177392,0.6908714540261965
-2.241,0.3341892813600565,0.8074344764830383
-2.2405,0.3235191065023739,0.9134008605347127
-2.24,0.3021787567870086,0.9769806909657173
-2.2395,0.291508581929326,1.029963882991555
-2.239,0.2808384070716433,1.00877060618122
-2.2385,0.1314559590640864,0.8074344764830383
-2.238,-0.5087545323968721,0.06566978812131802
-2.2375,-1.180975548430879,-0.7820612842920766
-2.237,-1.51175096901904,-1.34368311976595
-2.2365,-1.191645723288561,-1.311893204550448
-2.236,-0.5300948821122373,-0.8774310299385835
-2.2355,0.03542438534494258,-0.4429688553267188
-2.235,0.3555296310754218,-0.09327978795619347
-2.2345,0.4729015545099309,0.1186529801471552
-2.234,0.4835717293676135,0.1928294489833272
-2.2335,0.4515612047945656,0.1504428953626575
-2.233,0.4515612047945656,0.06566978812131802
-2.2325,0.5049120790829789,-0.02969995752518888
-2.232,0.4729015545099309,-0.1674562567923655
-2.2315,0.4195506802215176,-0.3052125560595421
-2.231,0.3661998059331045,-0.400582301706049
-2.2305,0.3341892813600565,-0.4323722169215513
-2.23,0.1207857842064037,-0.1462629799820306
-2.2295,-0.5834457564006506,0.2564092794143318
-2.229,-1.298347471865388,-0.2204394488182027
-2.2285,-1.693143941599645,-1.025783967610927
-2.228,-1.501080794161358,-1.216523458903942
-2.2275,-0.9035510021311299,-0.792657922697244
-2.227,-0.3380317346739499,-0.2416327256285375
-2.2265,0.05676473506030786,0.2140227257936621
-2.226,0.2701682322139607,0.5319218779486851
-2.2255,0.3555296310754218,0.7120647308365314
-2.225,0.3661998059331045,0.8074344764830383
-2.2245,0.3555296310754218,0.8392243916985406
-2.224,0.3235191065023739,0.8392243916985406
-2.2235,0.3021787567870086,0.8180311148882058
-2.223,0.291508581929326,0.7650479228623686
-2.2225,0.2808384070716433,0.7120647308365314
-2.222,0.2701682322139607,0.5743084315693548
-2.2215,0.1207857842064037,0.002089957690313421
-2.221,-0.4020527838200457,-0.8774310299385835
-2.2205,-0.8715404775580819,-1.619195718300304
-2.22,-0.8181896032696687,-1.926498232050159
-2.2195,-0.3273615598162672,-1.576809164679634
-2.219,0.142126133921769,-0.9939940523954253
-2.2185,0.408880505363835,-0.5489352393783931
-2.218,0.5155822539406614,-0.2734226408440398
-2.2175,0.5262524287983441,-0.1462629799820306
-2.217,0.4942419042252961,-0.09327978795619347
-2.2165,0.4515612047945656,-0.1038764263613609
-2.216,0.5369226036560266,-0.08268314955102604
-2.2155,0.5369226036560266,-0.09327978795619347
-2.215,0.4622313796522482,-0.1250697031716958
-2.2145,0.3982103305061524,-0.1356663415768632
-2.214,0.3341892813600565,-0.1356663415768632
-2.2135,0.3982103305061524,0.03387987290581572
-2.213,0.6969752265212663,0.627291623595192
-2.2125,0.1848068333524996,0.5637117931641874
-2.212,-0.7114878546928423,-0.2628260024388724
-2.2115,-1.426389570157579,-0.5065486857577234
-2.211,-1.362368521011484,-0.1992461720078678
-2.2105,-0.8502001278427167,0.06566978812131802
-2.21,-0.3273615598162672,0.2670059178194992
-2.2095,0.03542438534494258,0.4259554938970107
-2.209,0.2488278824985954,0.5425185163538525
-2.2085,0.3341892813600565,0.6484849004055269
-2.208,0.3555296310754218,0.7226613692416989
-2.2075,0.3448594562177392,0.7862411996727035
-2.207,0.3235191065023739,0.8392243916985406
-2.2065,0.3021787567870086,0.8604176685088755
-2.206,0.291508581929326,0.8604176685088755
-2.2055,0.2808384070716433,0.8074344764830383
-2.205,-0.1032878878049318,0.3623756634660061
-2.2045,-0.8715404775580819,-0.5065486857577234
-2.204,-1.405049220442214,-1.280103289334946
-2.2035,-1.533091318734406,-1.598002441489969
-2.203,-0.9569018764195432,-1.227120097309109
-2.2025,-0.2633405106701714,-0.6972881770507372
-2.202,0.2168173579255475,-0.2628260024388724
-2.2015,0.4729015545099309,0.002089957690313421
-2.201,0.5689331282290746,0.1504428953626575
-2.2005,0.5582629533713921,0.1292496185523226
-2.2,0.4942419042252961,0.04447651131098315
-2.1995,0.5262524287983441,-0.1674562567923655
-2.199,0.5475927785137094,-0.3475991096802118
-2.1985,0.4942419042252961,-0.400582301706049
-2.198,0.4195506802215176,-0.3899856633008816
-2.1975,0.3661998059331045,-0.3687923864905467
-2.197,0.2701682322139607,-0.252229364033705
-2.1965,-0.2420001609548061,0.309392471440169
-2.196,-0.9569018764195432,0.5319218779486851
-2.1955,-1.458400094730627,-0.1992461720078678
-2.195,-1.725154466172693,-0.8880276683437509
-2.1945,-1.405049220442214,-0.8032545611024114
-2.194,-0.7968492535543035,-0.4111789401112165
-2.1935,-0.2526703358124887,0.002089957690313421
-2.193,0.1101156093487211,0.3305857482505039
-2.1925,0.291508581929326,0.55311515475902
-2.192,0.3661998059331045,0.6908714540261965
-2.1915,0.3661998059331045,0.775644561267536
-2.191,0.3448594562177392,0.8180311148882058
-2.1905,0.3235191065023739,0.8392243916985406
-2.19,0.3021787567870086,0.8286277532933731
-2.1895,0.291508581929326,0.7968378380778709
-2.189,0.291508581929326,0.7438546460520338
-2.1885,0.1741366584948169,0.55311515475902
-2.188,-0.4127229586777283,-0.1568596183871981
-2.1875,-0.839529952985034,-0.9304142219644207
-2.187,-1.06360362499637,-1.534422611058964
-2.1865,-0.9569018764195432,-1.682775548731308
-2.186,-0.4767440078238243,-1.248313374119443
-2.1855,-0.007256314085787988,-0.6654982618352349
-2.185,0.3021787567870086,-0.2416327256285375
-2.1845,0.4515612047945656,0.01268659609548085
-2.184,0.4942419042252961,0.05507314971615059
-2.1835,0.4835717293676135,-0.01910331912002144
-2.183,0.4729015545099309,-0.1462629799820306
-2.1825,0.5155822539406614,-0.3370024712750445
-2.182,0.4835717293676135,-0.3687923864905467
-2.1815,0.4195506802215176,-0.3052125560595421
-2.181,0.3768699807907871,-0.2310360872233701
-2.1805,0.3448594562177392,-0.1462629799820306
-2.18,0.2061471830678648,0.2776025562246667
-2.1795,-0.2953510352432193,0.8604176685088755
-2.179,-1.084943974711735,0.4365521323021782
-2.1785,-1.661133417026597,-0.2204394488182027
-2.178,-1.906547438753298,0.06566978812131802
-2.1775,-1.437059745015262,0.3199891098453364
-2.177,-0.754168554123573,0.3729723018711736
-2.1765,-0.1993194615240755,0.3623756634660061
-2.176,0.1527963087794516,0.383568940276341
-2.1755,0.3235191065023739,0.4365521323021782
-2.175,0.3768699807907871,0.5107286011383502
-2.1745,0.3768699807907871,0.6060983467848571
-2.174,0.3555296310754218,0.701468092431364
-2.1735,0.3235191065023739,0.775644561267536
-2.173,0.3021787567870086,0.8286277532933731
-2.1725,0.291508581929326,0.8710143069140429
-2.172,0.2594980573562781,0.7862411996727035
-2.1715,-0.007256314085787988,0.13984625695749
-2.171,-0.2953510352432193,-0.6337083466197325
-2.1705,-0.7434983792658902,-1.280103289334946
-2.17,-1.1062843244271,-1.640388995110639
-2.1695,-0.8288597781273515,-1.396666311791788
-2.169,-0.3060212101009019,-0.792657922697244
-2.1685,0.1207857842064037,-0.2098428104130352
-2.168,0.3768699807907871,0.1610395337678249
-2.1675,0.4835717293676135,0.2776025562246667
-2.167,0.5155822539406614,0.2564092794143318
-2.1665,0.5049120790829789,0.13984625695749
-2.166,0.6222840025174878,-0.1674562567923655
-2.1655,0.6329541773751706,-0.3581957480853793
-2.165,0.5475927785137094,-0.4217755785163839
-2.1645,0.4408910299368829,-0.4323722169215513
-2.164,0.3661998059331045,-0.4217755785163839
-2.1635,0.4195506802215176,-0.2628260024388724
-2.163,0.7823366253827275,0.3517790250608387
-2.1625,0.3235191065023739,0.3411823866556712
-2.162,-0.5300948821122373,-0.3687923864905467
-2.1615,-1.277007122150022,-0.2734226408440398
-2.161,-1.330357996438436,0.1292496185523226
-2.1605,-0.8715404775580819,0.2670059178194992
-2.16,-0.3700422592469978,0.2987958330350016
-2.1595,0.01408403562957729,0.3199891098453364
-2.159,0.2381577076409128,0.3623756634660061
-2.1585,0.3341892813600565,0.4365521323021782
-2.158,0.3661998059331045,0.5213252395435176
-2.1575,0.3555296310754218,0.6166949851900245
-2.157,0.3341892813600565,0.701468092431364
-2.1565,0.3021787567870086,0.7650479228623686
-2.156,0.291508581929326,0.7968378380778709
-2.1555,0.291508581929326,0.8180311148882058
-2.155,0.2168173579255475,0.4895353243280153
-2.1545,0.07810508477567314,-0.3158091944647096
-2.154,-0.4767440078238243,-1.068170521231597
-2.1535,-0.9248913518464952,-1.449649503817625
-2.153,-0.6794773301197943,-1.142346990067769
-2.1525,-0.1993194615240755,-0.6019184314042303
-2.152,0.1954770082101822,-0.1356663415768632
-2.1515,0.3982103305061524,0.1822328105781598
-2.151,0.4729015545099309,0.3199891098453364
-2.1505,0.4835717293676135,0.3199891098453364
-2.15,0.4515612047945656,0.2140227257936621
-2.1495,0.5155822539406614,0.1822328105781598
-2.149,0.5689331282290746,0.1504428953626575
-2.1485,0.5155822539406614,0.01268659609548085
-2.148,0.4408910299368829,-0.1462629799820306
-2.1475,0.3661998059331045,-0.2628260024388724
-2.147,0.3448594562177392,-0.3052125560595421
-2.1465,0.707645401378949,0.1080563417419877
-2.146,0.8890383739595538,0.8286277532933731
-2.1455,0.2381577076409128,0.7332580076468663
-2.145,-0.6154562809736985,0.05507314971615059
-2.1445,-0.9355615267041777,-0.07208651114585861
-2.144,-0.7008176798351597,-0.02969995752518888
-2.1435,-0.3166913849585846,0.08686306493165288
-2.143,-0.007256314085787988,0.2352160026039969
-2.1425,0.1954770082101822,0.3729723018711736
-2.142,0.3021787567870086,0.5107286011383502
-2.1415,0.3341892813600565,0.627291623595192
-2.141,0.3341892813600565,0.7226613692416989
-2.1405,0.3235191065023739,0.8074344764830383
-2.14,0.3128489316446912,0.8604176685088755
-2.1395,0.291508581929326,0.9028042221295453
-2.139,0.291508581929326,0.9028042221295453
-2.1385,0.2274875327832301,0.7968378380778709
-2.138,-0.3060212101009019,0.13984625695749
-2.1375,-0.8608703027003992,-0.6972881770507372
-2.137,-1.298347471865388,-1.364876396576285
-2.1365,-1.437059745015262,-1.788741932782983
-2.136,-0.8822106524157645,-1.576809164679634
-2.1355,-0.2313299860971235,-0.9833974139902578
-2.135,0.2168173579255475,-0.4111789401112165
-2.1345,0.4515612047945656,-0.01910331912002144
-2.134,0.5155822539406614,0.1610395337678249
-2.1335,0.5049120790829789,0.1822328105781598
-2.133,0.4942419042252961,0.08686306493165288
-2.1325,0.5689331282290746,-0.1568596183871981
-2.132,0.5369226036560266,-0.3158091944647096
-2.1315,0.4515612047945656,-0.3899856633008816
-2.131,0.3875401556484697,-0.4429688553267188
-2.1305,0.3555296310754218,-0.4535654937318862
-2.13,0.1527963087794516,-0.1144730647665284
-2.1295,-0.4020527838200457,0.5425185163538525
-2.129,-1.06360362499637,0.3517790250608387
-2.1285,-1.682473766741963,-0.5171453241628908
-2.128,-1.789175515318789,-0.9198175835592532
-2.1275,-1.234326422719292,-0.6654982618352349
-2.127,-0.5834457564006506,-0.2204394488182027
-2.1265,-0.09261771294724913,0.1928294489833272
-2.126,0.2061471830678648,0.5107286011383502
-2.1255,0.3341892813600565,0.7120647308365314
-2.125,0.3768699807907871,0.8286277532933731
-2.1245,0.3661998059331045,0.9028042221295453
-2.124,0.3448594562177392,0.92399749893988
-2.1235,0.3128489316446912,0.92399749893988
-2.123,0.3021787567870086,0.8922075837243778
-2.1225,0.291508581929326,0.849821030103708
-2.122,0.2488278824985954,0.7226613692416989
-2.1215,-0.2526703358124887,0.04447651131098315
-2.121,-0.8822106524157645,-0.8562377531282487
-2.1205,-1.223656247861609,-1.587405803084801
-2.12,-1.127624674142465,-1.767548655972648
-2.1195,-0.572775581542968,-1.354279758171118
-2.119,-0.007256314085787988,-0.8032545611024114
-2.1185,0.3448594562177392,-0.3581957480853793
-2.118,0.4942419042252961,-0.09327978795619347
-2.1175,0.5155822539406614,0.01268659609548085
-2.117,0.4835717293676135,0.002089957690313421
-2.1165,0.4408910299368829,-0.05089323433552374
-2.116,0.3982103305061524,0.002089957690313421
-2.1155,0.3661998059331045,-0.06148987274069118
-2.115,0.3448594562177392,-0.1992461720078678
-2.1145,0.3235191065023739,-0.3158091944647096
-2.114,0.3128489316446912,-0.3793890248957141
-2.1135,0.3875401556484697,-0.2734226408440398
-2.113,0.8356874996711408,0.3411823866556712
-2.1125,0.5796033030867573,0.5743084315693548
-2.112,-0.1993194615240755,-0.1462629799820306
-2.1115,-0.9569018764195432,-0.5383386009732256
-2.111,-1.052933450138687,-0.3158091944647096
-2.1105,-0.690147504977477,-0.01910331912002144
-2.11,-0.274010685527854,0.2564092794143318
-2.1095,0.04609456020262521,0.4895353243280153
-2.109,0.2381577076409128,0.6696781772158616
-2.1085,0.3235191065023739,0.8074344764830383
-2.108,0.3448594562177392,0.9134008605347127
-2.1075,0.3341892813600565,0.9875773293708847
-2.107,0.3235191065023739,1.040560521396722
-2.1065,0.3021787567870086,1.061753798207057
-2.106,0.3021787567870086,1.061753798207057
-2.1055,0.291508581929326,1.00877060618122
-2.105,0.1527963087794516,0.775644561267536
-2.1045,-0.2953510352432193,0.06566978812131802
-2.104,-0.5087545323968721,-0.6972881770507372
-2.1035,-0.7328282044082075,-1.38606967338662
-2.103,-0.839529952985034,-1.831128486403653
-2.1025,-0.4020527838200457,-1.598002441489969
-2.102,0.04609456020262521,-1.01518732920576
-2.1015,0.3235191065023739,-0.5277419625680583
-2.101,0.4515612047945656,-0.252229364033705
-2.1005,0.4942419042252961,-0.1356663415768632
-2.1,0.4729015545099309,-0.1356663415768632
-2.0995,0.4622313796522482,-0.07208651114585861
-2.099,0.4622313796522482,-0.02969995752518888
-2.0985,0.4195506802215176,-0.1462629799820306
-2.098,0.3768699807907871,-0.2946159176543747
-2.0975,0.3341892813600565,-0.400582301706049
-2.097,0.3235191065023739,-0.4323722169215513
-2.0965,0.6116138276598051,-0.09327978795619347
-2.096,0.6756348768059011,0.3199891098453364
-2.0955,-0.03926683865883591,-0.2098428104130352
-2.095,-0.807519428411986,-1.01518732920576
-2.0945,-1.074273799854052,-1.131750351662602
-2.094,-0.7861790786966207,-0.6654982618352349
-2.0935,-0.3593720843893152,-0.09327978795619347
-2.093,-0.01792648894347063,0.383568940276341
-2.0925,0.2061471830678648,0.701468092431364
-2.092,0.3021787567870086,0.8922075837243778
-2.0915,0.3448594562177392,0.9875773293708847
-2.091,0.3341892813600565,1.019367244586387
-2.0905,0.3235191065023739,1.019367244586387
-2.09,0.3021787567870086,0.9769806909657173
-2.0895,0.291508581929326,0.9134008605347127
-2.089,0.2808384070716433,0.8392243916985406
-2.0885,0.2274875327832301,0.6166949851900245
-2.088,-0.1139580626626144,-0.1780528951975329
-2.0875,-0.7008176798351597,-1.089363798041932
-2.087,-0.9889124009925911,-1.661582271920973
-2.0865,-0.722158029550525,-1.809935209593318
-2.086,-0.1779791118087102,-1.492036057438295
-2.0855,0.2701682322139607,-1.05757388282643
-2.085,0.5049120790829789,-0.6443049850249
-2.0845,0.5689331282290746,-0.3475991096802118
-2.084,0.5475927785137094,-0.1674562567923655
-2.0835,0.4729015545099309,-0.1038764263613609
-2.083,0.4408910299368829,-0.07208651114585861
-2.0825,0.5049120790829789,0.05507314971615059
-2.082,0.4942419042252961,0.03387987290581572
-2.0815,0.4302208550792003,-0.06148987274069118
-2.081,0.3875401556484697,-0.1462629799820306
-2.0805,0.3448594562177392,-0.1886495336027004
-2.08,0.5049120790829789,0.01268659609548085
-2.0795,0.8036769750980928,0.6484849004055269
-2.079,0.1207857842064037,0.5425185163538525
-2.0785,-0.7755089038389382,-0.2840192792492073
-2.078,-1.330357996438436,-0.5595318777835605
-2.0775,-1.127624674142465,-0.3475991096802118
-2.077,-0.6367966306890638,-0.04029659593035631
-2.0765,-0.1886492866663929,0.2458126410091644
-2.076,0.1101156093487211,0.4683420475176805
-2.0755,0.2808384070716433,0.627291623595192
-2.075,0.3448594562177392,0.7438546460520338
-2.0745,0.3448594562177392,0.8286277532933731
-2.074,0.3341892813600565,0.8816109453192104
-2.0735,0.3128489316446912,0.9028042221295453
-2.073,0.291508581929326,0.9028042221295453
-2.0725,0.2808384070716433,0.8816109453192104
-2.072,0.2594980573562781,0.8180311148882058
-2.0715,0.05676473506030786,0.2564092794143318
-2.071,-0.274010685527854,-0.6125150698093976
-2.0705,-0.7648387289812555,-1.333086481360783
-2.07,-1.06360362499637,-1.767548655972648
-2.0695,-0.7328282044082075,-1.51322933424863
-2.069,-0.2313299860971235,-0.9728007755850904
-2.0685,0.1634664836371343,-0.4641621321370536
-2.068,0.3875401556484697,-0.08268314955102604
-2.0675,0.4729015545099309,0.1186529801471552
-2.067,0.4729015545099309,0.1504428953626575
-2.0665,0.4408910299368829,0.06566978812131802
-2.066,0.5475927785137094,-0.2204394488182027
-2.0655,0.5902734779444399,-0.4111789401112165
-2.065,0.5262524287983441,-0.4429688553267188
-2.0645,0.4302208550792003,-0.400582301706049
-2.064,0.3661998059331045,-0.3475991096802118
-2.0635,0.2594980573562781,-0.1462629799820306
-2.063,0.1207857842064037,0.457745409112513
-2.0625,-0.5194247072545548,0.4683420475176805
-2.062,-1.351698346153801,-0.3052125560595421
-2.0615,-1.917217613610981,-0.3687923864905467
-2.061,-1.67180359188428,-0.01910331912002144
-2.0605,-1.010252750707956,0.1610395337678249
-2.06,-0.391382608962363,0.2670059178194992
-2.0595,0.03542438534494258,0.3305857482505039
-2.059,0.2701682322139607,0.4153588554918433
-2.0585,0.3555296310754218,0.4895353243280153
-2.058,0.3768699807907871,0.5743084315693548
-2.0575,0.3555296310754218,0.6590815388106942
-2.057,0.3235191065023739,0.7332580076468663
-2.0565,0.3021787567870086,0.7862411996727035
-2.056,0.291508581929326,0.8180311148882058
-2.0555,0.2808384070716433,0.8074344764830383
-2.055,0.3555296310754218,0.5425185163538525
-2.0545,0.8463576745288233,-0.2310360872233701
-2.054,0.7716664505250448,-0.9939940523954253
-2.0535,0.2274875327832301,-1.417859588602123
-2.053,0.1741366584948169,-1.258910012524611
-2.0525,0.3021787567870086,-0.8032545611024114
-2.052,0.408880505363835,-0.326405832869877
-2.0515,0.4835717293676135,0.02328323450064829
-2.051,0.5155822539406614,0.1822328105781598
-2.0505,0.4835717293676135,0.2246193641988295
-2.05,0.4302208550792003,0.1822328105781598
-2.0495,0.4622313796522482,0.13984625695749
-2.049,0.5262524287983441,0.1186529801471552
-2.0485,0.4942419042252961,-0.008506680714854012
-2.048,0.4302208550792003,-0.1568596183871981
-2.0475,0.3661998059331045,-0.2628260024388724
-2.047,0.3021787567870086,-0.2840192792492073
-2.0465,0.02475421048725994,-0.2098428104130352
-2.046,-0.3273615598162672,-0.4853554089473885
-2.0455,-0.9675720512772257,-1.152943628472937
-2.045,-1.51175096901904,-1.682775548731308
-2.0445,-1.46907026958831,-1.42845622700729
-2.044,-0.9462317015618604,-0.7714646458869092
-2.0435,-0.4020527838200457,-0.1568596183871981
-2.043,0.00341386077189465,0.2881991946298341
-2.0425,0.2274875327832301,0.55311515475902
-2.042,0.3341892813600565,0.6908714540261965
-2.0415,0.3555296310754218,0.7544512844572011
-2.041,0.3448594562177392,0.7650479228623686
-2.0405,0.3128489316446912,0.7544512844572011
-2.04,0.3021787567870086,0.7332580076468663
-2.0395,0.2808384070716433,0.6802748156210291
-2.039,0.2808384070716433,0.627291623595192
-2.0385,0.2274875327832301,0.457745409112513
-2.038,-0.06060718837420119,-0.2310360872233701
-2.0375,-0.5621054066852853,-1.078767159636765
-2.037,-0.9462317015618604,-1.682775548731308
-2.0365,-0.6794773301197943,-1.725162102351978
-2.036,-0.156638762093345,-1.311893204550448
-2.0355,0.2488278824985954,-0.7608680074817418
-2.035,0.4622313796522482,-0.2946159176543747
-2.0345,0.5049120790829789,-0.008506680714854012
-2.034,0.4835717293676135,0.07626642652648545
-2.0335,0.4302208550792003,0.05507314971615059
-2.033,0.3875401556484697,-0.01910331912002144
-2.0325,0.4408910299368829,-0.07208651114585861
-2.032,0.4302208550792003,-0.1144730647665284
-2.0315,0.3982103305061524,-0.1568596183871981
-2.031,0.3555296310754218,-0.1674562567923655
-2.0305,0.3235191065023739,-0.1674562567923655
-2.03,0.4622313796522482,0.002089957690313421
-2.0295,0.8997085488172365,0.5743084315693548
-2.029,0.4408910299368829,0.383568940276341
-2.0285,-0.4554036581084589,-0.4641621321370536
-2.028,-1.074273799854052,-0.8138511995075789
-2.0275,-0.9462317015618604,-0.570128516188728
-2.027,-0.5407650569699201,-0.1674562567923655
-2.0265,-0.156638762093345,0.2034260873884947
-2.026,0.1101156093487211,0.4789386859228479
-2.0255,0.2594980573562781,0.6484849004055269
-2.025,0.3235191065023739,0.7544512844572011
-2.0245,0.3341892813600565,0.8074344764830383
-2.024,0.3128489316446912,0.8180311148882058
-2.0235,0.291508581929326,0.8180311148882058
-2.023,0.2808384070716433,0.775644561267536
-2.0225,0.2701682322139607,0.7226613692416989
-2.022,0.2594980573562781,0.6060983467848571
-2.0215,-0.124628237520297,0.13984625695749
-2.021,-0.6367966306890638,-0.7078848154559045
-2.0205,-0.9782422261349084,-1.481439419033127
-2.02,-1.020922925565639,-1.926498232050159
-2.0195,-0.4980843575391895,-1.703968825541643
-2.019,0.02475421048725994,-1.0999604364471
-2.0185,0.3448594562177392,-0.5383386009732256
-2.018,0.4835717293676135,-0.1886495336027004
-2.0175,0.5155822539406614,-0.02969995752518888
-2.017,0.4942419042252961,-0.008506680714854012
-2.0165,0.4515612047945656,-0.04029659593035631
-2.016,0.4515612047945656,-0.05089323433552374
-2.0155,0.4515612047945656,-0.08268314955102604
-2.015,0.3982103305061524,-0.1462629799820306
-2.0145,0.3555296310754218,-0.1886495336027004
-2.014,0.3235191065023739,-0.2098428104130352
-2.0135,0.3341892813600565,-0.1462629799820306
-2.013,0.7183155762366316,0.3623756634660061
-2.0125,0.3768699807907871,0.5213252395435176
-2.012,-0.4874141826815069,-0.1886495336027004
-2.0115,-1.234326422719292,-0.3793890248957141
-2.011,-1.341028171296118,-0.04029659593035631
-2.0105,-0.9142211769888124,0.1928294489833272
-2.01,-0.4020527838200457,0.3517790250608387
-2.0095,-0.01792648894347063,0.4683420475176805
-2.009,0.2061471830678648,0.5637117931641874
-2.0085,0.3128489316446912,0.6484849004055269
-2.008,0.3341892813600565,0.7332580076468663
-2.0075,0.3341892813600565,0.7968378380778709
-2.007,0.3128489316446912,0.849821030103708
-2.0065,0.291508581929326,0.8816109453192104
-2.006,0.2808384070716433,0.8816109453192104
-2.0055,0.2701682322139607,0.8392243916985406
-2.005,0.04609456020262521,0.5637117931641874
-2.0045,-0.6794773301197943,-0.252229364033705
-2.004,-1.319687821580753,-1.0999604364471
-2.0035,-1.789175515318789,-1.714565463946811
-2.003,-1.639793067311232,-1.725162102351978
-2.0025,-0.9142211769888124,-1.216523458903942
-2.002,-0.2206598112394408,-0.6760949002404023
-2.0015,0.2381577076409128,-0.2628260024388724
-2.001,0.4729015545099309,-0.008506680714854012
-2.0005,0.5475927785137094,0.07626642652648545
-2,0.5155822539406614,0.06566978812131802
-1.9995,0.4942419042252961,-0.01910331912002144
-1.999,0.5155822539406614,-0.1462629799820306
-1.9985,0.4622313796522482,-0.2310360872233701
-1.998,0.3982103305061524,-0.2840192792492073
-1.9975,0.3448594562177392,-0.3158091944647096
-1.997,0.3235191065023739,-0.3158091944647096
-1.9965,0.5902734779444399,0.05507314971615059
-1.996,0.5262524287983441,0.457745409112513
-1.9955,-0.1352984123779797,-0.1038764263613609
-1.995,-0.7648387289812555,-0.9410108603695881
-1.9945,-0.8502001278427167,-1.110557074852267
-1.994,-0.5514352318276028,-0.6972881770507372
-1.9935,-0.1993194615240755,-0.1674562567923655
-1.993,0.0674349099179905,0.2670059178194992
-1.9925,0.2274875327832301,0.5637117931641874
-1.992,0.3021787567870086,0.7332580076468663
-1.9915,0.3235191065023739,0.8074344764830383
-1.991,0.3128489316446912,0.8286277532933731
-1.9905,0.3021787567870086,0.8180311148882058
-1.99,0.291508581929326,0.7862411996727035
-1.9895,0.2701682322139607,0.7332580076468663
-1.989,0.2701682322139607,0.6696781772158616
-1.9885,0.1848068333524996,0.457745409112513
-1.988,-0.3593720843893152,-0.3052125560595421
-1.9875,-1.084943974711735,-1.216523458903942
-1.987,-1.490410619303675,-1.915901593644992
-1.9865,-1.319687821580753,-1.968884785670829
-1.986,-0.6688071552621118,-1.460246142222792
-1.9855,-0.07127736323188383,-0.8668343915334161
-1.985,0.2808384070716433,-0.3687923864905467
-1.9845,0.4408910299368829,-0.08268314955102604
-1.984,0.4942419042252961,0.002089957690313421
-1.9835,0.4729015545099309,-0.02969995752518888
-1.983,0.4408910299368829,-0.09327978795619347
-1.9825,0.4622313796522482,-0.252229364033705
-1.982,0.4408910299368829,-0.3158091944647096
-1.9815,0.3875401556484697,-0.2946159176543747
-1.981,0.3448594562177392,-0.2416327256285375
-1.9805,0.3128489316446912,-0.1886495336027004
-1.98,0.4195506802215176,0.002089957690313421
-1.9795,0.7609962756673623,0.627291623595192
-1.979,0.2168173579255475,0.6696781772158616
-1.9785,-0.6688071552621118,-0.05089323433552374
-1.978,-1.394379045584531,0.02328323450064829
-1.9775,-1.383708870726849,0.3199891098453364
-1.977,-0.8928808272734472,0.383568940276341
-1.9765,-0.3700422592469978,0.3729723018711736
-1.976,0.01408403562957729,0.383568940276341
-1.9755,0.2274875327832301,0.4365521323021782
-1.975,0.3235191065023739,0.5107286011383502
-1.9745,0.3448594562177392,0.6166949851900245
-1.974,0.3341892813600565,0.7226613692416989
-1.9735,0.3128489316446912,0.8074344764830383
-1.973,0.291508581929326,0.8710143069140429
-1.9725,0.2808384070716433,0.9028042221295453
-1.972,0.2594980573562781,0.8922075837243778
-1.9715,-0.1459685872356623,0.457745409112513
-1.971,-0.8928808272734472,-0.3793890248957141
-1.9705,-1.447729919872945,-1.131750351662602
-1.97,-1.533091318734406,-1.47084278062796
-1.9695,-0.9889124009925911,-1.163540266878104
-1.969,-0.3273615598162672,-0.6337083466197325
-1.9685,0.1634664836371343,-0.1886495336027004
-1.968,0.4195506802215176,0.09745970333682032
-1.9675,0.5155822539406614,0.2458126410091644
-1.967,0.5049120790829789,0.2246193641988295
-1.9665,0.4515612047945656,0.1610395337678249
-1.966,0.4835717293676135,0.1610395337678249
-1.9655,0.4942419042252961,0.1080563417419877
-1.965,0.4408910299368829,-0.06148987274069118
-1.9645,0.3875401556484697,-0.2204394488182027
-1.964,0.3341892813600565,-0.3581957480853793
-1.9635,0.3021787567870086,-0.3581957480853793
-1.963,0.2061471830678648,0.1610395337678249
-1.9625,-0.156638762093345,0.3623756634660061
-1.962,-0.7008176798351597,-0.3475991096802118
-1.9615,-1.138294849000148,-0.8986243067489184
-1.961,-1.138294849000148,-0.6654982618352349
-1.9605,-0.7328282044082075,-0.2840192792492073
-1.96,-0.2846808603855366,0.05507314971615059
-1.9595,0.04609456020262521,0.309392471440169
-1.959,0.2381577076409128,0.5001319627331828
-1.9585,0.3235191065023739,0.627291623595192
-1.958,0.3448594562177392,0.7120647308365314
-1.9575,0.3341892813600565,0.775644561267536
-1.957,0.3128489316446912,0.8180311148882058
-1.9565,0.291508581929326,0.8392243916985406
-1.956,0.2808384070716433,0.8286277532933731
-1.9555,0.2701682322139607,0.7862411996727035
-1.955,0.09944543449103843,0.457745409112513
-1.9545,-0.1886492866663929,-0.3581957480853793
-1.954,-0.658136980404429,-1.152943628472937
-1.9535,-1.127624674142465,-1.725162102351978
-1.953,-1.202315898146244,-1.809935209593318
-1.9525,-0.7008176798351597,-1.333086481360783
-1.952,-0.156638762093345,-0.7396747306714069
-1.9515,0.2168173579255475,-0.2098428104130352
-1.951,0.408880505363835,0.09745970333682032
-1.9505,0.4729015545099309,0.2034260873884947
-1.95,0.4622313796522482,0.1716361721729923
-1.9495,0.4515612047945656,0.1186529801471552
-1.949,0.4729015545099309,0.06566978812131802
-1.9485,0.4408910299368829,-0.08268314955102604
-1.948,0.3875401556484697,-0.2310360872233701
-1.9475,0.3448594562177392,-0.3475991096802118
-1.947,0.3128489316446912,-0.3793890248957141
-1.9465,0.1741366584948169,-0.01910331912002144
-1.946,-0.04993701351651855,0.4789386859228479
-1.9455,-0.7114878546928423,0.002089957690313421
-1.945,-1.394379045584531,-0.7714646458869092
-1.9445,-1.501080794161358,-0.9092209451540858
-1.944,-1.031593100423322,-0.5489352393783931
-1.9435,-0.4767440078238243,-0.09327978795619347
-1.943,-0.04993701351651855,0.2987958330350016
-1.9425,0.2061471830678648,0.5849050699745222
-1.942,0.3235191065023739,0.7650479228623686
-1.9415,0.3555296310754218,0.8710143069140429
-1.941,0.3448594562177392,0.92399749893988
-1.9405,0.3235191065023739,0.9557874141553824
-1.94,0.3021787567870086,0.9451907757502149
-1.9395,0.2808384070716433,0.9134008605347127
-1.939,0.2808384070716433,0.849821030103708
-1.9385,0.2381577076409128,0.7438546460520338
-1.938,-0.2206598112394408,0.13984625695749
-1.9375,-0.8288597781273515,-0.7502713690765743
-1.937,-1.330357996438436,-1.545019249464132
-1.9365,-1.234326422719292,-1.640388995110639
-1.936,-0.6047861061160158,-1.195330182093607
-1.9355,-0.01792648894347063,-0.6972881770507372
-1.935,0.3448594562177392,-0.3370024712750445
-1.9345,0.5155822539406614,-0.1780528951975329
-1.934,0.5475927785137094,-0.1038764263613609
-1.9335,0.5155822539406614,-0.1038764263613609
-1.933,0.4729015545099309,-0.1250697031716958
-1.9325,0.5689331282290746,-0.02969995752518888
-1.932,0.5582629533713921,-0.06148987274069118
-1.9315,0.4835717293676135,-0.1568596183871981
-1.931,0.408880505363835,-0.2310360872233701
-1.9305,0.3448594562177392,-0.252229364033705
-1.93,0.3875401556484697,-0.04029659593035631
-1.9295,0.8143471499557753,0.5955017083796896
-1.929,0.4942419042252961,0.5849050699745222
-1.9285,-0.274010685527854,-0.2098428104130352
-1.928,-0.9035510021311299,-0.5489352393783931
-1.9275,-0.8608703027003992,-0.3475991096802118
-1.927,-0.5087545323968721,-0.01910331912002144
-1.9265,-0.1459685872356623,0.2987958330350016
-1.926,0.1101156093487211,0.5637117931641874
-1.9255,0.2488278824985954,0.7544512844572011
-1.925,0.3128489316446912,0.8816109453192104
-1.9245,0.3341892813600565,0.9769806909657173
-1.924,0.3235191065023739,1.029963882991555
-1.9235,0.3021787567870086,1.051157159801889
-1.923,0.291508581929326,1.040560521396722
-1.9225,0.2808384070716433,0.9875773293708847
-1.922,0.2594980573562781,0.8816109453192104
-1.9215,-0.1139580626626144,0.4047622170866759
-1.921,-0.8288597781273515,-0.5065486857577234
-1.9205,-1.426389570157579,-1.34368311976595
-1.92,-1.618452717595867,-1.735758740757146
-1.9195,-1.052933450138687,-1.417859588602123
-1.919,-0.3487019095316325,-0.8880276683437509
-1.9185,0.1527963087794516,-0.4111789401112165
-1.918,0.4302208550792003,-0.09327978795619347
-1.9175,0.5262524287983441,0.04447651131098315
-1.917,0.5155822539406614,0.03387987290581572
-1.9165,0.4622313796522482,-0.06148987274069118
-1.916,0.408880505363835,-0.07208651114585861
-1.9155,0.3768699807907871,-0.1144730647665284
-1.915,0.3448594562177392,-0.2310360872233701
-1.9145,0.3235191065023739,-0.3475991096802118
-1.914,0.3021787567870086,-0.400582301706049
-1.9135,0.3341892813600565,-0.3370024712750445
-1.913,0.7503261008096795,0.2140227257936621
-1.9125,0.6756348768059011,0.6484849004055269
-1.912,-0.07127736323188383,0.02328323450064829
-1.9115,-0.7755089038389382,-0.8032545611024114
-1.911,-0.8715404775580819,-0.8774310299385835
-1.9105,-0.572775581542968,-0.4535654937318862
-1.91,-0.2099896363817582,0.05507314971615059
-1.9095,0.0674349099179905,0.4789386859228479
-1.909,0.2274875327832301,0.7650479228623686
-1.9085,0.3128489316446912,0.9451907757502149
-1.908,0.3235191065023739,1.029963882991555
-1.9075,0.3235191065023739,1.072350436612224
-1.907,0.3128489316446912,1.072350436612224
-1.9065,0.291508581929326,1.029963882991555
-1.906,0.2808384070716433,0.9557874141553824
-1.9055,0.2701682322139607,0.849821030103708
-1.905,0.1634664836371343,0.6060983467848571
-1.9045,-0.4874141826815069,-0.1780528951975329
-1.904,-1.223656247861609,-1.121153713257435
-1.9035,-1.597112367880501,-1.767548655972648
-1.903,-1.127624674142465,-1.661582271920973
-1.9025,-0.4127229586777283,-1.248313374119443
-1.902,0.1314559590640864,-0.8032545611024114
-1.9015,0.4195506802215176,-0.4641621321370536
-1.901,0.5262524287983441,-0.2946159176543747
-1.9005,0.5262524287983441,-0.2204394488182027
-1.9,0.4729015545099309,-0.1780528951975329
-1.8995,0.4302208550792003,-0.1886495336027004
-1.899,0.4515612047945656,-0.3052125560595421
-1.8985,0.4302208550792003,-0.326405832869877
-1.898,0.3768699807907871,-0.3052125560595421
-1.8975,0.3448594562177392,-0.252229364033705
-1.897,0.3235191065023739,-0.1886495336027004
-1.8965,0.5689331282290746,0.1504428953626575
-1.896,0.7396559259519968,0.775644561267536
-1.8955,-0.07127736323188383,0.4471487707073456
-1.895,-0.8608703027003992,-0.2416327256285375
-1.8945,-1.405049220442214,-0.008506680714854012
-1.894,-1.234326422719292,0.2670059178194992
-1.8935,-0.7328282044082075,0.3411823866556712
-1.893,-0.2526703358124887,0.3729723018711736
-1.8925,0.07810508477567314,0.4153588554918433
-1.892,0.2594980573562781,0.4789386859228479
-1.8915,0.3341892813600565,0.5743084315693548
-1.891,0.3448594562177392,0.6696781772158616
-1.8905,0.3341892813600565,0.7650479228623686
-1.89,0.3128489316446912,0.8392243916985406
-1.8895,0.291508581929326,0.8816109453192104
-1.889,0.2808384070716433,0.9028042221295453
-1.8885,0.2061471830678648,0.7968378380778709
-1.888,-0.2313299860971235,0.1716361721729923
-1.8875,-0.9142211769888124,-0.6760949002404023
-1.887,-1.479740444445993,-1.34368311976595
-1.8865,-1.330357996438436,-1.439052865412457
-1.886,-0.6474668055467465,-1.01518732920576
-1.8855,-0.04993701351651855,-0.4641621321370536
-1.885,0.3021787567870086,-0.02969995752518888
-1.8845,0.4622313796522482,0.2034260873884947
-1.884,0.4942419042252961,0.2670059178194992
-1.8835,0.4729015545099309,0.2352160026039969
-1.883,0.4302208550792003,0.1186529801471552
-1.8825,0.5262524287983441,0.13984625695749
-1.882,0.5262524287983441,0.03387987290581572
-1.8815,0.4729015545099309,-0.1462629799820306
-1.881,0.3982103305061524,-0.3052125560595421
-1.8805,0.3448594562177392,-0.400582301706049
-1.88,0.3982103305061524,-0.3581957480853793
-1.8795,0.7396559259519968,0.1928294489833272
-1.879,0.3661998059331045,0.3729723018711736
-1.8785,-0.5514352318276028,-0.3370024712750445
-1.878,-1.362368521011484,-0.6972881770507372
-1.8775,-1.351698346153801,-0.4217755785163839
-1.877,-0.8715404775580819,-0.09327978795619347
-1.8765,-0.3593720843893152,0.1716361721729923
-1.876,0.01408403562957729,0.3941655786815084
-1.8755,0.2381577076409128,0.55311515475902
-1.875,0.3341892813600565,0.6802748156210291
-1.8745,0.3555296310754218,0.775644561267536
-1.874,0.3341892813600565,0.8392243916985406
-1.8735,0.3128489316446912,0.8922075837243778
-1.873,0.291508581929326,0.9134008605347127
-1.8725,0.2808384070716433,0.9028042221295453
-1.872,0.2701682322139607,0.8922075837243778
-1.8715,0.02475421048725994,0.5425185163538525
-1.871,-0.5407650569699201,-0.252229364033705
-1.8705,-0.9462317015618604,-1.025783967610927
-1.87,-1.298347471865388,-1.640388995110639
-1.8695,-1.212986073003927,-1.915901593644992
-1.869,-0.6047861061160158,-1.502632695843462
-1.8685,-0.03926683865883591,-0.8032545611024114
-1.868,0.291508581929326,-0.2416327256285375
-1.8675,0.4408910299368829,0.04447651131098315
-1.867,0.4835717293676135,0.1186529801471552
-1.8665,0.4515612047945656,0.07626642652648545
-1.866,0.4942419042252961,-0.01910331912002144
-1.8655,0.5582629533713921,-0.1250697031716958
-1.865,0.5049120790829789,-0.2310360872233701
-1.8645,0.4302208550792003,-0.2946159176543747
-1.864,0.3661998059331045,-0.3370024712750445
-1.8635,0.3448594562177392,-0.3158091944647096
-1.863,0.6436243522328531,0.09745970333682032
-1.8625,0.4942419042252961,0.5107286011383502
-1.862,-0.2420001609548061,-0.07208651114585861
-1.8615,-0.9995825758502737,-0.9092209451540858
-1.861,-1.1062843244271,-1.025783967610927
-1.8605,-0.7434983792658902,-0.6019184314042303
-1.86,-0.3060212101009019,-0.09327978795619347
-1.8595,0.02475421048725994,0.3305857482505039
-1.859,0.2274875327832301,0.6166949851900245
-1.8585,0.3128489316446912,0.7862411996727035
-1.858,0.3341892813600565,0.8710143069140429
-1.8575,0.3341892813600565,0.9028042221295453
-1.857,0.3128489316446912,0.8922075837243778
-1.8565,0.291508581929326,0.849821030103708
-1.856,0.2808384070716433,0.7968378380778709
-1.8555,0.2701682322139607,0.7120647308365314
-1.855,0.1848068333524996,0.5319218779486851
-1.8545,-0.3807124341046804,-0.1674562567923655
-1.854,-0.8608703027003992,-1.01518732920576
-1.8535,-1.234326422719292,-1.725162102351978
-1.853,-0.9569018764195432,-1.778145294377815
-1.8525,-0.3807124341046804,-1.322489842955616
-1.852,0.1101156093487211,-0.7714646458869092
-1.8515,0.408880505363835,-0.4111789401112165
-1.851,0.5262524287983441,-0.2098428104130352
-1.8505,0.5369226036560266,-0.1250697031716958
-1.85,0.4835717293676135,-0.1038764263613609
-1.8495,0.4622313796522482,-0.1250697031716958
-1.849,0.5475927785137094,-0.1568596183871981
-1.8485,0.5155822539406614,-0.1780528951975329
-1.848,0.4515612047945656,-0.1992461720078678
-1.8475,0.3768699807907871,-0.2098428104130352
-1.847,0.3341892813600565,-0.1780528951975329
-1.8465,0.4729015545099309,0.1080563417419877
-1.846,0.6329541773751706,0.6590815388106942
-1.8455,0.02475421048725994,0.2881991946298341
-1.845,-0.7434983792658902,-0.4959520473525559
-1.8445,-1.351698346153801,-0.4111789401112165
-1.844,-1.191645723288561,-0.07208651114585861
-1.8435,-0.7008176798351597,0.1822328105781598
-1.843,-0.2313299860971235,0.3517790250608387
-1.8425,0.08877525963335578,0.4789386859228479
-1.842,0.2594980573562781,0.5849050699745222
-1.8415,0.3341892813600565,0.6802748156210291
-1.841,0.3448594562177392,0.7544512844572011
-1.8405,0.3341892813600565,0.8180311148882058
-1.84,0.3128489316446912,0.8604176685088755
-1.8395,0.291508581929326,0.8604176685088755
-1.839,0.2701682322139607,0.8180311148882058
-1.8385,0.2381577076409128,0.7332580076468663
-1.838,-0.2206598112394408,0.1716361721729923
-1.8375,-0.8715404775580819,-0.6972881770507372
-1.837,-1.298347471865388,-1.407262950196955
-1.8365,-1.244996597576974,-1.661582271920973
-1.836,-0.6794773301197943,-1.333086481360783
-1.8355,-0.1032878878049318,-0.8138511995075789
-1.835,0.2808384070716433,-0.3475991096802118
-1.8345,0.4835717293676135,-0.07208651114585861
-1.834,0.5369226036560266,0.06566978812131802
-1.8335,0.5049120790829789,0.08686306493165288
-1.833,0.4515612047945656,0.05507314971615059
-1.8325,0.4622313796522482,-0.1144730647665284
-1.832,0.4515612047945656,-0.2628260024388724
-1.8315,0.3982103305061524,-0.326405832869877
-1.831,0.3555296310754218,-0.3370024712750445
-1.8305,0.3235191065023739,-0.3370024712750445
-1.83,0.2381577076409128,-0.1886495336027004
-1.8295,-0.3700422592469978,0.1292496185523226
-1.829,-1.148965023857831,-0.3052125560595421
-1.8285,-1.746494815888059,-1.0999604364471
-1.828,-1.927887788468663,-1.566212526274467
-1.8275,-1.394379045584531,-1.195330182093607
-1.827,-0.7114878546928423,-0.5383386009732256
-1.8265,-0.1673089369510276,0.04447651131098315
-1.826,0.1634664836371343,0.4471487707073456
-1.8255,0.3235191065023739,0.6802748156210291
-1.825,0.3661998059331045,0.7862411996727035
-1.8245,0.3661998059331045,0.8180311148882058
-1.824,0.3448594562177392,0.8074344764830383
-1.8235,0.3128489316446912,0.775644561267536
-1.823,0.291508581929326,0.7332580076468663
-1.8225,0.2808384070716433,0.6696781772158616
-1.822,0.2808384070716433,0.5955017083796896
-1.8215,0.05676473506030786,0.2246193641988295
-1.821,-0.4767440078238243,-0.6549016234300674
-1.8205,-1.052933450138687,-1.51322933424863
-1.82,-1.255666772434657,-2.053657892912168
-1.8195,-0.8608703027003992,-1.905304955239825
-1.819,-0.2633405106701714,-1.34368311976595
-1.8185,0.1848068333524996,-0.7820612842920766
-1.818,0.408880505363835,-0.3793890248957141
-1.8175,0.5049120790829789,-0.1356663415768632
-1.817,0.5049120790829789,-0.01910331912002144
-1.8165,0.4622313796522482,-0.008506680714854012
-1.816,0.4729015545099309,-0.1462629799820306
-1.8155,0.4942419042252961,-0.2840192792492073
-1.815,0.4515612047945656,-0.2734226408440398
-1.8145,0.3982103305061524,-0.1992461720078678
-1.814,0.3448594562177392,-0.1144730647665284
-1.8135,0.291508581929326,0.002089957690313421
-1.813,0.1101156093487211,0.2564092794143318
-1.8125,0.1848068333524996,0.6166949851900245
-1.812,-0.156638762093345,0.07626642652648545
-1.8115,-0.7328282044082075,-0.7502713690765743
-1.811,-0.7861790786966207,-0.8668343915334161
-1.8105,-0.4980843575391895,-0.4853554089473885
-1.81,-0.156638762093345,0.002089957690313421
-1.8095,0.09944543449103843,0.383568940276341
-1.809,0.2488278824985954,0.6484849004055269
-1.8085,0.3128489316446912,0.7862411996727035
-1.808,0.3341892813600565,0.849821030103708
-1.8075,0.3235191065023739,0.8604176685088755
-1.807,0.3128489316446912,0.8392243916985406
-1.8065,0.291508581929326,0.7968378380778709
-1.806,0.2808384070716433,0.7332580076468663
-1.8055,0.2808384070716433,0.6484849004055269
-1.805,0.2168173579255475,0.4683420475176805
-1.8045,-0.2846808603855366,-0.2310360872233701
-1.804,-0.7755089038389382,-1.142346990067769
-1.8035,-1.148965023857831,-1.894708316834657
-1.803,-1.362368521011484,-2.339767129851689
-1.8025,-0.8502001278427167,-1.862918401619155
-1.802,-0.2206598112394408,-1.131750351662602
-1.8015,0.2381577076409128,-0.5383386009732256
-1.801,0.4622313796522482,-0.1674562567923655
-1.8005,0.5155822539406614,0.03387987290581572
-1.8,0.4942419042252961,0.08686306493165288
-1.7995,0.4835717293676135,0.03387987290581572
-1.799,0.5902734779444399,0.04447651131098315
-1.7985,0.5689331282290746,-0.04029659593035631
-1.798,0.4942419042252961,-0.1674562567923655
-1.7975,0.408880505363835,-0.252229364033705
-1.797,0.3555296310754218,-0.2840192792492073
-1.7965,0.2274875327832301,-0.252229364033705
-1.796,-0.3380317346739499,-0.6654982618352349
-1.7955,-0.658136980404429,-1.322489842955616
-1.795,-0.8822106524157645,-1.862918401619155
-1.7945,-1.06360362499637,-1.650985633515806
-1.794,-0.7755089038389382,-0.9092209451540858
-1.7935,-0.3593720843893152,-0.2098428104130352
-1.793,-0.01792648894347063,0.309392471440169
-1.7925,0.1954770082101822,0.627291623595192
-1.792,0.3021787567870086,0.7968378380778709
-1.7915,0.3341892813600565,0.8710143069140429
-1.791,0.3341892813600565,0.9028042221295453
-1.7905,0.3235191065023739,0.8922075837243778
-1.79,0.3021787567870086,0.8604176685088755
-1.7895,0.291508581929326,0.8180311148882058
-1.789,0.2808384070716433,0.775644561267536
-1.7885,0.2594980573562781,0.6590815388106942
-1.788,-0.1352984123779797,0.03387987290581572
-1.7875,-0.658136980404429,-0.792657922697244
-1.787,-1.148965023857831,-1.534422611058964
-1.7865,-1.543761493592088,-2.117237723343173
-1.786,-1.223656247861609,-2.371557045067191
-1.7855,-0.4980843575391895,-1.778145294377815
-1.785,0.08877525963335578,-1.046977244421262
-1.7845,0.408880505363835,-0.4853554089473885
-1.784,0.5262524287983441,-0.1780528951975329
-1.7835,0.5262524287983441,-0.05089323433552374
-1.783,0.4835717293676135,0.01268659609548085
-1.7825,0.5369226036560266,0.08686306493165288
-1.782,0.5369226036560266,0.05507314971615059
-1.7815,0.4729015545099309,-0.01910331912002144
-1.781,0.3982103305061524,-0.09327978795619347
-1.7805,0.3448594562177392,-0.1462629799820306
-1.78,0.2488278824985954,-0.1250697031716958
-1.7795,0.00341386077189465,-0.07208651114585861
-1.779,-0.391382608962363,-0.4111789401112165
-1.7785,-1.010252750707956,-1.121153713257435
-1.778,-1.383708870726849,-1.545019249464132
-1.7775,-1.159635198715513,-1.152943628472937
-1.777,-0.6474668055467465,-0.4959520473525559
-1.7765,-0.1886492866663929,0.08686306493165288
-1.776,0.1207857842064037,0.5001319627331828
-1.7755,0.2808384070716433,0.7438546460520338
-1.775,0.3448594562177392,0.8604176685088755
-1.7745,0.3555296310754218,0.9028042221295453
-1.774,0.3341892813600565,0.9028042221295453
-1.7735,0.3128489316446912,0.8816109453192104
-1.773,0.3021787567870086,0.8392243916985406
-1.7725,0.291508581929326,0.775644561267536
-1.772,0.2808384070716433,0.6908714540261965
-1.7715,0.1101156093487211,0.383568940276341
-1.771,-0.5300948821122373,-0.4429688553267188
-1.7705,-0.9995825758502737,-1.290699927740113
-1.77,-1.223656247861609,-1.809935209593318
-1.7695,-0.8181896032696687,-1.629792356705471
-1.769,-0.2099896363817582,-1.163540266878104
-1.7685,0.2381577076409128,-0.6337083466197325
-1.768,0.4622313796522482,-0.2310360872233701
-1.7675,0.5262524287983441,-0.01910331912002144
-1.767,0.5155822539406614,0.06566978812131802
-1.7665,0.4729015545099309,0.03387987290581572
-1.766,0.5262524287983441,-0.1038764263613609
-1.7655,0.6329541773751706,-0.2734226408440398
-1.765,0.5902734779444399,-0.2840192792492073
-1.7645,0.4942419042252961,-0.2416327256285375
-1.764,0.408880505363835,-0.1780528951975329
-1.7635,0.3341892813600565,-0.09327978795619347
-1.763,-0.1139580626626144,0.05507314971615059
-1.7625,-0.8928808272734472,-0.07208651114585861
-1.762,-1.426389570157579,-0.7608680074817418
-1.7615,-1.778505340461106,-1.354279758171118
-1.761,-1.661133417026597,-1.110557074852267
-1.7605,-1.052933450138687,-0.5277419625680583
-1.76,-0.4340633083930936,0.002089957690313421
-1.7595,0.00341386077189465,0.383568940276341
-1.759,0.2488278824985954,0.6060983467848571
-1.7585,0.3555296310754218,0.7332580076468663
-1.758,0.3768699807907871,0.7968378380778709
-1.7575,0.3555296310754218,0.8074344764830383
-1.757,0.3341892813600565,0.8074344764830383
-1.7565,0.3128489316446912,0.7862411996727035
-1.756,0.291508581929326,0.7438546460520338
-1.7555,0.2808384070716433,0.6908714540261965
-1.755,0.2594980573562781,0.5425185163538525
-1.7545,-0.07127736323188383,-0.07208651114585861
-1.754,-0.6154562809736985,-0.9728007755850904
-1.7535,-1.010252750707956,-1.725162102351978
-1.753,-1.074273799854052,-1.979481424075996
-1.7525,-0.6154562809736985,-1.576809164679634
-1.752,-0.09261771294724913,-0.9622041371799229
-1.7515,0.2594980573562781,-0.4323722169215513
-1.751,0.4408910299368829,-0.1462629799820306
-1.7505,0.5262524287983441,-0.05089323433552374
-1.75,0.5155822539406614,-0.02969995752518888
-1.7495,0.4942419042252961,-0.02969995752518888
-1.749,0.6116138276598051,-0.1568596183871981
-1.7485,0.5902734779444399,-0.1780528951975329
-1.748,0.5049120790829789,-0.1356663415768632
-1.7475,0.4195506802215176,-0.07208651114585861
-1.747,0.3555296310754218,-0.008506680714854012
-1.7465,0.0674349099179905,0.2670059178194992
-1.746,-0.6154562809736985,0.7438546460520338
-1.7455,-1.202315898146244,0.3517790250608387
-1.745,-1.714484291315011,-0.570128516188728
-1.7445,-1.714484291315011,-0.9833974139902578
-1.744,-1.127624674142465,-0.6972881770507372
-1.7435,-0.5087545323968721,-0.2098428104130352
-1.743,-0.03926683865883591,0.2352160026039969
-1.7425,0.2274875327832301,0.5319218779486851
-1.742,0.3448594562177392,0.7226613692416989
-1.7415,0.3768699807907871,0.8074344764830383
-1.741,0.3661998059331045,0.849821030103708
-1.7405,0.3448594562177392,0.8392243916985406
-1.74,0.3235191065023739,0.8180311148882058
-1.7395,0.3021787567870086,0.775644561267536
-1.739,0.291508581929326,0.7120647308365314
-1.7385,0.2594980573562781,0.6060983467848571
-1.738,-0.03926683865883591,0.02328323450064829
-1.7375,-0.5941159312583333,-0.8880276683437509
-1.737,-1.244996597576974,-1.693372187136476
-1.7365,-1.426389570157579,-1.873515040024322
-1.736,-0.9035510021311299,-1.38606967338662
-1.7355,-0.274010685527854,-0.8138511995075789
-1.735,0.1741366584948169,-0.3475991096802118
-1.7345,0.4195506802215176,-0.09327978795619347
-1.734,0.5155822539406614,0.04447651131098315
-1.7335,0.5155822539406614,0.08686306493165288
-1.733,0.4729015545099309,0.05507314971615059
-1.7325,0.5049120790829789,-0.1144730647665284
-1.732,0.5155822539406614,-0.1992461720078678
-1.7315,0.4515612047945656,-0.1886495336027004
-1.731,0.3982103305061524,-0.1356663415768632
-1.7305,0.3555296310754218,-0.08268314955102604
-1.73,0.3235191065023739,0.04447651131098315
-1.7295,0.5689331282290746,0.5107286011383502
-1.729,0.408880505363835,0.4153588554918433
-1.7285,-0.2633405106701714,-0.400582301706049
-1.728,-0.9355615267041777,-0.8880276683437509
-1.7275,-0.9675720512772257,-0.6654982618352349
-1.727,-0.6154562809736985,-0.2416327256285375
-1.7265,-0.2099896363817582,0.13984625695749
-1.726,0.07810508477567314,0.4153588554918433
-1.7255,0.2488278824985954,0.5955017083796896
-1.725,0.3341892813600565,0.6908714540261965
-1.7245,0.3448594562177392,0.7544512844572011
-1.724,0.3448594562177392,0.7650479228623686
-1.7235,0.3235191065023739,0.775644561267536
-1.723,0.3021787567870086,0.7544512844572011
-1.7225,0.291508581929326,0.7120647308365314
-1.722,0.291508581929326,0.6590815388106942
-1.7215,0.1101156093487211,0.383568940276341
-1.721,-0.5407650569699201,-0.4323722169215513
-1.7205,-1.1062843244271,-1.248313374119443
-1.72,-1.458400094730627,-1.746355379162313
-1.7195,-1.095614149569417,-1.502632695843462
-1.719,-0.4554036581084589,-0.9622041371799229
-1.7185,0.05676473506030786,-0.4323722169215513
-1.718,0.3661998059331045,-0.06148987274069118
-1.7175,0.4942419042252961,0.09745970333682032
-1.717,0.5155822539406614,0.1186529801471552
-1.7165,0.4835717293676135,0.06566978812131802
-1.716,0.4942419042252961,-0.02969995752518888
-1.7155,0.5582629533713921,-0.1886495336027004
-1.715,0.5155822539406614,-0.2204394488182027
-1.7145,0.4408910299368829,-0.1992461720078678
-1.714,0.3768699807907871,-0.1568596183871981
-1.7135,0.3448594562177392,-0.1144730647665284
-1.713,0.3768699807907871,0.06566978812131802
-1.7125,0.6542945270905358,0.5849050699745222
-1.712,0.1634664836371343,0.2881991946298341
-1.7115,-0.5941159312583333,-0.2310360872233701
-1.711,-1.084943974711735,0.02328323450064829
-1.7105,-0.9035510021311299,0.2352160026039969
-1.71,-0.4874141826815069,0.3305857482505039
-1.7095,-0.1032878878049318,0.3941655786815084
-1.709,0.1527963087794516,0.457745409112513
-1.7085,0.291508581929326,0.5213252395435176
-1.708,0.3448594562177392,0.6060983467848571
-1.7075,0.3448594562177392,0.6802748156210291
-1.707,0.3341892813600565,0.7544512844572011
-1.7065,0.3128489316446912,0.8074344764830383
-1.706,0.3021787567870086,0.8392243916985406
-1.7055,0.291508581929326,0.8286277532933731
-1.705,0.2488278824985954,0.7544512844572011
-1.7045,-0.2420001609548061,0.1822328105781598
-1.704,-0.8928808272734472,-0.6654982618352349
-1.7035,-1.319687821580753,-1.34368311976595
-1.703,-1.255666772434657,-1.375473034981453
-1.7025,-0.6794773301197943,-0.8880276683437509
-1.702,-0.1032878878049318,-0.3475991096802118
-1.7015,0.2701682322139607,0.06566978812131802
-1.701,0.4515612047945656,0.2987958330350016
-1.7005,0.5155822539406614,0.3517790250608387
-1.7,0.4942419042252961,0.2776025562246667
-1.6995,0.4729015545099309,0.1716361721729923
-1.699,0.5689331282290746,0.08686306493165288
-1.6985,0.5582629533713921,-0.01910331912002144
-1.698,0.4942419042252961,-0.1144730647665284
-1.6975,0.408880505363835,-0.1886495336027004
-1.697,0.3555296310754218,-0.2204394488182027
-1.6965,0.4195506802215176,0.01268659609548085
-1.696,0.5902734779444399,0.5849050699745222
-1.6955,-0.01792648894347063,0.3411823866556712
-1.695,-0.9675720512772257,-0.4853554089473885
-1.6945,-1.501080794161358,-0.7820612842920766
-1.694,-1.234326422719292,-0.4959520473525559
-1.6935,-0.690147504977477,-0.09327978795619347
-1.693,-0.1993194615240755,0.2564092794143318
-1.6925,0.1207857842064037,0.5213252395435176
-1.692,0.291508581929326,0.6908714540261965
-1.6915,0.3555296310754218,0.7968378380778709
-1.691,0.3661998059331045,0.849821030103708
-1.6905,0.3448594562177392,0.8816109453192104
-1.69,0.3235191065023739,0.8922075837243778
-1.6895,0.3021787567870086,0.8710143069140429
-1.689,0.291508581929326,0.8286277532933731
-1.6885,0.2701682322139607,0.7438546460520338
-1.688,-0.1673089369510276,0.2246193641988295
-1.6875,-0.9142211769888124,-0.6549016234300674
-1.687,-1.383708870726849,-1.42845622700729
-1.6865,-1.650463242168915,-2.000674700886331
-1.686,-1.330357996438436,-1.968884785670829
-1.6855,-0.6154562809736985,-1.322489842955616
-1.685,-0.01792648894347063,-0.6654982618352349
-1.6845,0.3448594562177392,-0.2416327256285375
-1.684,0.4835717293676135,-0.008506680714854012
-1.6835,0.5049120790829789,0.08686306493165288
-1.683,0.4729015545099309,0.07626642652648545
-1.6825,0.4835717293676135,-0.05089323433552374
-1.682,0.4835717293676135,-0.1356663415768632
-1.6815,0.4302208550792003,-0.1674562567923655
-1.681,0.3875401556484697,-0.1780528951975329
-1.6805,0.3448594562177392,-0.1780528951975329
-1.68,0.3768699807907871,-0.1144730647665284
-1.6795,0.7716664505250448,0.4047622170866759
-1.679,0.5049120790829789,0.7544512844572011
-1.6785,-0.3380317346739499,0.1080563417419877
-1.678,-1.116954499284783,-0.1144730647665284
-1.6775,-1.373038695869166,0.2564092794143318
-1.677,-0.9889124009925911,0.383568940276341
-1.6765,-0.4767440078238243,0.383568940276341
-1.676,-0.06060718837420119,0.383568940276341
-1.6755,0.1954770082101822,0.4153588554918433
-1.675,0.3235191065023739,0.4895353243280153
-1.6745,0.3661998059331045,0.5849050699745222
-1.674,0.3555296310754218,0.6908714540261965
-1.6735,0.3448594562177392,0.7968378380778709
-1.673,0.3235191065023739,0.8710143069140429
-1.6725,0.3021787567870086,0.92399749893988
-1.672,0.3021787567870086,0.9345941373450475
-1.6715,0.1848068333524996,0.5849050699745222
-1.671,0.2061471830678648,-0.1886495336027004
-1.6705,-0.07127736323188383,-0.8562377531282487
-1.67,-0.4767440078238243,-1.258910012524611
-1.6695,-0.3273615598162672,-1.089363798041932
-1.669,-0.007256314085787988,-0.6019184314042303
-1.6685,0.2701682322139607,-0.1780528951975329
-1.668,0.4302208550792003,0.13984625695749
-1.6675,0.4942419042252961,0.309392471440169
-1.667,0.4942419042252961,0.3199891098453364
-1.6665,0.4622313796522482,0.2352160026039969
-1.666,0.4515612047945656,0.2034260873884947
-1.6655,0.4942419042252961,0.2564092794143318
-1.665,0.4622313796522482,0.1292496185523226
-1.6645,0.408880505363835,-0.05089323433552374
-1.664,0.3661998059331045,-0.1992461720078678
-1.6635,0.3235191065023739,-0.2946159176543747
-1.663,0.0674349099179905,-0.1992461720078678
-1.6625,-0.4447334832507763,-0.2734226408440398
-1.662,-1.010252750707956,-0.8986243067489184
-1.6615,-1.426389570157579,-1.322489842955616
-1.661,-1.522421143876723,-0.8138511995075789
-1.6605,-1.06360362499637,-0.2734226408440398
-1.66,-0.4980843575391895,0.09745970333682032
-1.6595,-0.06060718837420119,0.3199891098453364
-1.659,0.2061471830678648,0.457745409112513
-1.6585,0.3341892813600565,0.5425185163538525
-1.658,0.3661998059331045,0.6166949851900245
-1.6575,0.3661998059331045,0.6696781772158616
-1.657,0.3448594562177392,0.7226613692416989
-1.6565,0.3128489316446912,0.7544512844572011
-1.656,0.3021787567870086,0.775644561267536
-1.6555,0.291508581929326,0.7544512844572011
-1.655,0.2274875327832301,0.6484849004055269
-1.6545,-0.1459685872356623,0.01268659609548085
-1.654,-0.7114878546928423,-0.8456411147230812
-1.6535,-1.255666772434657,-1.51322933424863
-1.653,-1.212986073003927,-1.619195718300304
-1.6525,-0.6367966306890638,-1.184733543688439
-1.652,-0.07127736323188383,-0.570128516188728
-1.6515,0.2808384070716433,-0.08268314955102604
-1.651,0.4729015545099309,0.1610395337678249
-1.6505,0.5369226036560266,0.2564092794143318
-1.65,0.5155822539406614,0.2670059178194992
-1.6495,0.4622313796522482,0.2564092794143318
-1.649,0.4195506802215176,0.2881991946298341
-1.6485,0.3875401556484697,0.2034260873884947
-1.648,0.3448594562177392,0.05507314971615059
-1.6475,0.3341892813600565,-0.07208651114585861
-1.647,0.3235191065023739,-0.1674562567923655
-1.6465,0.3875401556484697,-0.1568596183871981
-1.646,0.7503261008096795,0.3411823866556712
-1.6455,0.3021787567870086,0.309392471440169
-1.645,-0.6154562809736985,-0.4853554089473885
-1.6445,-1.223656247861609,-1.05757388282643
-1.644,-1.052933450138687,-0.8562377531282487
-1.6435,-0.6047861061160158,-0.3687923864905467
-1.643,-0.1673089369510276,0.09745970333682032
-1.6425,0.1207857842064037,0.4471487707073456
-1.642,0.2808384070716433,0.6590815388106942
-1.6415,0.3448594562177392,0.775644561267536
-1.641,0.3555296310754218,0.8286277532933731
-1.6405,0.3448594562177392,0.8392243916985406
-1.64,0.3235191065023739,0.8180311148882058
-1.6395,0.3021787567870086,0.7862411996727035
-1.639,0.291508581929326,0.7332580076468663
-1.6385,0.2808384070716433,0.6166949851900245
-1.638,0.3875401556484697,0.04447651131098315
-1.6375,0.5475927785137094,-0.8456411147230812
-1.637,0.1207857842064037,-1.619195718300304
-1.6365,-0.4980843575391895,-2.21260746898968
-1.636,-0.7114878546928423,-2.053657892912168
-1.6355,-0.3807124341046804,-1.333086481360783
-1.635,0.03542438534494258,-0.6760949002404023
-1.6345,0.3128489316446912,-0.2098428104130352
-1.634,0.4408910299368829,0.05507314971615059
-1.6335,0.4942419042252961,0.1292496185523226
-1.633,0.4729015545099309,0.09745970333682032
-1.6325,0.408880505363835,0.1610395337678249
-1.632,0.3555296310754218,0.2034260873884947
-1.6315,0.3235191065023739,0.13984625695749
-1.631,0.3128489316446912,0.04447651131098315
-1.6305,0.3021787567870086,-0.01910331912002144
-1.63,0.3341892813600565,-0.04029659593035631
-1.6295,0.6436243522328531,0.3411823866556712
-1.629,0.4302208550792003,0.4895353243280153
-1.6285,-0.423393133535411,-0.2310360872233701
-1.628,-1.234326422719292,-0.5807251545938954
-1.6275,-1.447729919872945,-0.1674562567923655
-1.627,-1.031593100423322,0.1186529801471552
-1.6265,-0.4874141826815069,0.2776025562246667
-1.626,-0.06060718837420119,0.3729723018711736
-1.6255,0.1954770082101822,0.4471487707073456
-1.625,0.3235191065023739,0.5213252395435176
-1.6245,0.3661998059331045,0.5955017083796896
-1.624,0.3555296310754218,0.6696781772158616
-1.6235,0.3341892813600565,0.7332580076468663
-1.623,0.3128489316446912,0.775644561267536
-1.6225,0.3021787567870086,0.7968378380778709
-1.622,0.291508581929326,0.7862411996727035
-1.6215,0.08877525963335578,0.5319218779486851
-1.621,-0.658136980404429,-0.2416327256285375
-1.6205,-1.341028171296118,-1.046977244421262
-1.62,-1.650463242168915,-1.545019249464132
-1.6195,-1.148965023857831,-1.322489842955616
-1.619,-0.4020527838200457,-0.7502713690765743
-1.6185,0.1741366584948169,-0.2734226408440398
-1.618,0.4835717293676135,0.06566978812131802
-1.6175,0.5689331282290746,0.2776025562246667
-1.617,0.5475927785137094,0.3305857482505039
-1.6165,0.4835717293676135,0.2670059178194992
-1.616,0.4515612047945656,0.2140227257936621
-1.6155,0.5155822539406614,0.2458126410091644
-1.615,0.4942419042252961,0.1080563417419877
-1.6145,0.4302208550792003,-0.07208651114585861
-1.614,0.3768699807907871,-0.2098428104130352
-1.6135,0.3448594562177392,-0.2840192792492073
-1.613,0.5689331282290746,0.002089957690313421
-1.6125,0.7183155762366316,0.5425185163538525
-1.612,-0.01792648894347063,0.1504428953626575
-1.6115,-0.6794773301197943,-0.5383386009732256
-1.611,-1.06360362499637,-0.4217755785163839
-1.6105,-0.8502001278427167,-0.1250697031716958
-1.61,-0.4340633083930936,0.1292496185523226
-1.6095,-0.07127736323188383,0.3305857482505039
-1.609,0.1741366584948169,0.5001319627331828
-1.6085,0.291508581929326,0.627291623595192
-1.608,0.3341892813600565,0.7332580076468663
-1.6075,0.3448594562177392,0.8180311148882058
-1.607,0.3235191065023739,0.8922075837243778
-1.6065,0.3128489316446912,0.9345941373450475
-1.606,0.291508581929326,0.9557874141553824
-1.6055,0.291508581929326,0.9451907757502149
-1.605,0.2381577076409128,0.8392243916985406
-1.6045,-0.2526703358124887,0.2352160026039969
-1.604,-0.9355615267041777,-0.6337083466197325
-1.6035,-1.362368521011484,-1.333086481360783
-1.603,-1.116954499284783,-1.502632695843462
-1.6025,-0.4660738329661415,-1.0999604364471
-1.602,0.08877525963335578,-0.570128516188728
-1.6015,0.408880505363835,-0.1144730647665284
-1.601,0.5262524287983441,0.1716361721729923
-1.6005,0.5262524287983441,0.2670059178194992
-1.6,0.4942419042252961,0.2352160026039969
-1.5995,0.4622313796522482,0.13984625695749
-1.599,0.5902734779444399,0.1716361721729923
-1.5985,0.6116138276598051,0.06566978812131802
-1.598,0.5262524287983441,-0.1038764263613609
-1.5975,0.4408910299368829,-0.2628260024388724
-1.597,0.3661998059331045,-0.3581957480853793
-1.5965,0.3982103305061524,-0.3052125560595421
-1.596,0.7396559259519968,0.2458126410091644
-1.5955,0.291508581929326,0.2564092794143318
-1.595,-0.5834457564006506,-0.400582301706049
-1.5945,-1.30901764672307,-0.2628260024388724
-1.594,-1.287677297007705,0.1186529801471552
-1.5935,-0.8181896032696687,0.309392471440169
-1.593,-0.3166913849585846,0.4153588554918433
-1.5925,0.04609456020262521,0.4895353243280153
-1.592,0.2488278824985954,0.5743084315693548
-1.5915,0.3341892813600565,0.6696781772158616
-1.591,0.3555296310754218,0.7650479228623686
-1.5905,0.3448594562177392,0.849821030103708
-1.59,0.3235191065023739,0.92399749893988
-1.5895,0.3021787567870086,0.9663840525605498
-1.589,0.291508581929326,0.9769806909657173
-1.5885,0.2808384070716433,0.9451907757502149
-1.588,0.1741366584948169,0.6484849004055269
-1.5875,-0.1139580626626144,-0.1356663415768632
-1.587,-0.6047861061160158,-0.9092209451540858
-1.5865,-0.9462317015618604,-1.407262950196955
-1.586,-0.7008176798351597,-1.311893204550448
-1.5855,-0.2206598112394408,-0.8456411147230812
-1.585,0.1634664836371343,-0.3370024712750445
-1.5845,0.3982103305061524,0.05507314971615059
-1.584,0.4942419042252961,0.2458126410091644
-1.5835,0.4942419042252961,0.2776025562246667
-1.583,0.4515612047945656,0.2140227257936621
-1.5825,0.4622313796522482,0.2034260873884947
-1.582,0.4942419042252961,0.1822328105781598
-1.5815,0.4515612047945656,0.02328323450064829
-1.581,0.3982103305061524,-0.1462629799820306
-1.5805,0.3555296310754218,-0.2734226408440398
-1.58,0.3555296310754218,-0.2946159176543747
-1.5795,0.7503261008096795,0.1716361721729923
-1.579,0.7289857510943143,0.7438546460520338
-1.5785,-0.1139580626626144,0.2881991946298341
-1.578,-0.9355615267041777,-0.1356663415768632
-1.5775,-1.341028171296118,0.1716361721729923
-1.577,-1.031593100423322,0.3305857482505039
-1.5765,-0.5407650569699201,0.3623756634660061
-1.576,-0.1139580626626144,0.3941655786815084
-1.5755,0.1634664836371343,0.4471487707073456
-1.575,0.3021787567870086,0.5319218779486851
-1.5745,0.3448594562177392,0.627291623595192
-1.574,0.3448594562177392,0.7332580076468663
-1.5735,0.3235191065023739,0.8180311148882058
-1.573,0.3128489316446912,0.8922075837243778
-1.5725,0.291508581929326,0.9345941373450475
-1.572,0.2808384070716433,0.9557874141553824
-1.5715,0.09944543449103843,0.7438546460520338
-1.571,-0.5941159312583333,-0.01910331912002144
-1.5705,-1.244996597576974,-0.8350444763179138
-1.57,-1.575772018165136,-1.396666311791788
-1.5695,-1.212986073003927,-1.301296566145281
-1.569,-0.5407650569699201,-0.6972881770507372
-1.5685,0.02475421048725994,-0.1250697031716958
-1.568,0.3555296310754218,0.2246193641988295
-1.5675,0.4942419042252961,0.3411823866556712
-1.567,0.5155822539406614,0.309392471440169
-1.5665,0.4942419042252961,0.1928294489833272
-1.566,0.4622313796522482,0.09745970333682032
-1.5655,0.4835717293676135,0.1292496185523226
-1.565,0.4515612047945656,0.04447651131098315
-1.5645,0.3982103305061524,-0.09327978795619347
-1.564,0.3555296310754218,-0.2098428104130352
-1.5635,0.3235191065023739,-0.2840192792492073
-1.563,0.3768699807907871,0.01268659609548085
-1.5625,0.5475927785137094,0.5107286011383502
-1.562,-0.007256314085787988,0.06566978812131802
-1.5615,-0.6794773301197943,-0.6549016234300674
-1.561,-1.180975548430879,-0.4853554089473885
-1.5605,-1.020922925565639,-0.1144730647665284
-1.56,-0.5834457564006506,0.1186529801471552
-1.5595,-0.1673089369510276,0.2670059178194992
-1.559,0.1207857842064037,0.383568940276341
-1.5585,0.2808384070716433,0.4683420475176805
-1.558,0.3341892813600565,0.55311515475902
-1.5575,0.3448594562177392,0.6378882620003594
-1.557,0.3341892813600565,0.701468092431364
-1.5565,0.3128489316446912,0.7650479228623686
-1.556,0.291508581929326,0.7862411996727035
-1.5555,0.2808384070716433,0.7968378380778709
-1.555,0.2381577076409128,0.701468092431364
-1.5545,-0.3166913849585846,0.1080563417419877
-1.554,-1.084943974711735,-0.7290780922662394
-1.5535,-1.650463242168915,-1.407262950196955
-1.553,-1.586442193022819,-1.460246142222792
-1.5525,-0.9142211769888124,-0.9304142219644207
-1.552,-0.2206598112394408,-0.3475991096802118
-1.5515,0.2594980573562781,0.05507314971615059
-1.551,0.4835717293676135,0.2776025562246667
-1.5505,0.5369226036560266,0.3517790250608387
-1.55,0.5262524287983441,0.2881991946298341
-1.5495,0.4729015545099309,0.2034260873884947
-1.549,0.5049120790829789,0.2352160026039969
-1.5485,0.5049120790829789,0.1822328105781598
-1.548,0.4515612047945656,0.03387987290581572
-1.5475,0.3875401556484697,-0.1250697031716958
-1.547,0.3448594562177392,-0.2416327256285375
-1.5465,0.3235191065023739,-0.1992461720078678
-1.546,0.0674349099179905,0.3623756634660061
-1.5455,-0.6794773301197943,0.701468092431364
-1.545,-1.330357996438436,0.06566978812131802
-1.5445,-1.735824641030376,-0.09327978795619347
-1.544,-1.46907026958831,0.1186529801471552
-1.5435,-0.8608703027003992,0.2034260873884947
-1.543,-0.2953510352432193,0.2564092794143318
-1.5425,0.07810508477567314,0.3199891098453364
-1.542,0.2808384070716433,0.4047622170866759
-1.5415,0.3661998059331045,0.5001319627331828
-1.541,0.3768699807907871,0.5955017083796896
-1.5405,0.3555296310754218,0.6908714540261965
-1.54,0.3341892813600565,0.775644561267536
-1.5395,0.3128489316446912,0.8392243916985406
-1.539,0.291508581929326,0.8710143069140429
-1.5385,0.291508581929326,0.8604176685088755
-1.538,0.1634664836371343,0.4683420475176805
-1.5375,-0.1459685872356623,-0.3475991096802118
-1.537,-0.8181896032696687,-1.121153713257435
-1.5365,-1.277007122150022,-1.492036057438295
-1.536,-0.9462317015618604,-1.131750351662602
-1.5355,-0.3593720843893152,-0.6125150698093976
-1.535,0.1101156093487211,-0.1462629799820306
-1.5345,0.3875401556484697,0.13984625695749
-1.534,0.5049120790829789,0.2987958330350016
-1.5335,0.5369226036560266,0.2670059178194992
-1.533,0.5049120790829789,0.1504428953626575
-1.5325,0.5049120790829789,-0.05089323433552374
-1.532,0.5262524287983441,-0.252229364033705
-1.5315,0.4729015545099309,-0.2840192792492073
-1.531,0.408880505363835,-0.2628260024388724
-1.5305,0.3555296310754218,-0.2416327256285375
-1.53,0.3555296310754218,-0.1992461720078678
-1.5295,0.707645401378949,0.2246193641988295
-1.529,0.8356874996711408,0.55311515475902
-1.5285,0.3448594562177392,-0.1038764263613609
-1.528,-0.3380317346739499,-0.9092209451540858
-1.5275,-0.5300948821122373,-0.9833974139902578
-1.527,-0.3593720843893152,-0.5913217929990628
-1.5265,-0.1032878878049318,-0.1250697031716958
-1.526,0.09944543449103843,0.2458126410091644
-1.5255,0.2381577076409128,0.4895353243280153
-1.525,0.3021787567870086,0.627291623595192
-1.5245,0.3235191065023739,0.701468092431364
-1.524,0.3235191065023739,0.7226613692416989
-1.5235,0.3128489316446912,0.7120647308365314
-1.523,0.3021787567870086,0.6908714540261965
-1.5225,0.291508581929326,0.6484849004055269
-1.522,0.2808384070716433,0.5955017083796896
-1.5215,0.142126133921769,0.3305857482505039
-1.521,-0.4980843575391895,-0.4535654937318862
-1.5205,-1.159635198715513,-1.322489842955616
-1.52,-1.543761493592088,-1.915901593644992
-1.5195,-1.170305373573196,-1.75695201756748
-1.519,-0.4660738329661415,-1.248313374119443
-1.5185,0.09944543449103843,-0.6760949002404023
-1.518,0.4302208550792003,-0.2416327256285375
-1.5175,0.5582629533713921,-0.008506680714854012
-1.517,0.5796033030867573,0.05507314971615059
-1.5165,0.5369226036560266,0.06566978812131802
-1.516,0.4942419042252961,0.09745970333682032
-1.5155,0.5475927785137094,0.2246193641988295
-1.515,0.5049120790829789,0.1822328105781598
-1.5145,0.4408910299368829,0.06566978812131802
-1.514,0.3768699807907871,-0.02969995752518888
-1.5135,0.3341892813600565,-0.09327978795619347
-1.513,0.4835717293676135,0.05507314971615059
-1.5125,0.7716664505250448,0.6060983467848571
-1.512,0.142126133921769,0.4153588554918433
-1.5115,-0.7968492535543035,-0.4111789401112165
-1.511,-1.405049220442214,-0.6972881770507372
-1.5105,-1.191645723288561,-0.4323722169215513
-1.51,-0.690147504977477,-0.07208651114585861
-1.5095,-0.2206598112394408,0.2458126410091644
-1.509,0.1101156093487211,0.4789386859228479
-1.5085,0.2808384070716433,0.6378882620003594
-1.508,0.3448594562177392,0.7544512844572011
-1.5075,0.3555296310754218,0.8180311148882058
-1.507,0.3341892813600565,0.8604176685088755
-1.5065,0.3128489316446912,0.8816109453192104
-1.506,0.3021787567870086,0.8816109453192104
-1.5055,0.291508581929326,0.8392243916985406
-1.505,0.2488278824985954,0.7332580076468663
-1.5045,-0.1352984123779797,0.1504428953626575
-1.504,-0.7755089038389382,-0.7396747306714069
-1.5035,-1.255666772434657,-1.449649503817625
-1.503,-1.373038695869166,-1.640388995110639
-1.5025,-0.8822106524157645,-1.290699927740113
-1.502,-0.2633405106701714,-0.7820612842920766
-1.5015,0.1954770082101822,-0.3052125560595421
-1.501,0.4302208550792003,0.01268659609548085
-1.5005,0.5262524287983441,0.1080563417419877
-1.5,0.5155822539406614,0.1080563417419877
-1.4995,0.4729015545099309,0.04447651131098315
-1.499,0.5796033030867573,-0.2098428104130352
-1.4985,0.6009436528021226,-0.3370024712750445
-1.498,0.5262524287983441,-0.3158091944647096
-1.4975,0.4408910299368829,-0.2416327256285375
-1.497,0.3661998059331045,-0.1780528951975329
-1.4965,0.3768699807907871,-0.07208651114585861
-1.496,0.7716664505250448,0.4789386859228479
-1.4955,0.5262524287983441,0.8392243916985406
-1.495,-0.3700422592469978,0.1292496185523226
-1.4945,-0.9995825758502737,-0.6549016234300674
-1.494,-0.8928808272734472,-0.6760949002404023
-1.4935,-0.5087545323968721,-0.326405832869877
-1.493,-0.1352984123779797,0.07626642652648545
-1.4925,0.1207857842064037,0.3941655786815084
-1.492,0.2701682322139607,0.6060983467848571
-1.4915,0.3341892813600565,0.7332580076468663
-1.491,0.3448594562177392,0.7968378380778709
-1.4905,0.3235191065023739,0.8180311148882058
-1.49,0.3128489316446912,0.8074344764830383
-1.4895,0.291508581929326,0.775644561267536
-1.489,0.2808384070716433,0.7226613692416989
-1.4885,0.2808384070716433,0.6378882620003594
-1.488,-0.01792648894347063,0.1716361721729923
-1.4875,-0.754168554123573,-0.7290780922662394
-1.487,-1.373038695869166,-1.555615887869299
-1.4865,-1.522421143876723,-1.990078062481164
-1.486,-0.9248913518464952,-1.703968825541643
-1.4855,-0.2420001609548061,-1.05757388282643
-1.485,0.2381577076409128,-0.5065486857577234
-1.4845,0.4835717293676135,-0.06148987274069118
-1.484,0.5369226036560266,0.1716361721729923
-1.4835,0.5049120790829789,0.1928294489833272
-1.483,0.4515612047945656,0.1080563417419877
-1.4825,0.4729015545099309,-0.01910331912002144
-1.482,0.5369226036560266,-0.1568596183871981
-1.4815,0.5049120790829789,-0.1992461720078678
-1.481,0.4302208550792003,-0.1886495336027004
-1.4805,0.3661998059331045,-0.1674562567923655
-1.48,0.3341892813600565,-0.1250697031716958
-1.4795,0.6116138276598051,0.2458126410091644
-1.479,0.6222840025174878,0.8180311148882058
-1.4785,-0.04993701351651855,0.4153588554918433
-1.478,-0.7968492535543035,-0.1462629799820306
-1.4775,-1.202315898146244,0.09745970333682032
-1.477,-0.9462317015618604,0.2670059178194992
-1.4765,-0.4980843575391895,0.3305857482505039
-1.476,-0.1032878878049318,0.383568940276341
-1.4755,0.1634664836371343,0.4471487707073456
-1.475,0.291508581929326,0.5319218779486851
-1.4745,0.3448594562177392,0.6378882620003594
-1.474,0.3448594562177392,0.7332580076468663
-1.4735,0.3235191065023739,0.8180311148882058
-1.473,0.3021787567870086,0.8816109453192104
-1.4725,0.291508581929326,0.9134008605347127
-1.472,0.2808384070716433,0.9134008605347127
-1.4715,0.1527963087794516,0.701468092431364
-1.471,-0.3060212101009019,-0.04029659593035631
-1.4705,-0.7755089038389382,-0.8032545611024114
-1.47,-1.234326422719292,-1.375473034981453
-1.4695,-1.020922925565639,-1.301296566145281
-1.469,-0.423393133535411,-0.8668343915334161
-1.4685,0.1101156093487211,-0.3899856633008816
-1.468,0.4408910299368829,-0.1144730647665284
-1.4675,0.5796033030867573,0.03387987290581572
-1.467,0.5796033030867573,0.1186529801471552
-1.4665,0.5049120790829789,0.1080563417419877
-1.466,0.4408910299368829,0.08686306493165288
-1.4655,0.4515612047945656,0.13984625695749
-1.465,0.4302208550792003,0.05507314971615059
-1.4645,0.3768699807907871,-0.09327978795619347
-1.464,0.3448594562177392,-0.2204394488182027
-1.4635,0.3235191065023739,-0.2840192792492073
-1.463,0.4195506802215176,-0.05089323433552374
-1.4625,0.5796033030867573,0.5001319627331828
-1.462,-0.09261771294724913,0.1928294489833272
-1.4615,-0.9782422261349084,-0.5595318777835605
-1.461,-1.51175096901904,-0.5807251545938954
-1.4605,-1.26633694729234,-0.2416327256285375
-1.46,-0.722158029550525,0.06566978812131802
-1.4595,-0.2206598112394408,0.309392471440169
-1.459,0.1101156093487211,0.4895353243280153
-1.4585,0.2808384070716433,0.6166949851900245
-1.458,0.3448594562177392,0.7226613692416989
-1.4575,0.3555296310754218,0.7968378380778709
-1.457,0.3448594562177392,0.8604176685088755
-1.4565,0.3128489316446912,0.8922075837243778
-1.456,0.3021787567870086,0.9134008605347127
-1.4555,0.2808384070716433,0.8922075837243778
-1.455,0.2594980573562781,0.8286277532933731
-1.4545,-0.1993194615240755,0.309392471440169
-1.454,-0.9569018764195432,-0.5807251545938954
-1.4535,-1.51175096901904,-1.354279758171118
-1.453,-1.789175515318789,-1.809935209593318
-1.4525,-1.351698346153801,-1.534422611058964
-1.452,-0.6261264558313813,-0.9092209451540858
-1.4515,-0.04993701351651855,-0.3581957480853793
-1.451,0.3128489316446912,-0.06148987274069118
-1.4505,0.4622313796522482,0.07626642652648545
-1.45,0.4942419042252961,0.09745970333682032
-1.4495,0.4729015545099309,0.02328323450064829
-1.449,0.5475927785137094,0.07626642652648545
-1.4485,0.5796033030867573,0.05507314971615059
-1.448,0.5049120790829789,-0.1038764263613609
-1.4475,0.4302208550792003,-0.252229364033705
-1.447,0.3661998059331045,-0.3370024712750445
-1.4465,0.291508581929326,-0.2098428104130352
-1.446,-0.01792648894347063,0.4365521323021782
-1.4455,-0.6154562809736985,0.627291623595192
-1.445,-1.148965023857831,-0.1356663415768632
-1.4445,-1.415719395299897,-0.8986243067489184
-1.444,-1.084943974711735,-0.8456411147230812
-1.4435,-0.572775581542968,-0.3793890248957141
-1.443,-0.124628237520297,0.1504428953626575
-1.4425,0.1634664836371343,0.5637117931641874
-1.442,0.3021787567870086,0.8392243916985406
-1.4415,0.3555296310754218,1.00877060618122
-1.441,0.3555296310754218,1.093543713422559
-1.4405,0.3341892813600565,1.114736990232894
-1.44,0.3128489316446912,1.114736990232894
-1.4395,0.3021787567870086,1.061753798207057
-1.439,0.291508581929326,0.9875773293708847
-1.4385,0.2808384070716433,0.8816109453192104
-1.438,0.1314559590640864,0.5001319627331828
-1.4375,-0.4874141826815069,-0.3899856633008816
-1.437,-1.116954499284783,-1.280103289334946
-1.4365,-1.405049220442214,-1.947691508860494
-1.436,-1.212986073003927,-2.064254531317336
-1.4355,-0.6154562809736985,-1.545019249464132
-1.435,-0.03926683865883591,-0.9939940523954253
-1.4345,0.3128489316446912,-0.5171453241628908
-1.434,0.4622313796522482,-0.2310360872233701
-1.4335,0.4942419042252961,-0.1038764263613609
-1.433,0.4835717293676135,-0.09327978795619347
-1.4325,0.4835717293676135,-0.08268314955102604
-1.432,0.5262524287983441,-0.008506680714854012
-1.4315,0.4835717293676135,-0.07208651114585861
-1.431,0.4195506802215176,-0.1674562567923655
-1.4305,0.3661998059331045,-0.2310360872233701
-1.43,0.3235191065023739,-0.252229364033705
-1.4295,0.2381577076409128,-0.1144730647665284
-1.429,0.04609456020262521,0.4259554938970107
-1.4285,-0.5621054066852853,0.1292496185523226
-1.428,-1.159635198715513,-0.2840192792492073
-1.4275,-1.46907026958831,0.1080563417419877
-1.427,-1.116954499284783,0.3517790250608387
-1.4265,-0.572775581542968,0.4259554938970107
-1.426,-0.124628237520297,0.457745409112513
-1.4255,0.1634664836371343,0.5213252395435176
-1.425,0.3128489316446912,0.6060983467848571
-1.4245,0.3661998059331045,0.7120647308365314
-1.424,0.3661998059331045,0.8180311148882058
-1.4235,0.3448594562177392,0.92399749893988
-1.423,0.3235191065023739,1.00877060618122
-1.4225,0.3021787567870086,1.051157159801889
-1.422,0.291508581929326,1.051157159801889
-1.4215,0.2168173579255475,0.92399749893988
-1.421,-0.124628237520297,0.2458126410091644
-1.4205,-0.7008176798351597,-0.5913217929990628
-1.42,-1.127624674142465,-1.237716735714276
-1.4195,-1.330357996438436,-1.545019249464132
-1.419,-0.9035510021311299,-1.258910012524611
-1.4185,-0.2953510352432193,-0.7608680074817418
-1.418,0.1634664836371343,-0.252229364033705
-1.4175,0.3982103305061524,0.09745970333682032
-1.417,0.4729015545099309,0.2246193641988295
-1.4165,0.4729015545099309,0.2246193641988295
-1.416,0.4408910299368829,0.13984625695749
-1.4155,0.4729015545099309,0.1504428953626575
-1.415,0.4515612047945656,0.002089957690313421
-1.4145,0.408880505363835,-0.1992461720078678
-1.414,0.3661998059331045,-0.3687923864905467
-1.4135,0.3341892813600565,-0.474758770542221
-1.413,0.4622313796522482,-0.3052125560595421
-1.4125,0.79300680024041,0.3623756634660061
-1.412,0.2274875327832301,0.3623756634660061
-1.4115,-0.7008176798351597,-0.3052125560595421
-1.411,-1.373038695869166,-0.2204394488182027
-1.4105,-1.26633694729234,0.1080563417419877
-1.41,-0.7648387289812555,0.2776025562246667
-1.4095,-0.274010685527854,0.383568940276341
-1.409,0.07810508477567314,0.4683420475176805
-1.4085,0.2701682322139607,0.5637117931641874
-1.408,0.3448594562177392,0.6590815388106942
-1.4075,0.3661998059331045,0.7544512844572011
-1.407,0.3448594562177392,0.849821030103708
-1.4065,0.3235191065023739,0.9134008605347127
-1.406,0.3128489316446912,0.9557874141553824
-1.4055,0.291508581929326,0.9557874141553824
-1.405,0.2808384070716433,0.9134008605347127
-1.4045,0.2808384070716433,0.5001319627331828
-1.404,0.2701682322139607,-0.3052125560595421
-1.4035,-0.423393133535411,-1.0999604364471
-1.403,-0.8181896032696687,-1.375473034981453
-1.4025,-0.5194247072545548,-1.089363798041932
-1.402,-0.08194753808956648,-0.6337083466197325
-1.4015,0.2594980573562781,-0.2098428104130352
-1.401,0.4302208550792003,0.09745970333682032
-1.4005,0.4835717293676135,0.2246193641988295
-1.4,0.4622313796522482,0.2034260873884947
-1.3995,0.4302208550792003,0.1080563417419877
-1.399,0.4622313796522482,0.1080563417419877
-1.3985,0.4729015545099309,0.06566978812131802
-1.398,0.4302208550792003,-0.08268314955102604
-1.3975,0.3768699807907871,-0.2204394488182027
-1.397,0.3448594562177392,-0.3052125560595421
-1.3965,0.291508581929326,-0.252229364033705
-1.396,-0.1352984123779797,0.2987958330350016
-1.3955,-0.9782422261349084,0.6378882620003594
-1.395,-1.650463242168915,-0.02969995752518888
-1.3945,-2.045259711903173,-0.5595318777835605
-1.394,-1.767835165603424,-0.3370024712750445
-1.3935,-1.06360362499637,-0.06148987274069118
-1.393,-0.4020527838200457,0.1822328105781598
-1.3925,0.03542438534494258,0.3729723018711736
-1.392,0.2808384070716433,0.5319218779486851
-1.3915,0.3768699807907871,0.6484849004055269
-1.391,0.3875401556484697,0.7544512844572011
-1.3905,0.3661998059331045,0.8286277532933731
-1.39,0.3341892813600565,0.8922075837243778
-1.3895,0.3128489316446912,0.92399749893988
-1.389,0.3021787567870086,0.92399749893988
-1.3885,0.291508581929326,0.8816109453192104
-1.388,0.1314559590640864,0.5849050699745222
-1.3875,-0.5300948821122373,-0.2310360872233701
-1.387,-1.138294849000148,-1.05757388282643
-1.3865,-1.447729919872945,-1.545019249464132
-1.386,-1.095614149569417,-1.248313374119443
-1.3855,-0.4660738329661415,-0.7078848154559045
-1.385,0.03542438534494258,-0.2310360872233701
-1.3845,0.3341892813600565,0.04447651131098315
-1.384,0.4729015545099309,0.1504428953626575
-1.3835,0.5049120790829789,0.1928294489833272
-1.383,0.4835717293676135,0.1504428953626575
-1.3825,0.4729015545099309,-0.008506680714854012
-1.382,0.5262524287983441,-0.2628260024388724
-1.3815,0.4942419042252961,-0.3370024712750445
-1.381,0.4302208550792003,-0.3370024712750445
-1.3805,0.3768699807907871,-0.3158091944647096
-1.38,0.3448594562177392,-0.2946159176543747
-1.3795,0.5902734779444399,0.04447651131098315
-1.379,0.707645401378949,0.7650479228623686
-1.3785,-0.06060718837420119,0.8392243916985406
-1.378,-0.7755089038389382,-0.01910331912002144
-1.3775,-0.8928808272734472,-0.5065486857577234
-1.377,-0.5941159312583333,-0.4217755785163839
-1.3765,-0.2206598112394408,-0.1250697031716958
-1.376,0.0674349099179905,0.1928294489833272
-1.3755,0.2381577076409128,0.4365521323021782
-1.375,0.3235191065023739,0.6060983467848571
-1.3745,0.3448594562177392,0.7226613692416989
-1.374,0.3448594562177392,0.7862411996727035
-1.3735,0.3235191065023739,0.8286277532933731
-1.373,0.3128489316446912,0.8286277532933731
-1.3725,0.3021787567870086,0.8074344764830383
-1.372,0.291508581929326,0.7650479228623686
-1.3715,0.2381577076409128,0.6378882620003594
-1.371,-0.2633405106701714,0.02328323450064829
-1.3705,-0.807519428411986,-0.792657922697244
-1.37,-1.330357996438436,-1.51322933424863
-1.3695,-1.191645723288561,-1.703968825541643
-1.369,-0.5621054066852853,-1.322489842955616
-1.3685,0.01408403562957729,-0.7820612842920766
-1.368,0.3875401556484697,-0.3899856633008816
-1.3675,0.5689331282290746,-0.1462629799820306
-1.367,0.6009436528021226,0.01268659609548085
-1.3665,0.5582629533713921,0.07626642652648545
-1.366,0.5049120790829789,0.05507314971615059
-1.3655,0.5689331282290746,0.1716361721729923
-1.365,0.5475927785137094,0.13984625695749
-1.3645,0.4835717293676135,0.01268659609548085
-1.364,0.408880505363835,-0.1144730647665284
-1.3635,0.3555296310754218,-0.1886495336027004
-1.363,0.4302208550792003,-0.09327978795619347
-1.3625,0.79300680024041,0.457745409112513
-1.362,0.3661998059331045,0.3411823866556712
-1.3615,-0.4874141826815069,-0.3899856633008816
-1.361,-1.277007122150022,-0.252229364033705
-1.3605,-1.383708870726849,0.1928294489833272
-1.36,-0.9248913518464952,0.3517790250608387
-1.3595,-0.4127229586777283,0.383568940276341
-1.359,-0.007256314085787988,0.4047622170866759
-1.3585,0.2274875327832301,0.4471487707073456
-1.358,0.3341892813600565,0.5213252395435176
-1.3575,0.3661998059331045,0.6166949851900245
-1.357,0.3555296310754218,0.7120647308365314
-1.3565,0.3341892813600565,0.7968378380778709
-1.356,0.3128489316446912,0.8604176685088755
-1.3555,0.3021787567870086,0.8922075837243778
-1.355,0.2808384070716433,0.8604176685088755
-1.3545,0.3555296310754218,0.4365521323021782
-1.354,0.4729015545099309,-0.3687923864905467
-1.3535,-0.09261771294724913,-1.121153713257435
-1.353,-0.5300948821122373,-1.38606967338662
-1.3525,-0.274010685527854,-1.089363798041932
-1.352,0.1101156093487211,-0.6549016234300674
-1.3515,0.3875401556484697,-0.2946159176543747
-1.351,0.5369226036560266,-0.04029659593035631
-1.3505,0.5582629533713921,0.1716361721729923
-1.35,0.5155822539406614,0.2458126410091644
-1.3495,0.4515612047945656,0.2034260873884947
-1.349,0.4408910299368829,0.1928294489833272
-1.3485,0.4195506802215176,0.1292496185523226
-1.348,0.3875401556484697,0.002089957690313421
-1.3475,0.3448594562177392,-0.1250697031716958
-1.347,0.3235191065023739,-0.2204394488182027
-1.3465,0.3341892813600565,-0.2416327256285375
-1.346,0.7289857510943143,0.1822328105781598
-1.3455,0.6969752265212663,0.8710143069140429
-1.345,-0.1993194615240755,0.775644561267536
-1.3445,-1.074273799854052,-0.04029659593035631
-1.344,-1.330357996438436,-0.3581957480853793
-1.3435,-0.9569018764195432,-0.2628260024388724
-1.343,-0.4554036581084589,-0.04029659593035631
-1.3425,-0.06060718837420119,0.2034260873884947
-1.342,0.1954770082101822,0.4153588554918433
-1.3415,0.3128489316446912,0.5743084315693548
-1.341,0.3448594562177392,0.701468092431364
-1.3405,0.3448594562177392,0.7968378380778709
-1.34,0.3235191065023739,0.8604176685088755
-1.3395,0.3021787567870086,0.8922075837243778
-1.339,0.291508581929326,0.9028042221295453
-1.3385,0.2808384070716433,0.8710143069140429
-1.338,0.1101156093487211,0.6378882620003594
-1.3375,-0.5407650569699201,-0.1462629799820306
-1.337,-1.06360362499637,-0.9728007755850904
-1.3365,-1.46907026958831,-1.608599079895136
-1.336,-1.586442193022819,-1.926498232050159
-1.3355,-1.010252750707956,-1.523825972653797
-1.335,-0.3273615598162672,-0.8244478379127463
-1.3345,0.1527963087794516,-0.252229364033705
-1.334,0.3982103305061524,0.08686306493165288
-1.3335,0.4835717293676135,0.1928294489833272
-1.333,0.4835717293676135,0.1610395337678249
-1.3325,0.4835717293676135,0.1186529801471552
-1.332,0.5582629533713921,0.06566978812131802
-1.3315,0.5262524287983441,-0.06148987274069118
-1.331,0.4515612047945656,-0.1992461720078678
-1.3305,0.3875401556484697,-0.2946159176543747
-1.33,0.3341892813600565,-0.3475991096802118
-1.3295,0.4942419042252961,-0.1992461720078678
-1.329,0.7396559259519968,0.2776025562246667
-1.3285,0.1314559590640864,-0.06148987274069118
-1.328,-0.7114878546928423,-0.7820612842920766
-1.3275,-1.1062843244271,-0.8880276683437509
-1.327,-0.8608703027003992,-0.5383386009732256
-1.3265,-0.4340633083930936,-0.1038764263613609
-1.326,-0.07127736323188383,0.2564092794143318
-1.3255,0.1741366584948169,0.5213252395435176
-1.325,0.3021787567870086,0.6908714540261965
-1.3245,0.3448594562177392,0.7862411996727035
-1.324,0.3448594562177392,0.849821030103708
-1.3235,0.3235191065023739,0.8816109453192104
-1.323,0.3128489316446912,0.8816109453192104
-1.3225,0.291508581929326,0.8604176685088755
-1.322,0.291508581929326,0.8180311148882058
-1.3215,0.2274875327832301,0.6802748156210291
-1.321,-0.3273615598162672,0.03387987290581572
-1.3205,-1.084943974711735,-0.8774310299385835
-1.32,-1.565101843307454,-1.619195718300304
-1.3195,-1.341028171296118,-1.640388995110639
-1.319,-0.6367966306890638,-1.174136905283272
-1.3185,-0.02859666380115328,-0.6866915386455698
-1.318,0.3448594562177392,-0.2946159176543747
-1.3175,0.4835717293676135,-0.08268314955102604
-1.317,0.5049120790829789,0.01268659609548085
-1.3165,0.4835717293676135,0.02328323450064829
-1.316,0.4408910299368829,-0.02969995752518888
-1.3155,0.4942419042252961,-0.1886495336027004
-1.315,0.4942419042252961,-0.2734226408440398
-1.3145,0.4408910299368829,-0.2840192792492073
-1.314,0.3768699807907871,-0.252229364033705
-1.3135,0.3341892813600565,-0.2098428104130352
-1.313,0.3982103305061524,-0.06148987274069118
-1.3125,0.8463576745288233,0.5319218779486851
-1.312,0.5582629533713921,0.7862411996727035
-1.3115,-0.3487019095316325,0.04447651131098315
-1.311,-1.084943974711735,-0.4853554089473885
-1.3105,-1.042263275281004,-0.400582301706049
-1.31,-0.6367966306890638,-0.1144730647665284
-1.3095,-0.2206598112394408,0.1928294489833272
-1.309,0.08877525963335578,0.4471487707073456
-1.3085,0.2594980573562781,0.6378882620003594
-1.308,0.3235191065023739,0.7650479228623686
-1.3075,0.3448594562177392,0.849821030103708
-1.307,0.3341892813600565,0.9028042221295453
-1.3065,0.3128489316446912,0.92399749893988
-1.306,0.3021787567870086,0.9134008605347127
-1.3055,0.291508581929326,0.8816109453192104
-1.305,0.2808384070716433,0.7968378380778709
-1.3045,-0.01792648894347063,0.3305857482505039
-1.304,-0.658136980404429,-0.5171453241628908
-1.3035,-1.042263275281004,-1.269506650929778
-1.303,-1.06360362499637,-1.693372187136476
-1.3025,-0.572775581542968,-1.523825972653797
-1.302,-0.02859666380115328,-0.9622041371799229
-1.3015,0.3128489316446912,-0.4111789401112165
-1.301,0.4729015545099309,-0.08268314955102604
-1.3005,0.5155822539406614,0.05507314971615059
-1.3,0.4835717293676135,0.05507314971615059
-1.2995,0.4408910299368829,0.01268659609548085
-1.299,0.4302208550792003,-0.05089323433552374
-1.2985,0.4302208550792003,-0.1250697031716958
-1.298,0.3982103305061524,-0.1780528951975329
-1.2975,0.3661998059331045,-0.2098428104130352
-1.297,0.3341892813600565,-0.2310360872233701
-1.2965,0.3341892813600565,-0.2098428104130352
-1.296,0.6542945270905358,0.1928294489833272
-1.2955,0.5475927785137094,0.4153588554918433
-1.295,-0.1779791118087102,-0.2734226408440398
-1.2945,-0.9462317015618604,-1.078767159636765
-1.294,-1.052933450138687,-1.121153713257435
-1.2935,-0.7114878546928423,-0.6443049850249
-1.293,-0.2846808603855366,-0.1038764263613609
-1.2925,0.03542438534494258,0.3305857482505039
-1.292,0.2274875327832301,0.6060983467848571
-1.2915,0.3128489316446912,0.7650479228623686
-1.291,0.3448594562177392,0.8392243916985406
-1.2905,0.3341892813600565,0.849821030103708
-1.29,0.3128489316446912,0.8392243916985406
-1.2895,0.3021787567870086,0.8074344764830383
-1.289,0.291508581929326,0.7544512844572011
-1.2885,0.2808384070716433,0.6802748156210291
-1.288,0.09944543449103843,0.3199891098453364
-1.2875,-0.5300948821122373,-0.5171453241628908
-1.287,-0.7755089038389382,-1.237716735714276
-1.2865,-0.9355615267041777,-1.820531847998485
-1.286,-1.138294849000148,-2.180817553774178
-1.2855,-0.7434983792658902,-1.725162102351978
-1.285,-0.2206598112394408,-0.9833974139902578
-1.2845,0.1634664836371343,-0.3475991096802118
-1.284,0.3661998059331045,-0.008506680714854012
-1.2835,0.4515612047945656,0.06566978812131802
-1.283,0.4622313796522482,0.01268659609548085
-1.2825,0.4729015545099309,-0.08268314955102604
-1.282,0.5796033030867573,-0.2416327256285375
-1.2815,0.5582629533713921,-0.2734226408440398
-1.281,0.4729015545099309,-0.2310360872233701
-1.2805,0.3982103305061524,-0.1674562567923655
-1.28,0.3448594562177392,-0.09327978795619347
-1.2795,0.5155822539406614,0.1822328105781598
-1.279,0.7609962756673623,0.6908714540261965
-1.2785,0.1314559590640864,0.2776025562246667
-1.278,-0.7328282044082075,-0.5065486857577234
-1.2775,-1.170305373573196,-0.6549016234300674
-1.277,-0.9355615267041777,-0.3581957480853793
-1.2765,-0.4874141826815069,0.01268659609548085
-1.276,-0.1032878878049318,0.3305857482505039
-1.2755,0.1527963087794516,0.55311515475902
-1.275,0.291508581929326,0.701468092431364
-1.2745,0.3341892813600565,0.7862411996727035
-1.274,0.3448594562177392,0.8286277532933731
-1.2735,0.3235191065023739,0.849821030103708
-1.273,0.3021787567870086,0.8392243916985406
-1.2725,0.291508581929326,0.8074344764830383
-1.272,0.2808384070716433,0.7650479228623686
-1.2715,0.2274875327832301,0.627291623595192
-1.271,-0.2846808603855366,-0.008506680714854012
-1.2705,-0.9889124009925911,-0.9198175835592532
-1.27,-1.458400094730627,-1.661582271920973
-1.2695,-1.287677297007705,-1.915901593644992
-1.269,-0.5834457564006506,-1.555615887869299
-1.2685,0.01408403562957729,-0.9728007755850904
-1.268,0.3982103305061524,-0.474758770542221
-1.2675,0.5475927785137094,-0.1462629799820306
-1.267,0.5689331282290746,0.03387987290581572
-1.2665,0.5262524287983441,0.1080563417419877
-1.266,0.4622313796522482,0.09745970333682032
-1.2655,0.5262524287983441,-0.08268314955102604
-1.265,0.5155822539406614,-0.1992461720078678
-1.2645,0.4515612047945656,-0.2416327256285375
-1.264,0.3875401556484697,-0.2416327256285375
-1.2635,0.3448594562177392,-0.2204394488182027
-1.263,0.408880505363835,-0.06148987274069118
-1.2625,0.8036769750980928,0.5213252395435176
-1.262,0.5049120790829789,0.4259554938970107
-1.2615,-0.1673089369510276,-0.4111789401112165
-1.261,-0.7648387289812555,-0.6337083466197325
-1.2605,-0.839529952985034,-0.3370024712750445
-1.26,-0.5300948821122373,-0.06148987274069118
-1.2595,-0.1886492866663929,0.1504428953626575
-1.259,0.07810508477567314,0.309392471440169
-1.2585,0.2381577076409128,0.4365521323021782
-1.258,0.3128489316446912,0.5319218779486851
-1.2575,0.3341892813600565,0.6166949851900245
-1.257,0.3235191065023739,0.6908714540261965
-1.2565,0.3021787567870086,0.7438546460520338
-1.256,0.291508581929326,0.775644561267536
-1.2555,0.2808384070716433,0.7968378380778709
-1.255,0.2701682322139607,0.7650479228623686
-1.2545,0.00341386077189465,0.4153588554918433
-1.254,-0.722158029550525,-0.3899856633008816
-1.2535,-1.426389570157579,-1.174136905283272
-1.253,-1.682473766741963,-1.523825972653797
-1.2525,-1.127624674142465,-1.152943628472937
-1.252,-0.391382608962363,-0.6231117082145651
-1.2515,0.142126133921769,-0.1992461720078678
-1.251,0.4302208550792003,0.04447651131098315
-1.2505,0.5369226036560266,0.1928294489833272
-1.25,0.5262524287983441,0.2670059178194992
-1.2495,0.4729015545099309,0.2140227257936621
-1.249,0.4729015545099309,0.13984625695749
-1.2485,0.4942419042252961,0.05507314971615059
-1.248,0.4515612047945656,-0.05089323433552374
-1.2475,0.3875401556484697,-0.1462629799820306
-1.247,0.3448594562177392,-0.2098428104130352
-1.2465,0.2594980573562781,-0.1780528951975329
-1.246,-0.03926683865883591,0.309392471440169
-1.2455,-0.4554036581084589,0.8180311148882058
-1.245,-1.052933450138687,0.2776025562246667
-1.2445,-1.554431668449771,-0.1674562567923655
-1.244,-1.693143941599645,0.1822328105781598
-1.2435,-1.202315898146244,0.3517790250608387
-1.243,-0.5941159312583333,0.3623756634660061
-1.2425,-0.1032878878049318,0.3517790250608387
-1.242,0.1848068333524996,0.3729723018711736
-1.2415,0.3235191065023739,0.4471487707073456
-1.241,0.3661998059331045,0.5425185163538525
-1.2405,0.3555296310754218,0.6484849004055269
-1.24,0.3341892813600565,0.7544512844572011
-1.2395,0.3128489316446912,0.8392243916985406
-1.239,0.291508581929326,0.8922075837243778
-1.2385,0.2808384070716433,0.9134008605347127
-1.238,0.1527963087794516,0.701468092431364
-1.2375,-0.124628237520297,-0.05089323433552374
-1.237,-0.7114878546928423,-0.8456411147230812
-1.2365,-1.138294849000148,-1.396666311791788
-1.236,-0.9248913518464952,-1.417859588602123
-1.2355,-0.3807124341046804,-0.9516074987747555
-1.235,0.09944543449103843,-0.3475991096802118
-1.2345,0.408880505363835,0.03387987290581572
-1.234,0.5262524287983441,0.2458126410091644
-1.2335,0.5262524287983441,0.3411823866556712
-1.233,0.4835717293676135,0.309392471440169
-1.2325,0.4622313796522482,0.2246193641988295
-1.232,0.5582629533713921,0.2140227257936621
-1.2315,0.5369226036560266,0.04447651131098315
-1.231,0.4622313796522482,-0.1674562567923655
-1.2305,0.3875401556484697,-0.3370024712750445
-1.23,0.3448594562177392,-0.4535654937318862
-1.2295,0.4515612047945656,-0.2628260024388724
-1.229,0.6863050516635838,0.2881991946298341
-1.2285,0.1101156093487211,0.03387987290581572
-1.228,-0.7861790786966207,-0.5913217929990628
-1.2275,-1.458400094730627,-0.3581957480853793
-1.227,-1.351698346153801,0.06566978812131802
-1.2265,-0.8288597781273515,0.2564092794143318
-1.226,-0.3166913849585846,0.3517790250608387
-1.2255,0.04609456020262521,0.4259554938970107
-1.225,0.2594980573562781,0.5001319627331828
-1.2245,0.3448594562177392,0.5849050699745222
-1.224,0.3555296310754218,0.6696781772158616
-1.2235,0.3448594562177392,0.7544512844572011
-1.223,0.3235191065023739,0.8286277532933731
-1.2225,0.3021787567870086,0.8710143069140429
-1.222,0.291508581929326,0.8816109453192104
-1.2215,0.2381577076409128,0.7862411996727035
-1.221,-0.2953510352432193,0.1610395337678249
-1.2205,-0.9035510021311299,-0.6549016234300674
-1.22,-1.223656247861609,-1.301296566145281
-1.2195,-1.127624674142465,-1.364876396576285
-1.219,-0.5941159312583333,-0.9516074987747555
-1.2185,-0.06060718837420119,-0.474758770542221
-1.218,0.3021787567870086,-0.008506680714854012
-1.2175,0.4622313796522482,0.2564092794143318
-1.217,0.5155822539406614,0.2987958330350016
-1.2165,0.4942419042252961,0.1928294489833272
-1.216,0.4515612047945656,0.06566978812131802
-1.2155,0.4729015545099309,-0.1250697031716958
-1.215,0.4729015545099309,-0.2416327256285375
-1.2145,0.4195506802215176,-0.2734226408440398
-1.214,0.3661998059331045,-0.2734226408440398
-1.2135,0.3341892813600565,-0.2628260024388724
-1.213,0.3021787567870086,-0.1568596183871981
-1.2125,0.01408403562957729,0.4047622170866759
-1.212,-0.7434983792658902,0.4789386859228479
-1.2115,-1.405049220442214,-0.3158091944647096
-1.211,-1.693143941599645,-0.9833974139902578
-1.2105,-1.298347471865388,-0.8668343915334161
-1.21,-0.690147504977477,-0.4217755785163839
-1.2095,-0.1779791118087102,0.04447651131098315
-1.209,0.142126133921769,0.4047622170866759
-1.2085,0.3128489316446912,0.6378882620003594
-1.208,0.3661998059331045,0.775644561267536
-1.2075,0.3661998059331045,0.849821030103708
-1.207,0.3448594562177392,0.8710143069140429
-1.2065,0.3235191065023739,0.8710143069140429
-1.206,0.3021787567870086,0.8392243916985406
-1.2055,0.291508581929326,0.7968378380778709
-1.205,0.2808384070716433,0.7226613692416989
-1.2045,-0.02859666380115328,0.2776025562246667
-1.204,-0.7648387289812555,-0.6125150698093976
-1.2035,-1.394379045584531,-1.47084278062796
-1.203,-1.693143941599645,-1.915901593644992
-1.2025,-1.170305373573196,-1.534422611058964
-1.202,-0.4340633083930936,-0.9198175835592532
-1.2015,0.1101156093487211,-0.4217755785163839
-1.201,0.408880505363835,-0.1250697031716958
-1.2005,0.5155822539406614,0.01268659609548085
-1.2,0.5262524287983441,0.03387987290581572
-1.1995,0.4942419042252961,-0.008506680714854012
-1.199,0.5049120790829789,-0.1356663415768632
-1.1985,0.5475927785137094,-0.2840192792492073
-1.198,0.4942419042252961,-0.3158091944647096
-1.1975,0.4195506802215176,-0.2734226408440398
-1.197,0.3661998059331045,-0.2204394488182027
-1.1965,0.3448594562177392,-0.1568596183871981
-1.196,0.6756348768059011,0.2352160026039969
-1.1955,0.9103787236749192,0.849821030103708
-1.195,0.4302208550792003,0.5425185163538525
-1.1945,-0.3700422592469978,-0.01910331912002144
-1.194,-1.06360362499637,0.2140227257936621
-1.1935,-1.010252750707956,0.383568940276341
-1.193,-0.6047861061160158,0.4047622170866759
-1.1925,-0.1993194615240755,0.4047622170866759
-1.192,0.09944543449103843,0.4471487707073456
-1.1915,0.2594980573562781,0.5107286011383502
-1.191,0.3341892813600565,0.6166949851900245
-1.1905,0.3448594562177392,0.7120647308365314
-1.19,0.3341892813600565,0.8074344764830383
-1.1895,0.3128489316446912,0.8816109453192104
-1.189,0.3021787567870086,0.92399749893988
-1.1885,0.291508581929326,0.9345941373450475
-1.188,0.1954770082101822,0.8286277532933731
-1.1875,-0.4020527838200457,0.1716361721729923
-1.187,-1.031593100423322,-0.6654982618352349
-1.1865,-1.426389570157579,-1.333086481360783
-1.186,-1.618452717595867,-1.703968825541643
-1.1855,-1.084943974711735,-1.42845622700729
-1.185,-0.3700422592469978,-0.8032545611024114
-1.1845,0.1527963087794516,-0.2628260024388724
-1.184,0.4515612047945656,0.08686306493165288
-1.1835,0.5475927785137094,0.2458126410091644
-1.183,0.5369226036560266,0.2352160026039969
-1.1825,0.5049120790829789,0.1504428953626575
-1.182,0.5582629533713921,0.1610395337678249
-1.1815,0.5155822539406614,0.03387987290581572
-1.181,0.4515612047945656,-0.1462629799820306
-1.1805,0.3768699807907871,-0.3052125560595421
-1.18,0.3448594562177392,-0.3899856633008816
-1.1795,0.408880505363835,-0.2628260024388724
-1.179,0.6969752265212663,0.2881991946298341
-1.1785,0.1634664836371343,0.1292496185523226
-1.178,-0.572775581542968,-0.5489352393783931
-1.1775,-1.277007122150022,-0.474758770542221
-1.177,-1.373038695869166,0.002089957690313421
-1.1765,-0.9248913518464952,0.2352160026039969
-1.176,-0.4020527838200457,0.3517790250608387
-1.1755,-0.007256314085787988,0.4259554938970107
-1.175,0.2274875327832301,0.5107286011383502
-1.1745,0.3341892813600565,0.5955017083796896
-1.174,0.3555296310754218,0.6908714540261965
-1.1735,0.3448594562177392,0.7862411996727035
-1.173,0.3341892813600565,0.8604176685088755
-1.1725,0.3128489316446912,0.9134008605347127
-1.172,0.291508581929326,0.9345941373450475
-1.1715,0.2701682322139607,0.8816109453192104
-1.171,-0.1352984123779797,0.3517790250608387
-1.1705,-0.8715404775580819,-0.4959520473525559
-1.17,-1.362368521011484,-1.205926820498774
-1.1695,-1.341028171296118,-1.333086481360783
-1.169,-0.7434983792658902,-0.9198175835592532
-1.1685,-0.1139580626626144,-0.4853554089473885
-1.168,0.291508581929326,-0.09327978795619347
-1.1675,0.4942419042252961,0.1716361721729923
-1.167,0.5582629533713921,0.2670059178194992
-1.1665,0.5475927785137094,0.1928294489833272
-1.166,0.4942419042252961,0.06566978812131802
-1.1655,0.5262524287983441,-0.008506680714854012
-1.165,0.5262524287983441,-0.07208651114585861
-1.1645,0.4729015545099309,-0.1568596183871981
-1.164,0.3982103305061524,-0.2204394488182027
-1.1635,0.3555296310754218,-0.2628260024388724
-1.163,0.3341892813600565,-0.1992461720078678
-1.1625,0.7289857510943143,0.309392471440169
-1.162,1.049090996824793,0.849821030103708
-1.1615,0.5689331282290746,0.3729723018711736
-1.161,-0.2313299860971235,0.01268659609548085
-1.1605,-0.6047861061160158,0.13984625695749
-1.16,-0.4767440078238243,0.2034260873884947
-1.1595,-0.2099896363817582,0.2564092794143318
-1.159,0.03542438534494258,0.3305857482505039
-1.1585,0.1954770082101822,0.4365521323021782
-1.158,0.291508581929326,0.55311515475902
-1.1575,0.3235191065023739,0.6696781772158616
-1.157,0.3235191065023739,0.775644561267536
-1.1565,0.3128489316446912,0.8710143069140429
-1.156,0.3021787567870086,0.9345941373450475
-1.1555,0.291508581929326,0.9663840525605498
-1.155,0.2808384070716433,0.9557874141553824
-1.1545,0.07810508477567314,0.6908714540261965
-1.154,-0.5941159312583333,-0.09327978795619347
-1.1535,-1.127624674142465,-0.8880276683437509
-1.153,-1.319687821580753,-1.396666311791788
-1.1525,-0.8608703027003992,-1.290699927740113
-1.152,-0.2420001609548061,-0.8138511995075789
-1.1515,0.2168173579255475,-0.2628260024388724
-1.151,0.4729015545099309,0.07626642652648545
-1.1505,0.5475927785137094,0.2140227257936621
-1.15,0.5475927785137094,0.1610395337678249
-1.1495,0.4942419042252961,0.07626642652648545
-1.149,0.4835717293676135,-0.008506680714854012
-1.1485,0.5262524287983441,-0.09327978795619347
-1.148,0.4835717293676135,-0.1780528951975329
-1.1475,0.408880505363835,-0.252229364033705
-1.147,0.3555296310754218,-0.3158091944647096
-1.1465,0.3235191065023739,-0.3475991096802118
-1.146,0.5796033030867573,-0.06148987274069118
-1.1455,0.6969752265212663,0.4259554938970107
-1.145,-0.03926683865883591,-0.01910331912002144
-1.1445,-0.8502001278427167,-0.8668343915334161
-1.144,-1.1062843244271,-1.152943628472937
-1.1435,-0.807519428411986,-0.7714646458869092
-1.143,-0.3700422592469978,-0.2416327256285375
-1.1425,-0.01792648894347063,0.2140227257936621
-1.142,0.1954770082101822,0.5213252395435176
-1.1415,0.3021787567870086,0.701468092431364
-1.141,0.3341892813600565,0.7968378380778709
-1.1405,0.3341892813600565,0.8286277532933731
-1.14,0.3235191065023739,0.8286277532933731
-1.1395,0.3021787567870086,0.7968378380778709
-1.139,0.291508581929326,0.7544512844572011
-1.1385,0.2808384070716433,0.6802748156210291
-1.138,0.2061471830678648,0.5319218779486851
-1.1375,-0.3487019095316325,-0.1568596183871981
-1.137,-0.9889124009925911,-1.046977244421262
-1.1365,-1.287677297007705,-1.682775548731308
-1.136,-0.9995825758502737,-1.672178910326141
-1.1355,-0.3593720843893152,-1.280103289334946
-1.135,0.1527963087794516,-0.8244478379127463
-1.1345,0.4515612047945656,-0.4535654937318862
-1.134,0.5582629533713921,-0.2310360872233701
-1.1335,0.5475927785137094,-0.1038764263613609
-1.133,0.4835717293676135,-0.07208651114585861
-1.1325,0.4408910299368829,-0.07208651114585861
-1.132,0.4942419042252961,-0.04029659593035631
-1.1315,0.4835717293676135,-0.06148987274069118
-1.131,0.4302208550792003,-0.1144730647665284
-1.1305,0.3661998059331045,-0.1250697031716958
-1.13,0.3235191065023739,-0.1038764263613609
-1.1295,0.4302208550792003,0.05507314971615059
-1.129,0.8036769750980928,0.6060983467848571
-1.1285,0.2168173579255475,0.4365521323021782
-1.128,-0.7755089038389382,-0.252229364033705
-1.1275,-1.479740444445993,-0.06148987274069118
-1.127,-1.383708870726849,0.2670059178194992
-1.1265,-0.8608703027003992,0.3941655786815084
-1.126,-0.3380317346739499,0.4471487707073456
-1.1255,0.03542438534494258,0.5001319627331828
-1.125,0.2488278824985954,0.5637117931641874
-1.1245,0.3341892813600565,0.6590815388106942
-1.124,0.3555296310754218,0.7438546460520338
-1.1235,0.3448594562177392,0.8286277532933731
-1.123,0.3128489316446912,0.9028042221295453
-1.1225,0.3021787567870086,0.9451907757502149
-1.122,0.2808384070716433,0.9451907757502149
-1.1215,0.2701682322139607,0.8816109453192104
-1.121,0.1741366584948169,0.4365521323021782
-1.1205,0.1101156093487211,-0.3370024712750445
-1.12,-0.3593720843893152,-1.078767159636765
-1.1195,-0.6474668055467465,-1.42845622700729
-1.119,-0.3593720843893152,-1.195330182093607
-1.1185,0.03542438534494258,-0.7078848154559045
-1.118,0.3235191065023739,-0.2204394488182027
-1.1175,0.4408910299368829,0.08686306493165288
-1.117,0.4729015545099309,0.1928294489833272
-1.1165,0.4515612047945656,0.13984625695749
-1.116,0.408880505363835,0.03387987290581572
-1.1155,0.4622313796522482,-0.08268314955102604
-1.115,0.4729015545099309,-0.1886495336027004
-1.1145,0.4302208550792003,-0.2628260024388724
-1.114,0.3768699807907871,-0.3158091944647096
-1.1135,0.3341892813600565,-0.3370024712750445
-1.113,0.3341892813600565,-0.2946159176543747
-1.1125,0.6756348768059011,0.1716361721729923
-1.112,0.3982103305061524,0.4365521323021782
-1.1115,-0.4020527838200457,-0.2204394488182027
-1.111,-1.116954499284783,-0.8562377531282487
-1.1105,-1.138294849000148,-0.7820612842920766
-1.11,-0.7328282044082075,-0.3581957480853793
-1.1095,-0.2846808603855366,0.08686306493165288
-1.109,0.04609456020262521,0.4471487707073456
-1.1085,0.2274875327832301,0.6908714540261965
-1.108,0.3235191065023739,0.8392243916985406
-1.1075,0.3341892813600565,0.92399749893988
-1.107,0.3235191065023739,0.9557874141553824
-1.1065,0.3128489316446912,0.9663840525605498
-1.106,0.291508581929326,0.9451907757502149
-1.1055,0.2808384070716433,0.8922075837243778
-1.105,0.2701682322139607,0.8074344764830383
-1.1045,0.05676473506030786,0.4047622170866759
-1.104,-0.6154562809736985,-0.474758770542221
-1.1035,-1.170305373573196,-1.354279758171118
-1.103,-1.575772018165136,-2.032464616101834
-1.1025,-1.51175096901904,-2.127834361748341
-1.102,-0.8822106524157645,-1.47084278062796
-1.1015,-0.2420001609548061,-0.7714646458869092
-1.101,0.2061471830678648,-0.3158091944647096
-1.1005,0.4302208550792003,-0.1038764263613609
-1.1,0.4942419042252961,-0.05089323433552374
-1.0995,0.4729015545099309,-0.09327978795619347
-1.099,0.5155822539406614,-0.1992461720078678
-1.0985,0.6649647019482183,-0.3687923864905467
-1.098,0.6329541773751706,-0.400582301706049
-1.0975,0.5262524287983441,-0.3581957480853793
-1.097,0.4195506802215176,-0.2946159176543747
-1.0965,0.3555296310754218,-0.2310360872233701
-1.096,0.5689331282290746,0.06566978812131802
-1.0955,0.6649647019482183,0.457745409112513
-1.095,-0.1352984123779797,-0.08268314955102604
-1.0945,-1.020922925565639,-0.6337083466197325
-1.094,-1.51175096901904,-0.2628260024388724
-1.0935,-1.223656247861609,0.09745970333682032
-1.093,-0.6794773301197943,0.2881991946298341
-1.0925,-0.1993194615240755,0.4047622170866759
-1.092,0.1207857842064037,0.4895353243280153
-1.0915,0.2808384070716433,0.5743084315693548
-1.091,0.3448594562177392,0.6590815388106942
-1.0905,0.3448594562177392,0.7438546460520338
-1.09,0.3341892813600565,0.8180311148882058
-1.0895,0.3128489316446912,0.8710143069140429
-1.089,0.291508581929326,0.8922075837243778
-1.0885,0.2808384070716433,0.8922075837243778
-1.088,0.1848068333524996,0.7544512844572011
-1.0875,-0.4447334832507763,0.06566978812131802
-1.087,-1.074273799854052,-0.7820612842920766
-1.0865,-1.51175096901904,-1.417859588602123
-1.086,-1.330357996438436,-1.333086481360783
-1.0855,-0.6794773301197943,-0.9092209451540858
-1.085,-0.08194753808956648,-0.4641621321370536
-1.0845,0.291508581929326,-0.1144730647665284
-1.084,0.4729015545099309,0.05507314971615059
-1.0835,0.5049120790829789,0.1080563417419877
-1.083,0.4835717293676135,0.07626642652648545
-1.0825,0.4515612047945656,-0.01910331912002144
-1.082,0.5796033030867573,-0.2840192792492073
-1.0815,0.6009436528021226,-0.3793890248957141
-1.081,0.5155822539406614,-0.3581957480853793
-1.0805,0.4195506802215176,-0.2946159176543747
-1.08,0.3555296310754218,-0.2628260024388724
-1.0795,0.4408910299368829,-0.08268314955102604
-1.079,0.79300680024041,0.5107286011383502
-1.0785,0.2594980573562781,0.457745409112513
-1.078,-0.6794773301197943,-0.2840192792492073
-1.0775,-1.437059745015262,-0.400582301706049
-1.077,-1.46907026958831,-0.06148987274069118
-1.0765,-0.9675720512772257,0.1504428953626575
-1.076,-0.423393133535411,0.2564092794143318
-1.0755,-0.007256314085787988,0.3305857482505039
-1.075,0.2274875327832301,0.4047622170866759
-1.0745,0.3341892813600565,0.4683420475176805
-1.074,0.3555296310754218,0.5425185163538525
-1.0735,0.3448594562177392,0.6166949851900245
-1.073,0.3235191065023739,0.6696781772158616
-1.0725,0.3021787567870086,0.7120647308365314
-1.072,0.2808384070716433,0.7332580076468663
-1.0715,0.2701682322139607,0.6908714540261965
-1.071,-0.07127736323188383,0.2352160026039969
-1.0705,-0.4980843575391895,-0.6019184314042303
-1.07,-1.020922925565639,-1.354279758171118
-1.0695,-1.170305373573196,-1.608599079895136
-1.069,-0.658136980404429,-1.237716735714276
-1.0685,-0.1032878878049318,-0.6760949002404023
-1.068,0.2808384070716433,-0.1992461720078678
-1.0675,0.4835717293676135,0.1504428953626575
-1.067,0.5369226036560266,0.309392471440169
-1.0665,0.5155822539406614,0.3199891098453364
-1.066,0.4622313796522482,0.2564092794143318
-1.0655,0.4942419042252961,0.2352160026039969
-1.065,0.5049120790829789,0.1610395337678249
-1.0645,0.4515612047945656,0.02328323450064829
-1.064,0.3875401556484697,-0.1144730647665284
-1.0635,0.3448594562177392,-0.2098428104130352
-1.063,0.3448594562177392,-0.2204394488182027
-1.0625,0.6863050516635838,0.2034260873884947
-1.062,0.4729015545099309,0.5001319627331828
-1.0615,-0.2953510352432193,-0.1356663415768632
-1.061,-1.052933450138687,-0.4323722169215513
-1.0605,-1.319687821580753,-0.02969995752518888
-1.06,-0.9675720512772257,0.1928294489833272
-1.0595,-0.4660738329661415,0.2987958330350016
-1.059,-0.07127736323188383,0.3623756634660061
-1.0585,0.1848068333524996,0.4259554938970107
-1.058,0.3021787567870086,0.5001319627331828
-1.0575,0.3448594562177392,0.5849050699745222
-1.057,0.3448594562177392,0.6696781772158616
-1.0565,0.3235191065023739,0.7438546460520338
-1.056,0.3021787567870086,0.7968378380778709
-1.0555,0.2808384070716433,0.8180311148882058
-1.055,0.2808384070716433,0.8180311148882058
-1.0545,0.0674349099179905,0.5743084315693548
-1.054,-0.6261264558313813,-0.1992461720078678
-1.0535,-1.26633694729234,-1.01518732920576
-1.053,-1.543761493592088,-1.492036057438295
-1.0525,-1.042263275281004,-1.237716735714276
-1.052,-0.3273615598162672,-0.6337083466197325
-1.0515,0.1954770082101822,-0.1356663415768632
-1.051,0.4622313796522482,0.1610395337678249
-1.0505,0.5369226036560266,0.2881991946298341
-1.05,0.5155822539406614,0.2881991946298341
-1.0495,0.4622313796522482,0.2034260873884947
-1.049,0.4622313796522482,0.1504428953626575
-1.0485,0.5582629533713921,0.1504428953626575
-1.048,0.5369226036560266,0.03387987290581572
-1.0475,0.4515612047945656,-0.1144730647665284
-1.047,0.3875401556484697,-0.2310360872233701
-1.0465,0.3341892813600565,-0.3052125560595421
-1.046,0.5582629533713921,-0.05089323433552374
-1.0455,0.6969752265212663,0.4471487707073456
-1.045,-0.04993701351651855,0.01268659609548085
-1.0445,-0.807519428411986,-0.5383386009732256
-1.044,-1.373038695869166,-0.1674562567923655
-1.0435,-1.223656247861609,0.1928294489833272
-1.043,-0.722158029550525,0.3199891098453364
-1.0425,-0.2526703358124887,0.3623756634660061
-1.042,0.07810508477567314,0.4047622170866759
-1.0415,0.2594980573562781,0.457745409112513
-1.041,0.3341892813600565,0.5319218779486851
-1.0405,0.3448594562177392,0.6166949851900245
-1.04,0.3341892813600565,0.6908714540261965
-1.0395,0.3128489316446912,0.7650479228623686
-1.039,0.291508581929326,0.8074344764830383
-1.0385,0.2808384070716433,0.8286277532933731
-1.038,0.2168173579255475,0.701468092431364
-1.0375,-0.3273615598162672,0.05507314971615059
-1.037,-0.9782422261349084,-0.7820612842920766
-1.0365,-1.46907026958831,-1.417859588602123
-1.036,-1.319687821580753,-1.407262950196955
-1.0355,-0.6367966306890638,-0.9198175835592532
-1.035,-0.02859666380115328,-0.3687923864905467
-1.0345,0.3341892813600565,-0.01910331912002144
-1.034,0.4942419042252961,0.1716361721729923
-1.0335,0.5155822539406614,0.2352160026039969
-1.033,0.5049120790829789,0.2352160026039969
-1.0325,0.4622313796522482,0.1292496185523226
-1.032,0.4942419042252961,-0.1356663415768632
-1.0315,0.4729015545099309,-0.2734226408440398
-1.031,0.4195506802215176,-0.3052125560595421
-1.0305,0.3661998059331045,-0.2946159176543747
-1.03,0.3235191065023739,-0.2734226408440398
-1.0295,0.3555296310754218,-0.09327978795619347
-1.029,0.5689331282290746,0.5107286011383502
-1.0285,0.04609456020262521,0.5107286011383502
-1.028,-0.7861790786966207,-0.2310360872233701
-1.0275,-1.415719395299897,-0.2310360872233701
-1.027,-1.330357996438436,0.07626642652648545
-1.0265,-0.8288597781273515,0.2246193641988295
-1.026,-0.3166913849585846,0.2987958330350016
-1.0255,0.04609456020262521,0.3623756634660061
-1.025,0.2488278824985954,0.4365521323021782
-1.0245,0.3341892813600565,0.5213252395435176
-1.024,0.3555296310754218,0.6060983467848571
-1.0235,0.3341892813600565,0.6908714540261965
-1.023,0.3128489316446912,0.7544512844572011
-1.0225,0.3021787567870086,0.7968378380778709
-1.022,0.2808384070716433,0.8180311148882058
-1.0215,0.2701682322139607,0.7968378380778709
-1.021,-0.06060718837420119,0.4259554938970107
-1.0205,-0.7968492535543035,-0.4111789401112165
-1.02,-1.287677297007705,-1.174136905283272
-1.0195,-1.373038695869166,-1.51322933424863
-1.019,-0.8715404775580819,-1.184733543688439
-1.0185,-0.2420001609548061,-0.6443049850249
-1.018,0.1954770082101822,-0.1144730647665284
-1.0175,0.4302208550792003,0.2352160026039969
-1.017,0.5155822539406614,0.4047622170866759
-1.0165,0.5155822539406614,0.3729723018711736
-1.016,0.4622313796522482,0.2458126410091644
-1.0155,0.4515612047945656,0.1292496185523226
-1.015,0.4302208550792003,0.02328323450064829
-1.0145,0.3875401556484697,-0.1038764263613609
-1.014,0.3448594562177392,-0.1992461720078678
-1.0135,0.3235191065023739,-0.2734226408440398
-1.013,0.3448594562177392,-0.2628260024388724
-1.0125,0.6863050516635838,0.2140227257936621
-1.012,0.4622313796522482,0.6908714540261965
-1.0115,-0.3380317346739499,0.1504428953626575
-1.011,-1.031593100423322,-0.400582301706049
-1.0105,-1.138294849000148,-0.3475991096802118
-1.01,-0.7648387289812555,-0.1356663415768632
-1.0095,-0.3273615598162672,0.09745970333682032
-1.009,0.01408403562957729,0.2881991946298341
-1.0085,0.2274875327832301,0.4471487707073456
-1.008,0.3128489316446912,0.5637117931641874
-1.0075,0.3448594562177392,0.6590815388106942
-1.007,0.3341892813600565,0.7332580076468663
-1.0065,0.3128489316446912,0.775644561267536
-1.006,0.3021787567870086,0.8074344764830383
-1.0055,0.2808384070716433,0.8074344764830383
-1.005,0.2808384070716433,0.7862411996727035
-1.0045,0.142126133921769,0.5213252395435176
-1.004,-0.2633405106701714,-0.2628260024388724
-1.0035,-0.7648387289812555,-1.0999604364471
-1.003,-1.180975548430879,-1.650985633515806
-1.0025,-0.9142211769888124,-1.481439419033127
-1.002,-0.3380317346739499,-1.004590690800593
-1.0015,0.1207857842064037,-0.5171453241628908
-1.001,0.3875401556484697,-0.1250697031716958
-1.0005,0.4729015545099309,0.07626642652648545
-1,0.4835717293676135,0.13984625695749
-0.9995000000000001,0.4408910299368829,0.09745970333682032
-0.999,0.4302208550792003,0.04447651131098315
-0.9985000000000001,0.5049120790829789,0.04447651131098315
-0.998,0.4835717293676135,-0.01910331912002144
-0.9975000000000001,0.4195506802215176,-0.1144730647665284
-0.997,0.3661998059331045,-0.1780528951975329
-0.9965000000000001,0.3235191065023739,-0.2098428104130352
-0.996,0.5155822539406614,0.03387987290581572
-0.9955000000000001,0.6649647019482183,0.6166949851900245
-0.995,0.0674349099179905,0.309392471440169
-0.9945000000000001,-0.722158029550525,-0.326405832869877
-0.994,-1.30901764672307,-0.1568596183871981
-0.9935,-1.148965023857831,0.1292496185523226
-0.993,-0.6688071552621118,0.2670059178194992
-0.9925,-0.2206598112394408,0.3517790250608387
-0.992,0.09944543449103843,0.4259554938970107
-0.9915,0.2701682322139607,0.5107286011383502
-0.991,0.3341892813600565,0.5955017083796896
-0.9905,0.3448594562177392,0.6802748156210291
-0.99,0.3341892813600565,0.7544512844572011
-0.9895,0.3128489316446912,0.8180311148882058
-0.989,0.291508581929326,0.849821030103708
-0.9885,0.2808384070716433,0.849821030103708
-0.988,0.2274875327832301,0.7544512844572011
-0.9875,-0.3487019095316325,0.1186529801471552
-0.987,-1.074273799854052,-0.7396747306714069
-0.9865,-1.490410619303675,-1.417859588602123
-0.986,-1.287677297007705,-1.481439419033127
-0.9855,-0.6154562809736985,-1.046977244421262
-0.985,-0.007256314085787988,-0.5171453241628908
-0.9845,0.3448594562177392,-0.08268314955102604
-0.984,0.4942419042252961,0.1292496185523226
-0.9835,0.5049120790829789,0.1822328105781598
-0.983,0.4622313796522482,0.1292496185523226
-0.9825,0.408880505363835,0.02328323450064829
-0.982,0.4835717293676135,-0.01910331912002144
-0.9815,0.4942419042252961,-0.09327978795619347
-0.981,0.4408910299368829,-0.1780528951975329
-0.9805,0.3875401556484697,-0.2416327256285375
-0.98,0.3448594562177392,-0.2734226408440398
-0.9795,0.3448594562177392,-0.1250697031716958
-0.979,0.408880505363835,0.4789386859228479
-0.9785,-0.09261771294724913,0.4259554938970107
-0.978,-0.8928808272734472,-0.3793890248957141
-0.9775,-1.458400094730627,-0.6972881770507372
-0.977,-1.255666772434657,-0.4535654937318862
-0.9765,-0.7328282044082075,-0.1250697031716958
-0.976,-0.2420001609548061,0.1822328105781598
-0.9755,0.08877525963335578,0.4153588554918433
-0.975,0.2701682322139607,0.5743084315693548
-0.9745,0.3448594562177392,0.6908714540261965
-0.974,0.3555296310754218,0.7650479228623686
-0.9735,0.3341892813600565,0.8074344764830383
-0.973,0.3128489316446912,0.8392243916985406
-0.9725,0.3021787567870086,0.8392243916985406
-0.972,0.2808384070716433,0.8074344764830383
-0.9715,0.2701682322139607,0.7438546460520338
-0.971,-0.01792648894347063,0.2670059178194992
-0.9705,-0.7755089038389382,-0.6125150698093976
-0.97,-1.458400094730627,-1.42845622700729
-0.9695,-1.810515865034154,-2.000674700886331
-0.969,-1.46907026958831,-2.096044446532838
-0.9685,-0.722158029550525,-1.51322933424863
-0.968,-0.09261771294724913,-0.8456411147230812
-0.9675,0.3128489316446912,-0.326405832869877
-0.967,0.4835717293676135,0.002089957690313421
-0.9665,0.5155822539406614,0.1292496185523226
-0.966,0.4835717293676135,0.1292496185523226
-0.9655,0.5049120790829789,0.1610395337678249
-0.965,0.5689331282290746,0.1610395337678249
-0.9645,0.5155822539406614,0.002089957690313421
-0.964,0.4408910299368829,-0.1886495336027004
-0.9635,0.3768699807907871,-0.3158091944647096
-0.963,0.3448594562177392,-0.3475991096802118
-0.9625,0.6863050516635838,0.03387987290581572
-0.962,0.9530594231056497,0.6060983467848571
-0.9615,0.2594980573562781,0.1928294489833272
-0.961,-0.658136980404429,-0.1462629799820306
-0.9605,-1.138294849000148,0.1822328105781598
-0.96,-0.9248913518464952,0.3305857482505039
-0.9595,-0.4980843575391895,0.3517790250608387
-0.959,-0.1032878878049318,0.3729723018711736
-0.9585,0.1527963087794516,0.4365521323021782
-0.958,0.291508581929326,0.5319218779486851
-0.9575,0.3341892813600565,0.6484849004055269
-0.957,0.3448594562177392,0.7650479228623686
-0.9565,0.3235191065023739,0.8604176685088755
-0.956,0.3128489316446912,0.9451907757502149
-0.9555,0.291508581929326,0.9981739677760521
-0.955,0.2808384070716433,1.00877060618122
-0.9545,0.1314559590640864,0.775644561267536
-0.954,-0.5834457564006506,0.01268659609548085
-0.9535,-1.437059745015262,-0.8138511995075789
-0.953,-1.789175515318789,-1.38606967338662
-0.9525,-1.202315898146244,-1.42845622700729
-0.952,-0.3807124341046804,-0.9728007755850904
-0.9515,0.2061471830678648,-0.4217755785163839
-0.951,0.5049120790829789,-0.008506680714854012
-0.9505,0.5796033030867573,0.1822328105781598
-0.95,0.5475927785137094,0.1928294489833272
-0.9495,0.4942419042252961,0.1080563417419877
-0.949,0.4408910299368829,0.02328323450064829
-0.9485,0.4515612047945656,0.002089957690313421
-0.948,0.4195506802215176,-0.1462629799820306
-0.9475,0.3768699807907871,-0.3052125560595421
-0.947,0.3448594562177392,-0.4429688553267188
-0.9465,0.3235191065023739,-0.5065486857577234
-0.946,0.5262524287983441,-0.2416327256285375
-0.9455,0.9210488985326017,0.4259554938970107
-0.945,0.3768699807907871,0.2564092794143318
-0.9445,-0.4980843575391895,-0.3475991096802118
-0.944,-1.212986073003927,-0.05089323433552374
-0.9435,-1.170305373573196,0.2564092794143318
-0.9429999999999999,-0.7328282044082075,0.3411823866556712
-0.9425,-0.274010685527854,0.3623756634660061
-0.9419999999999999,0.05676473506030786,0.4047622170866759
-0.9415,0.2488278824985954,0.4683420475176805
-0.9409999999999999,0.3341892813600565,0.5743084315693548
-0.9405,0.3448594562177392,0.6908714540261965
-0.9399999999999999,0.3341892813600565,0.8074344764830383
-0.9395,0.3128489316446912,0.8922075837243778
-0.9389999999999999,0.3021787567870086,0.9663840525605498
-0.9385,0.291508581929326,0.9875773293708847
-0.9379999999999999,0.2381577076409128,0.92399749893988
-0.9375,-0.2420001609548061,0.3411823866556712
-0.9370000000000001,-0.8181896032696687,-0.4959520473525559
-0.9365,-1.255666772434657,-1.184733543688439
-0.9360000000000001,-1.159635198715513,-1.290699927740113
-0.9355,-0.572775581542968,-0.8668343915334161
-0.9350000000000001,0.00341386077189465,-0.3370024712750445
-0.9345,0.3555296310754218,0.002089957690313421
-0.9340000000000001,0.5049120790829789,0.1822328105781598
-0.9335,0.5262524287983441,0.2458126410091644
-0.9330000000000001,0.4835717293676135,0.1928294489833272
-0.9325,0.4302208550792003,0.06566978812131802
-0.9320000000000001,0.5155822539406614,-0.2204394488182027
-0.9315,0.5475927785137094,-0.4429688553267188
-0.931,0.4835717293676135,-0.5277419625680583
-0.9305,0.408880505363835,-0.5595318777835605
-0.93,0.3555296310754218,-0.5489352393783931
-0.9295,0.3768699807907871,-0.4641621321370536
-0.929,0.7716664505250448,0.09745970333682032
-0.9285,0.3875401556484697,0.2458126410091644
-0.928,-0.5300948821122373,-0.4429688553267188
-0.9275,-1.319687821580753,-0.7608680074817418
-0.927,-1.405049220442214,-0.400582301706049
-0.9265,-0.9462317015618604,-0.06148987274069118
-0.926,-0.4127229586777283,0.1928294489833272
-0.9255,-0.01792648894347063,0.383568940276341
-0.925,0.2168173579255475,0.5319218779486851
-0.9245,0.3235191065023739,0.6484849004055269
-0.924,0.3555296310754218,0.7438546460520338
-0.9235,0.3448594562177392,0.8180311148882058
-0.923,0.3235191065023739,0.8710143069140429
-0.9225,0.3021787567870086,0.9028042221295453
-0.922,0.291508581929326,0.9134008605347127
-0.9215,0.2701682322139607,0.8710143069140429
-0.921,0.01408403562957729,0.4471487707073456
-0.9205,-0.5834457564006506,-0.4217755785163839
-0.92,-1.319687821580753,-1.227120097309109
-0.9195,-1.543761493592088,-1.566212526274467
-0.919,-0.9995825758502737,-1.227120097309109
-0.9185,-0.3060212101009019,-0.718481453861072
-0.918,0.2061471830678648,-0.3052125560595421
-0.9175,0.4729015545099309,0.002089957690313421
-0.917,0.5475927785137094,0.1186529801471552
-0.9165,0.5262524287983441,0.1186529801471552
-0.916,0.4729015545099309,0.05507314971615059
-0.9155,0.4835717293676135,0.01268659609548085
-0.915,0.5369226036560266,0.002089957690313421
-0.9145,0.4942419042252961,-0.1144730647665284
-0.914,0.4195506802215176,-0.2628260024388724
-0.9135,0.3661998059331045,-0.3581957480853793
-0.913,0.3448594562177392,-0.3793890248957141
-0.9125,0.6222840025174878,0.04447651131098315
-0.912,0.5262524287983441,0.5001319627331828
-0.9115,-0.3593720843893152,-0.04029659593035631
-0.911,-1.170305373573196,-0.6866915386455698
-0.9105,-1.693143941599645,-0.4959520473525559
-0.91,-1.426389570157579,-0.09327978795619347
-0.9095,-0.8181896032696687,0.1610395337678249
-0.909,-0.274010685527854,0.3411823866556712
-0.9085,0.08877525963335578,0.4683420475176805
-0.908,0.2808384070716433,0.5849050699745222
-0.9075,0.3555296310754218,0.6908714540261965
-0.907,0.3661998059331045,0.775644561267536
-0.9065,0.3448594562177392,0.849821030103708
-0.906,0.3235191065023739,0.9028042221295453
-0.9055,0.3021787567870086,0.9345941373450475
-0.905,0.2808384070716433,0.92399749893988
-0.9045,0.2061471830678648,0.7968378380778709
-0.904,-0.4127229586777283,0.1292496185523226
-0.9035,-1.255666772434657,-0.7502713690765743
-0.903,-1.714484291315011,-1.407262950196955
-0.9025,-1.415719395299897,-1.396666311791788
-0.902,-0.690147504977477,-0.9939940523954253
-0.9015,-0.06060718837420119,-0.5383386009732256
-0.901,0.3448594562177392,-0.1992461720078678
-0.9005,0.5262524287983441,0.01268659609548085
-0.9,0.5475927785137094,0.1292496185523226
-0.8995,0.4942419042252961,0.1504428953626575
-0.899,0.4729015545099309,0.1186529801471552
-0.8985,0.5796033030867573,0.1928294489833272
-0.898,0.5582629533713921,0.06566978812131802
-0.8975,0.4835717293676135,-0.1568596183871981
-0.897,0.408880505363835,-0.3475991096802118
-0.8965,0.3448594562177392,-0.474758770542221
-0.896,0.4942419042252961,-0.3370024712750445
-0.8955,0.9957401225363802,0.3411823866556712
-0.895,0.6756348768059011,0.4683420475176805
-0.8945,-0.2526703358124887,-0.2416327256285375
-0.894,-0.9569018764195432,-0.5277419625680583
-0.8935,-0.8928808272734472,-0.3581957480853793
-0.893,-0.5300948821122373,-0.08268314955102604
-0.8925,-0.156638762093345,0.1928294489833272
-0.892,0.1101156093487211,0.4259554938970107
-0.8915,0.2594980573562781,0.5955017083796896
-0.891,0.3235191065023739,0.7332580076468663
-0.8905,0.3448594562177392,0.8180311148882058
-0.89,0.3235191065023739,0.8816109453192104
-0.8895,0.3128489316446912,0.92399749893988
-0.889,0.291508581929326,0.92399749893988
-0.8885,0.2808384070716433,0.9028042221295453
-0.888,0.2488278824985954,0.7968378380778709
-0.8875,-0.2099896363817582,0.1928294489833272
-0.887,-0.9035510021311299,-0.6866915386455698
-0.8865,-1.426389570157579,-1.417859588602123
-0.886,-1.255666772434657,-1.714565463946811
-0.8855,-0.6261264558313813,-1.364876396576285
-0.885,-0.01792648894347063,-0.7820612842920766
-0.8845,0.3661998059331045,-0.3158091944647096
-0.884,0.5262524287983441,-0.06148987274069118
-0.8835,0.5369226036560266,0.06566978812131802
-0.883,0.4942419042252961,0.07626642652648545
-0.8825,0.4408910299368829,0.002089957690313421
-0.882,0.4942419042252961,0.02328323450064829
-0.8815,0.4942419042252961,-0.01910331912002144
-0.881,0.4515612047945656,-0.1356663415768632
-0.8804999999999999,0.3875401556484697,-0.252229364033705
-0.88,0.3448594562177392,-0.326405832869877
-0.8794999999999999,0.3768699807907871,-0.2628260024388724
-0.879,0.8356874996711408,0.3199891098453364
-0.8784999999999999,0.6436243522328531,0.5319218779486851
-0.878,-0.1459685872356623,-0.1568596183871981
-0.8774999999999999,-0.9889124009925911,-0.2204394488182027
-0.877,-1.330357996438436,0.2352160026039969
-0.8764999999999999,-0.9995825758502737,0.383568940276341
-0.876,-0.5087545323968721,0.383568940276341
-0.8754999999999999,-0.09261771294724913,0.3729723018711736
-0.875,0.1741366584948169,0.4047622170866759
-0.8745000000000001,0.3021787567870086,0.4683420475176805
-0.874,0.3448594562177392,0.5743084315693548
-0.8735000000000001,0.3448594562177392,0.6696781772158616
-0.873,0.3235191065023739,0.775644561267536
-0.8725000000000001,0.3021787567870086,0.849821030103708
-0.872,0.291508581929326,0.8922075837243778
-0.8715000000000001,0.2808384070716433,0.9028042221295453
-0.871,0.01408403562957729,0.5637117931641874
-0.8705000000000001,-0.4980843575391895,-0.2416327256285375
-0.87,-1.1062843244271,-1.025783967610927
-0.8695000000000001,-1.373038695869166,-1.449649503817625
-0.869,-0.8715404775580819,-1.280103289334946
-0.8685,-0.2099896363817582,-0.8032545611024114
-0.868,0.2594980573562781,-0.3052125560595421
-0.8675,0.4835717293676135,0.04447651131098315
-0.867,0.5262524287983441,0.2881991946298341
-0.8665,0.5155822539406614,0.3623756634660061
-0.866,0.4622313796522482,0.2670059178194992
-0.8655,0.4622313796522482,0.07626642652648545
-0.865,0.4942419042252961,-0.1568596183871981
-0.8645,0.4515612047945656,-0.2946159176543747
-0.864,0.3982103305061524,-0.3687923864905467
-0.8635,0.3555296310754218,-0.4217755785163839
-0.863,0.3235191065023739,-0.4217755785163839
-0.8625,0.5049120790829789,-0.07208651114585861
-0.862,0.6542945270905358,0.4047622170866759
-0.8615,0.1101156093487211,-0.09327978795619347
-0.861,-0.5834457564006506,-0.8138511995075789
-0.8605,-0.8715404775580819,-0.8668343915334161
-0.86,-0.6474668055467465,-0.5277419625680583
-0.8595,-0.2953510352432193,-0.1250697031716958
-0.859,0.00341386077189465,0.2034260873884947
-0.8585,0.1954770082101822,0.4365521323021782
-0.858,0.291508581929326,0.5849050699745222
-0.8575,0.3235191065023739,0.6696781772158616
-0.857,0.3235191065023739,0.7226613692416989
-0.8565,0.3128489316446912,0.7438546460520338
-0.856,0.3021787567870086,0.7438546460520338
-0.8555,0.291508581929326,0.7332580076468663
-0.855,0.2808384070716433,0.701468092431364
-0.8545,0.1848068333524996,0.5425185163538525
-0.854,-0.4767440078238243,-0.2204394488182027
-0.8535,-1.277007122150022,-1.110557074852267
-0.853,-1.735824641030376,-1.809935209593318
-0.8525,-1.767835165603424,-2.159624276963843
-0.852,-1.116954499284783,-1.725162102351978
-0.8515,-0.3807124341046804,-1.089363798041932
-0.851,0.142126133921769,-0.474758770542221
-0.8505,0.4408910299368829,-0.008506680714854012
-0.85,0.5369226036560266,0.2034260873884947
-0.8495,0.5262524287983441,0.2246193641988295
-0.849,0.4942419042252961,0.1186529801471552
-0.8485,0.5475927785137094,0.002089957690313421
-0.848,0.5262524287983441,-0.1144730647665284
-0.8475,0.4515612047945656,-0.1886495336027004
-0.847,0.3875401556484697,-0.2416327256285375
-0.8465,0.3448594562177392,-0.2628260024388724
-0.846,0.4729015545099309,-0.09327978795619347
-0.8455,0.7503261008096795,0.4365521323021782
-0.845,0.05676473506030786,0.1610395337678249
-0.8445,-0.9248913518464952,-0.5913217929990628
-0.844,-1.51175096901904,-0.6125150698093976
-0.8435,-1.298347471865388,-0.2840192792492073
-0.843,-0.754168554123573,0.002089957690313421
-0.8425,-0.2526703358124887,0.2246193641988295
-0.842,0.08877525963335578,0.3729723018711736
-0.8415,0.2808384070716433,0.4895353243280153
-0.841,0.3448594562177392,0.5849050699745222
-0.8405,0.3555296310754218,0.6590815388106942
-0.84,0.3341892813600565,0.7120647308365314
-0.8395,0.3235191065023739,0.7544512844572011
-0.839,0.3021787567870086,0.775644561267536
-0.8385,0.291508581929326,0.7650479228623686
-0.838,0.2594980573562781,0.6802748156210291
-0.8375,-0.1886492866663929,0.08686306493165288
-0.837,-0.754168554123573,-0.7396747306714069
-0.8365,-0.9569018764195432,-1.364876396576285
-0.836,-0.9675720512772257,-1.661582271920973
-0.8355,-0.5300948821122373,-1.280103289334946
-0.835,-0.04993701351651855,-0.7078848154559045
-0.8345,0.291508581929326,-0.2734226408440398
-0.834,0.4515612047945656,0.002089957690313421
-0.8335,0.5049120790829789,0.1292496185523226
-0.833,0.4835717293676135,0.13984625695749
-0.8325,0.4302208550792003,0.08686306493165288
-0.832,0.5049120790829789,0.05507314971615059
-0.8315,0.5369226036560266,0.002089957690313421
-0.831,0.4835717293676135,-0.06148987274069118
-0.8305,0.4195506802215176,-0.1356663415768632
-0.83,0.3555296310754218,-0.1780528951975329
-0.8295,0.3555296310754218,-0.1674562567923655
-0.829,0.7289857510943143,0.2881991946298341
-0.8285,0.5369226036560266,0.4259554938970107
-0.828,-0.1779791118087102,-0.3052125560595421
-0.8275,-0.9142211769888124,-0.5595318777835605
-0.827,-1.191645723288561,-0.1356663415768632
-0.8265,-0.8715404775580819,0.1080563417419877
-0.826,-0.423393133535411,0.2352160026039969
-0.8255,-0.04993701351651855,0.2987958330350016
-0.825,0.1848068333524996,0.3623756634660061
-0.8245,0.3021787567870086,0.4365521323021782
-0.824,0.3448594562177392,0.5107286011383502
-0.8235,0.3341892813600565,0.5849050699745222
-0.823,0.3235191065023739,0.6590815388106942
-0.8225,0.3021787567870086,0.7120647308365314
-0.822,0.291508581929326,0.7332580076468663
-0.8215,0.2808384070716433,0.7332580076468663
-0.821,0.05676473506030786,0.4789386859228479
-0.8205,-0.6688071552621118,-0.3052125560595421
-0.82,-1.319687821580753,-1.089363798041932
-0.8195,-1.341028171296118,-1.534422611058964
-0.819,-0.7114878546928423,-1.51322933424863
-0.8185,-0.02859666380115328,-1.004590690800593
-0.8179999999999999,0.3982103305061524,-0.474758770542221
-0.8175,0.5689331282290746,-0.08268314955102604
-0.8169999999999999,0.5689331282290746,0.1610395337678249
-0.8165,0.5262524287983441,0.2670059178194992
-0.8159999999999999,0.4729015545099309,0.2352160026039969
-0.8155,0.5049120790829789,0.06566978812131802
-0.8149999999999999,0.707645401378949,-0.3052125560595421
-0.8145,0.6863050516635838,-0.400582301706049
-0.8139999999999999,0.5689331282290746,-0.3581957480853793
-0.8135,0.4515612047945656,-0.2946159176543747
-0.8129999999999999,0.3555296310754218,-0.2310360872233701
-0.8125,0.3021787567870086,0.1186529801471552
-0.8120000000000001,0.2808384070716433,0.5743084315693548
-0.8115,-0.3487019095316325,0.05507314971615059
-0.8110000000000001,-1.074273799854052,-0.6125150698093976
-0.8105,-1.170305373573196,-0.5807251545938954
-0.8100000000000001,-0.7861790786966207,-0.326405832869877
-0.8095,-0.3273615598162672,-0.05089323433552374
-0.8090000000000001,0.01408403562957729,0.1610395337678249
-0.8085,0.2274875327832301,0.3199891098453364
-0.8080000000000001,0.3128489316446912,0.4153588554918433
-0.8075,0.3448594562177392,0.4895353243280153
-0.8070000000000001,0.3341892813600565,0.5319218779486851
-0.8065,0.3128489316446912,0.5743084315693548
-0.806,0.3021787567870086,0.5849050699745222
-0.8055,0.2808384070716433,0.5955017083796896
-0.805,0.2808384070716433,0.5849050699745222
-0.8045,0.2061471830678648,0.4683420475176805
-0.804,-0.391382608962363,-0.2204394488182027
-0.8035,-1.116954499284783,-1.05757388282643
-0.803,-1.437059745015262,-1.661582271920973
-0.8025,-1.394379045584531,-2.032464616101834
-0.802,-0.8181896032696687,-1.735758740757146
-0.8015,-0.1673089369510276,-1.036380606016095
-0.801,0.2808384070716433,-0.400582301706049
-0.8005,0.4835717293676135,0.01268659609548085
-0.8,0.5475927785137094,0.2670059178194992
-0.7995,0.5262524287983441,0.3199891098453364
-0.799,0.4835717293676135,0.2564092794143318
-0.7985,0.6116138276598051,0.06566978812131802
-0.798,0.6222840025174878,-0.06148987274069118
-0.7975,0.5369226036560266,-0.1250697031716958
-0.797,0.4408910299368829,-0.1462629799820306
-0.7965,0.3661998059331045,-0.1674562567923655
-0.796,0.2168173579255475,-0.01910331912002144
-0.7955,-0.007256314085787988,0.5319218779486851
-0.795,-0.572775581542968,0.55311515475902
-0.7945,-0.9675720512772257,-0.1886495336027004
-0.794,-1.277007122150022,-0.2416327256285375
-0.7935,-1.06360362499637,-0.04029659593035631
-0.793,-0.5834457564006506,0.08686306493165288
-0.7925,-0.156638762093345,0.1822328105781598
-0.792,0.1314559590640864,0.2564092794143318
-0.7915,0.2808384070716433,0.3517790250608387
-0.791,0.3448594562177392,0.4471487707073456
-0.7905,0.3448594562177392,0.5425185163538525
-0.79,0.3341892813600565,0.627291623595192
-0.7895,0.3128489316446912,0.701468092431364
-0.789,0.291508581929326,0.7544512844572011
-0.7885,0.2808384070716433,0.7862411996727035
-0.788,0.2808384070716433,0.7862411996727035
-0.7875,-0.06060718837420119,0.4153588554918433
-0.787,-0.754168554123573,-0.3687923864905467
-0.7865,-1.212986073003927,-1.068170521231597
-0.786,-1.46907026958831,-1.566212526274467
-0.7855,-1.170305373573196,-1.735758740757146
-0.785,-0.4767440078238243,-1.322489842955616
-0.7845,0.08877525963335578,-0.6760949002404023
-0.784,0.3982103305061524,-0.1250697031716958
-0.7835,0.5155822539406614,0.2352160026039969
-0.783,0.5155822539406614,0.3305857482505039
-0.7825,0.4622313796522482,0.2246193641988295
-0.782,0.5155822539406614,0.08686306493165288
-0.7815,0.5582629533713921,-0.02969995752518888
-0.781,0.5049120790829789,-0.1462629799820306
-0.7805,0.4195506802215176,-0.2204394488182027
-0.78,0.3661998059331045,-0.2734226408440398
-0.7795,0.2701682322139607,-0.2098428104130352
-0.779,-0.1993194615240755,0.3305857482505039
-0.7785,-0.9675720512772257,0.7332580076468663
-0.778,-1.426389570157579,0.09745970333682032
-0.7775,-1.618452717595867,-0.5277419625680583
-0.777,-1.362368521011484,-0.4535654937318862
-0.7765,-0.7861790786966207,-0.2098428104130352
-0.776,-0.2633405106701714,0.05507314971615059
-0.7755,0.08877525963335578,0.2670059178194992
-0.775,0.2808384070716433,0.4365521323021782
-0.7745,0.3555296310754218,0.5637117931641874
-0.774,0.3661998059331045,0.6590815388106942
-0.7735,0.3448594562177392,0.7226613692416989
-0.773,0.3235191065023739,0.775644561267536
-0.7725,0.3021787567870086,0.7968378380778709
-0.772,0.291508581929326,0.8074344764830383
-0.7715,0.2808384070716433,0.7862411996727035
-0.771,0.09944543449103843,0.5319218779486851
-0.7705,-0.5621054066852853,-0.252229364033705
-0.77,-1.074273799854052,-1.068170521231597
-0.7695,-1.180975548430879,-1.650985633515806
-0.769,-0.722158029550525,-1.619195718300304
-0.7685,-0.1352984123779797,-1.142346990067769
-0.768,0.2808384070716433,-0.5913217929990628
-0.7675,0.4942419042252961,-0.1780528951975329
-0.767,0.5582629533713921,0.04447651131098315
-0.7665,0.5369226036560266,0.1080563417419877
-0.766,0.4729015545099309,0.1080563417419877
-0.7655,0.4729015545099309,-0.008506680714854012
-0.765,0.5369226036560266,-0.1886495336027004
-0.7645,0.5049120790829789,-0.2734226408440398
-0.764,0.4302208550792003,-0.3052125560595421
-0.7635,0.3768699807907871,-0.3158091944647096
-0.763,0.3341892813600565,-0.3052125560595421
-0.7625,0.5582629533713921,-0.05089323433552374
-0.762,0.9103787236749192,0.5319218779486851
-0.7615,0.5262524287983441,0.2458126410091644
-0.761,-0.2206598112394408,-0.6125150698093976
-0.7605,-0.658136980404429,-0.9833974139902578
-0.76,-0.5621054066852853,-0.6972881770507372
-0.7595,-0.274010685527854,-0.2310360872233701
-0.759,-0.007256314085787988,0.1928294489833272
-0.7585,0.1848068333524996,0.4895353243280153
-0.758,0.2808384070716433,0.6802748156210291
-0.7575,0.3235191065023739,0.7862411996727035
-0.757,0.3235191065023739,0.8286277532933731
-0.7565,0.3128489316446912,0.849821030103708
-0.756,0.3021787567870086,0.8286277532933731
-0.7554999999999999,0.291508581929326,0.7968378380778709
-0.755,0.2808384070716433,0.7332580076468663
-0.7544999999999999,0.2061471830678648,0.55311515475902
-0.754,-0.3700422592469978,-0.1780528951975329
-0.7534999999999999,-0.9782422261349084,-1.078767159636765
-0.753,-1.479740444445993,-1.831128486403653
-0.7524999999999999,-1.789175515318789,-2.424540237093029
-0.752,-1.319687821580753,-2.180817553774178
-0.7514999999999999,-0.5834457564006506,-1.38606967338662
-0.751,0.00341386077189465,-0.718481453861072
-0.7504999999999999,0.3341892813600565,-0.2946159176543747
-0.75,0.4729015545099309,-0.07208651114585861
-0.7495000000000001,0.4835717293676135,-0.008506680714854012
-0.749,0.4729015545099309,0.002089957690313421
-0.7485000000000001,0.6116138276598051,0.1080563417419877
-0.748,0.6329541773751706,0.04447651131098315
-0.7475000000000001,0.5475927785137094,-0.1144730647665284
-0.747,0.4515612047945656,-0.2628260024388724
-0.7465000000000001,0.3768699807907871,-0.3475991096802118
-0.746,0.2168173579255475,-0.2098428104130352
-0.7455000000000001,-0.4767440078238243,0.4153588554918433
-0.745,-1.159635198715513,0.4047622170866759
-0.7445000000000001,-1.554431668449771,-0.2946159176543747
-0.744,-1.778505340461106,-0.1780528951975329
-0.7435,-1.490410619303675,0.2352160026039969
-0.743,-0.8608703027003992,0.3941655786815084
-0.7425,-0.2953510352432193,0.457745409112513
-0.742,0.08877525963335578,0.5213252395435176
-0.7415,0.291508581929326,0.5955017083796896
-0.741,0.3661998059331045,0.701468092431364
-0.7405,0.3768699807907871,0.8180311148882058
-0.74,0.3555296310754218,0.92399749893988
-0.7395,0.3341892813600565,1.019367244586387
-0.739,0.3128489316446912,1.072350436612224
-0.7385,0.291508581929326,1.104140351827727
-0.738,0.2808384070716433,1.072350436612224
-0.7375,-0.02859666380115328,0.6908714540261965
-0.737,-0.722158029550525,-0.1356663415768632
-0.7365,-1.277007122150022,-0.9410108603695881
-0.736,-1.501080794161358,-1.375473034981453
-0.7355,-1.202315898146244,-1.248313374119443
-0.735,-0.5834457564006506,-0.7502713690765743
-0.7345,-0.03926683865883591,-0.1992461720078678
-0.734,0.3128489316446912,0.1186529801471552
-0.7335,0.4729015545099309,0.2246193641988295
-0.733,0.4942419042252961,0.1716361721729923
-0.7325,0.4729015545099309,0.03387987290581572
-0.732,0.5049120790829789,-0.07208651114585861
-0.7315,0.5369226036560266,-0.1462629799820306
-0.731,0.4835717293676135,-0.2734226408440398
-0.7305,0.4195506802215176,-0.400582301706049
-0.73,0.3661998059331045,-0.474758770542221
-0.7295,0.3448594562177392,-0.4853554089473885
-0.729,0.6649647019482183,-0.08268314955102604
-0.7285,0.4729015545099309,0.2564092794143318
-0.728,-0.4340633083930936,-0.3158091944647096
-0.7275,-1.202315898146244,-0.8350444763179138
-0.727,-1.639793067311232,-0.5065486857577234
-0.7265,-1.30901764672307,-0.08268314955102604
-0.726,-0.722158029550525,0.1822328105781598
-0.7255,-0.2099896363817582,0.3623756634660061
-0.725,0.1314559590640864,0.4895353243280153
-0.7245,0.3021787567870086,0.5955017083796896
-0.724,0.3661998059331045,0.6802748156210291
-0.7235,0.3768699807907871,0.7544512844572011
-0.723,0.3555296310754218,0.8286277532933731
-0.7225,0.3235191065023739,0.8604176685088755
-0.722,0.3128489316446912,0.8816109453192104
-0.7215,0.3021787567870086,0.8710143069140429
-0.721,0.1314559590640864,0.6166949851900245
-0.7205,-0.5514352318276028,-0.1780528951975329
-0.72,-1.244996597576974,-1.01518732920576
-0.7195,-1.575772018165136,-1.545019249464132
-0.719,-1.138294849000148,-1.417859588602123
-0.7185,-0.4127229586777283,-0.9304142219644207
-0.718,0.142126133921769,-0.4111789401112165
-0.7175,0.4515612047945656,-0.05089323433552374
-0.717,0.5689331282290746,0.13984625695749
-0.7165,0.5689331282290746,0.2034260873884947
-0.716,0.5155822539406614,0.1504428953626575
-0.7155,0.4835717293676135,0.06566978812131802
-0.715,0.5582629533713921,-0.05089323433552374
-0.7145,0.5262524287983441,-0.1568596183871981
-0.714,0.4515612047945656,-0.252229364033705
-0.7135,0.3875401556484697,-0.3158091944647096
-0.713,0.3448594562177392,-0.3581957480853793
-0.7125,0.5475927785137094,-0.1356663415768632
-0.712,0.9850699476786977,0.4895353243280153
-0.7115,0.5262524287983441,0.309392471440169
-0.711,-0.3060212101009019,-0.3052125560595421
-0.7105,-0.9782422261349084,-0.09327978795619347
-0.71,-0.9355615267041777,0.13984625695749
-0.7095,-0.5514352318276028,0.2352160026039969
-0.709,-0.1673089369510276,0.2881991946298341
-0.7085,0.1101156093487211,0.3411823866556712
-0.708,0.2701682322139607,0.4153588554918433
-0.7075,0.3341892813600565,0.5107286011383502
-0.707,0.3555296310754218,0.6060983467848571
-0.7065,0.3341892813600565,0.6908714540261965
-0.706,0.3235191065023739,0.7650479228623686
-0.7055,0.3021787567870086,0.8180311148882058
-0.705,0.291508581929326,0.8392243916985406
-0.7045,0.2488278824985954,0.775644561267536
-0.704,0.2274875327832301,0.2246193641988295
-0.7035,0.142126133921769,-0.6019184314042303
-0.703,-0.2526703358124887,-1.280103289334946
-0.7025,-0.5834457564006506,-1.534422611058964
-0.702,-0.4020527838200457,-1.216523458903942
-0.7015,-0.02859666380115328,-0.6866915386455698
-0.701,0.2488278824985954,-0.1568596183871981
-0.7005,0.3875401556484697,0.1610395337678249
-0.7,0.4408910299368829,0.2881991946298341
-0.6995,0.4515612047945656,0.2670059178194992
-0.699,0.4195506802215176,0.1822328105781598
-0.6985,0.5049120790829789,0.2352160026039969
-0.698,0.5262524287983441,0.1716361721729923
-0.6975,0.4729015545099309,0.01268659609548085
-0.697,0.408880505363835,-0.1568596183871981
-0.6965,0.3555296310754218,-0.2840192792492073
-0.696,0.1954770082101822,-0.1462629799820306
-0.6955,-0.3273615598162672,0.4683420475176805
-0.695,-0.9569018764195432,0.4153588554918433
-0.6945,-1.426389570157579,-0.3793890248957141
-0.694,-1.757164990745741,-0.6760949002404023
-0.6935,-1.586442193022819,-0.2840192792492073
-0.6929999999999999,-0.9782422261349084,0.002089957690313421
-0.6925,-0.3807124341046804,0.1928294489833272
-0.6919999999999999,0.03542438534494258,0.3199891098453364
-0.6915,0.2594980573562781,0.4153588554918433
-0.6909999999999999,0.3555296310754218,0.5107286011383502
-0.6905,0.3768699807907871,0.5849050699745222
-0.6899999999999999,0.3555296310754218,0.6590815388106942
-0.6895,0.3341892813600565,0.7120647308365314
-0.6889999999999999,0.3128489316446912,0.7438546460520338
-0.6885,0.291508581929326,0.7544512844572011
-0.6879999999999999,0.2808384070716433,0.7332580076468663
-0.6875,-0.06060718837420119,0.2987958330350016
-0.6870000000000001,-0.7648387289812555,-0.5383386009732256
-0.6865,-1.084943974711735,-1.237716735714276
-0.6860000000000001,-0.9355615267041777,-1.576809164679634
-0.6855,-0.4874141826815069,-1.311893204550448
-0.6850000000000001,0.01408403562957729,-0.7502713690765743
-0.6845,0.3341892813600565,-0.2098428104130352
-0.6840000000000001,0.4729015545099309,0.1186529801471552
-0.6835,0.4942419042252961,0.2564092794143318
-0.6830000000000001,0.4729015545099309,0.2458126410091644
-0.6825,0.4195506802215176,0.1504428953626575
-0.6820000000000001,0.4729015545099309,0.03387987290581572
-0.6815,0.5369226036560266,-0.08268314955102604
-0.681,0.5049120790829789,-0.1674562567923655
-0.6805,0.4408910299368829,-0.2204394488182027
-0.68,0.3768699807907871,-0.2628260024388724
-0.6795,0.3555296310754218,-0.2416327256285375
-0.679,0.707645401378949,0.1822328105781598
-0.6785,0.6649647019482183,0.5849050699745222
-0.678,-0.2206598112394408,-0.008506680714854012
-0.6775,-1.095614149569417,-0.6125150698093976
-0.677,-1.46907026958831,-0.4111789401112165
-0.6765,-1.116954499284783,-0.1038764263613609
-0.676,-0.572775581542968,0.1292496185523226
-0.6755,-0.124628237520297,0.2987958330350016
-0.675,0.1634664836371343,0.4259554938970107
-0.6745,0.3128489316446912,0.5319218779486851
-0.674,0.3661998059331045,0.627291623595192
-0.6735,0.3555296310754218,0.701468092431364
-0.673,0.3341892813600565,0.7544512844572011
-0.6725,0.3128489316446912,0.7968378380778709
-0.672,0.3021787567870086,0.8074344764830383
-0.6715,0.291508581929326,0.7862411996727035
-0.671,0.1527963087794516,0.5849050699745222
-0.6705,-0.4554036581084589,-0.1462629799820306
-0.67,-1.010252750707956,-0.9410108603695881
-0.6695,-1.575772018165136,-1.566212526274467
-0.669,-1.554431668449771,-1.703968825541643
-0.6685,-0.9142211769888124,-1.280103289334946
-0.668,-0.2420001609548061,-0.718481453861072
-0.6675,0.2061471830678648,-0.1780528951975329
-0.667,0.4302208550792003,0.1186529801471552
-0.6665,0.5155822539406614,0.2670059178194992
-0.666,0.5049120790829789,0.2564092794143318
-0.6655,0.5155822539406614,0.1716361721729923
-0.665,0.6863050516635838,0.02328323450064829
-0.6645,0.6756348768059011,-0.1462629799820306
-0.664,0.5689331282290746,-0.2734226408440398
-0.6635,0.4515612047945656,-0.3475991096802118
-0.663,0.3768699807907871,-0.3793890248957141
-0.6625,0.4835717293676135,-0.1250697031716958
-0.662,0.6969752265212663,0.4683420475176805
-0.6615,0.01408403562957729,0.1822328105781598
-0.661,-0.8715404775580819,-0.4959520473525559
-0.6605,-1.426389570157579,-0.400582301706049
-0.66,-1.191645723288561,-0.09327978795619347
-0.6595,-0.6688071552621118,0.1292496185523226
-0.659,-0.1993194615240755,0.2987958330350016
-0.6585,0.1207857842064037,0.4259554938970107
-0.658,0.291508581929326,0.5319218779486851
-0.6575,0.3555296310754218,0.627291623595192
-0.657,0.3661998059331045,0.7120647308365314
-0.6565,0.3448594562177392,0.775644561267536
-0.656,0.3235191065023739,0.8180311148882058
-0.6555,0.3128489316446912,0.8392243916985406
-0.655,0.291508581929326,0.8286277532933731
-0.6545,0.2381577076409128,0.7120647308365314
-0.654,-0.3166913849585846,0.04447651131098315
-0.6535,-1.06360362499637,-0.8350444763179138
-0.653,-1.447729919872945,-1.502632695843462
-0.6525,-1.223656247861609,-1.523825972653797
-0.652,-0.5407650569699201,-1.004590690800593
-0.6515,0.0674349099179905,-0.4641621321370536
-0.651,0.4302208550792003,-0.08268314955102604
-0.6505,0.5689331282290746,0.13984625695749
-0.65,0.5689331282290746,0.2034260873884947
-0.6495,0.5049120790829789,0.1504428953626575
-0.649,0.4408910299368829,0.02328323450064829
-0.6485,0.4195506802215176,-0.07208651114585861
-0.648,0.3982103305061524,-0.1462629799820306
-0.6475,0.3661998059331045,-0.2098428104130352
-0.647,0.3448594562177392,-0.252229364033705
-0.6465,0.3235191065023739,-0.2840192792492073
-0.646,0.3875401556484697,-0.1992461720078678
-0.6455,0.8356874996711408,0.3517790250608387
-0.645,0.5049120790829789,0.6696781772158616
-0.6445,-0.4554036581084589,0.04447651131098315
-0.644,-1.298347471865388,-0.01910331912002144
-0.6435,-1.533091318734406,0.3729723018711736
-0.643,-1.095614149569417,0.4683420475176805
-0.6425,-0.5300948821122373,0.4365521323021782
-0.642,-0.08194753808956648,0.4153588554918433
-0.6415,0.1954770082101822,0.4365521323021782
-0.641,0.3341892813600565,0.5107286011383502
-0.6405,0.3661998059331045,0.6060983467848571
-0.64,0.3661998059331045,0.7120647308365314
-0.6395,0.3448594562177392,0.7968378380778709
-0.639,0.3235191065023739,0.8604176685088755
-0.6385,0.3021787567870086,0.9028042221295453
-0.638,0.291508581929326,0.8922075837243778
-0.6375,-0.06060718837420119,0.5107286011383502
-0.637,-0.8608703027003992,-0.326405832869877
-0.6365,-1.479740444445993,-1.089363798041932
-0.636,-1.607782542738184,-1.42845622700729
-0.6355,-0.9462317015618604,-1.131750351662602
-0.635,-0.2099896363817582,-0.6231117082145651
-0.6345,0.2701682322139607,-0.1780528951975329
-0.634,0.5155822539406614,0.07626642652648545
-0.6335,0.5796033030867573,0.2140227257936621
-0.633,0.5582629533713921,0.2564092794143318
-0.6325,0.4942419042252961,0.1610395337678249
-0.632,0.4835717293676135,0.06566978812131802
-0.6315,0.4942419042252961,0.002089957690313421
-0.631,0.4515612047945656,-0.1144730647665284
-0.6304999999999999,0.3982103305061524,-0.2204394488182027
-0.63,0.3555296310754218,-0.3158091944647096
-0.6294999999999999,0.3555296310754218,-0.3370024712750445
-0.629,0.707645401378949,0.06566978812131802
-0.6284999999999999,0.8143471499557753,0.701468092431364
-0.628,-0.01792648894347063,0.3941655786815084
-0.6274999999999999,-0.8822106524157645,-0.474758770542221
-0.627,-1.074273799854052,-0.7290780922662394
-0.6264999999999999,-0.7434983792658902,-0.4853554089473885
-0.626,-0.3166913849585846,-0.09327978795619347
-0.6254999999999999,0.02475421048725994,0.2564092794143318
-0.625,0.2274875327832301,0.5107286011383502
-0.6245000000000001,0.3235191065023739,0.6908714540261965
-0.624,0.3555296310754218,0.7968378380778709
-0.6235000000000001,0.3448594562177392,0.849821030103708
-0.623,0.3341892813600565,0.8710143069140429
-0.6225000000000001,0.3128489316446912,0.8710143069140429
-0.622,0.3021787567870086,0.8392243916985406
-0.6215000000000001,0.291508581929326,0.7862411996727035
-0.621,0.1634664836371343,0.5425185163538525
-0.6205000000000001,-0.03926683865883591,-0.252229364033705
-0.62,-0.5194247072545548,-1.163540266878104
-0.6195000000000001,-1.074273799854052,-1.809935209593318
-0.619,-0.9035510021311299,-1.873515040024322
-0.6185,-0.3593720843893152,-1.364876396576285
-0.618,0.1207857842064037,-0.7396747306714069
-0.6175,0.3982103305061524,-0.2628260024388724
-0.617,0.5155822539406614,-0.01910331912002144
-0.6165,0.5155822539406614,0.08686306493165288
-0.616,0.4835717293676135,0.05507314971615059
-0.6155,0.4515612047945656,-0.01910331912002144
-0.615,0.4835717293676135,0.002089957690313421
-0.6145,0.4515612047945656,-0.06148987274069118
-0.614,0.3982103305061524,-0.1674562567923655
-0.6135,0.3555296310754218,-0.2416327256285375
-0.613,0.3341892813600565,-0.2734226408440398
-0.6125,0.4515612047945656,-0.07208651114585861
-0.612,0.7609962756673623,0.5107286011383502
-0.6115,0.2488278824985954,0.3199891098453364
-0.611,-0.4340633083930936,-0.3581957480853793
-0.6105,-1.074273799854052,-0.1038764263613609
-0.61,-1.148965023857831,0.2987958330350016
-0.6095,-0.754168554123573,0.3941655786815084
-0.609,-0.2953510352432193,0.383568940276341
-0.6085,0.04609456020262521,0.3941655786815084
-0.608,0.2381577076409128,0.4471487707073456
-0.6075,0.3341892813600565,0.5425185163538525
-0.607,0.3555296310754218,0.6484849004055269
-0.6065,0.3448594562177392,0.7650479228623686
-0.606,0.3235191065023739,0.8604176685088755
-0.6055,0.3128489316446912,0.9345941373450475
-0.605,0.291508581929326,0.9663840525605498
-0.6045,0.2594980573562781,0.9028042221295453
-0.604,-0.01792648894347063,0.3411823866556712
-0.6035,-0.3380317346739499,-0.4959520473525559
-0.603,-0.8288597781273515,-1.195330182093607
-0.6025,-0.9355615267041777,-1.38606967338662
-0.602,-0.5300948821122373,-1.046977244421262
-0.6015,-0.02859666380115328,-0.5383386009732256
-0.601,0.3128489316446912,-0.08268314955102604
-0.6005,0.4729015545099309,0.2352160026039969
-0.6,0.5155822539406614,0.3517790250608387
-0.5995,0.5049120790829789,0.2776025562246667
-0.599,0.4622313796522482,0.1292496185523226
-0.5985,0.4835717293676135,0.1186529801471552
-0.598,0.4942419042252961,0.06566978812131802
-0.5975,0.4408910299368829,-0.1144730647665284
-0.597,0.3875401556484697,-0.3052125560595421
-0.5965,0.3448594562177392,-0.4429688553267188
-0.596,0.3661998059331045,-0.4429688553267188
-0.5955,0.6969752265212663,0.07626642652648545
-0.595,0.3021787567870086,0.1822328105781598
-0.5945,-0.5087545323968721,-0.5065486857577234
-0.594,-1.159635198715513,-1.05757388282643
-0.5935,-1.084943974711735,-0.9092209451540858
-0.593,-0.658136980404429,-0.4535654937318862
-0.5925,-0.2206598112394408,0.02328323450064829
-0.592,0.08877525963335578,0.383568940276341
-0.5915,0.2594980573562781,0.6166949851900245
-0.591,0.3341892813600565,0.7544512844572011
-0.5905,0.3555296310754218,0.8286277532933731
-0.59,0.3341892813600565,0.8710143069140429
-0.5895,0.3235191065023739,0.8604176685088755
-0.589,0.3021787567870086,0.8392243916985406
-0.5885,0.291508581929326,0.7968378380778709
-0.588,0.2808384070716433,0.7226613692416989
-0.5875,0.05676473506030786,0.2987958330350016
-0.587,-0.6474668055467465,-0.5807251545938954
-0.5865,-1.095614149569417,-1.375473034981453
-0.586,-1.30901764672307,-1.852321763213987
-0.5855,-0.9248913518464952,-1.608599079895136
-0.585,-0.3380317346739499,-1.0999604364471
-0.5845,0.142126133921769,-0.6019184314042303
-0.584,0.3982103305061524,-0.2204394488182027
-0.5835,0.4942419042252961,-0.06148987274069118
-0.583,0.5049120790829789,-0.02969995752518888
-0.5825,0.4622313796522482,-0.05089323433552374
-0.582,0.4302208550792003,-0.008506680714854012
-0.5815,0.4195506802215176,0.02328323450064829
-0.581,0.3982103305061524,-0.05089323433552374
-0.5805,0.3555296310754218,-0.1462629799820306
-0.58,0.3341892813600565,-0.2204394488182027
-0.5795,0.3235191065023739,-0.252229364033705
-0.579,0.6329541773751706,0.08686306493165288
-0.5785,0.7609962756673623,0.6484849004055269
-0.578,0.04609456020262521,0.2352160026039969
-0.5775,-0.722158029550525,-0.1780528951975329
-0.577,-1.116954499284783,0.1292496185523226
-0.5765,-0.8822106524157645,0.2670059178194992
-0.576,-0.4554036581084589,0.2987958330350016
-0.5755,-0.07127736323188383,0.3305857482505039
-0.575,0.1741366584948169,0.3729723018711736
-0.5745,0.291508581929326,0.457745409112513
-0.574,0.3448594562177392,0.55311515475902
-0.5735,0.3448594562177392,0.6590815388106942
-0.573,0.3235191065023739,0.7544512844572011
-0.5725,0.3128489316446912,0.8286277532933731
-0.572,0.291508581929326,0.8710143069140429
-0.5715,0.291508581929326,0.8816109453192104
-0.571,0.1634664836371343,0.701468092431364
-0.5705,-0.4767440078238243,-0.01910331912002144
-0.57,-1.148965023857831,-0.8562377531282487
-0.5695,-1.554431668449771,-1.47084278062796
-0.569,-1.490410619303675,-1.545019249464132
-0.5685,-0.8502001278427167,-1.025783967610927
-0.5679999999999999,-0.2099896363817582,-0.474758770542221
-0.5675,0.2168173579255475,-0.008506680714854012
-0.5669999999999999,0.4408910299368829,0.2564092794143318
-0.5665,0.5049120790829789,0.3199891098453364
-0.5659999999999999,0.5049120790829789,0.2246193641988295
-0.5655,0.4942419042252961,0.02328323450064829
-0.5649999999999999,0.6222840025174878,-0.3581957480853793
-0.5645,0.6116138276598051,-0.474758770542221
-0.5639999999999999,0.5262524287983441,-0.4535654937318862
-0.5635,0.4302208550792003,-0.3899856633008816
-0.5629999999999999,0.3555296310754218,-0.3370024712750445
-0.5625,0.4622313796522482,-0.1356663415768632
-0.5620000000000001,0.825017324813458,0.5107286011383502
-0.5615,0.2381577076409128,0.5955017083796896
-0.5610000000000001,-0.7328282044082075,-0.04029659593035631
-0.5605,-1.405049220442214,0.01268659609548085
-0.5600000000000001,-1.26633694729234,0.1928294489833272
-0.5595,-0.7648387289812555,0.2352160026039969
-0.5590000000000001,-0.2633405106701714,0.2564092794143318
-0.5585,0.07810508477567314,0.2881991946298341
-0.5580000000000001,0.2701682322139607,0.3517790250608387
-0.5575,0.3448594562177392,0.4365521323021782
-0.5570000000000001,0.3661998059331045,0.5213252395435176
-0.5565,0.3448594562177392,0.6060983467848571
-0.556,0.3235191065023739,0.6802748156210291
-0.5555,0.3021787567870086,0.7332580076468663
-0.555,0.291508581929326,0.7544512844572011
-0.5545,0.2701682322139607,0.7226613692416989
-0.554,-0.1886492866663929,0.2246193641988295
-0.5535,-0.9355615267041777,-0.6019184314042303
-0.553,-1.46907026958831,-1.301296566145281
-0.5525,-1.426389570157579,-1.460246142222792
-0.552,-0.754168554123573,-1.01518732920576
-0.5515,-0.124628237520297,-0.5065486857577234
-0.551,0.291508581929326,-0.09327978795619347
-0.5505,0.4835717293676135,0.1504428953626575
-0.55,0.5369226036560266,0.2352160026039969
-0.5495,0.5155822539406614,0.1928294489833272
-0.549,0.4622313796522482,0.1186529801471552
-0.5485,0.5369226036560266,0.1186529801471552
-0.548,0.5582629533713921,0.05507314971615059
-0.5475,0.5049120790829789,-0.08268314955102604
-0.547,0.4302208550792003,-0.2098428104130352
-0.5465,0.3661998059331045,-0.2946159176543747
-0.546,0.3768699807907871,-0.252229364033705
-0.5455,0.7503261008096795,0.2670059178194992
-0.545,0.5582629533713921,0.627291623595192
-0.5445,0.04609456020262521,-0.02969995752518888
-0.544,-0.4020527838200457,-0.7608680074817418
-0.5435,-0.4127229586777283,-0.7714646458869092
-0.543,-0.2099896363817582,-0.3899856633008816
-0.5425,0.01408403562957729,0.04447651131098315
-0.542,0.1741366584948169,0.4047622170866759
-0.5415,0.2701682322139607,0.6590815388106942
-0.541,0.3128489316446912,0.8074344764830383
-0.5405,0.3235191065023739,0.9028042221295453
-0.54,0.3128489316446912,0.9451907757502149
-0.5395,0.3021787567870086,0.9451907757502149
-0.539,0.291508581929326,0.92399749893988
-0.5385,0.2808384070716433,0.8710143069140429
-0.538,0.2808384070716433,0.7862411996727035
-0.5375,0.09944543449103843,0.4365521323021782
-0.537,-0.3060212101009019,-0.4429688553267188
-0.5365,-0.8822106524157645,-1.322489842955616
-0.536,-1.255666772434657,-1.831128486403653
-0.5355,-0.9035510021311299,-1.523825972653797
-0.535,-0.3060212101009019,-1.078767159636765
-0.5345,0.1527963087794516,-0.6866915386455698
-0.534,0.408880505363835,-0.3687923864905467
-0.5335,0.5155822539406614,-0.1780528951975329
-0.533,0.5155822539406614,-0.1144730647665284
-0.5325,0.4729015545099309,-0.1462629799820306
-0.532,0.4729015545099309,-0.1038764263613609
-0.5315,0.5475927785137094,0.002089957690313421
-0.531,0.5155822539406614,-0.05089323433552374
-0.5305,0.4408910299368829,-0.1462629799820306
-0.53,0.3661998059331045,-0.2204394488182027
-0.5295,0.3341892813600565,-0.2204394488182027
-0.529,0.5902734779444399,0.1292496185523226
-0.5285,0.6329541773751706,0.6696781772158616
-0.528,-0.2313299860971235,0.2140227257936621
-0.5275,-1.159635198715513,-0.2840192792492073
-0.527,-1.554431668449771,0.02328323450064829
-0.5265,-1.202315898146244,0.2670059178194992
-0.526,-0.6261264558313813,0.3941655786815084
-0.5255,-0.156638762093345,0.4895353243280153
-0.525,0.1527963087794516,0.5849050699745222
-0.5245,0.3021787567870086,0.6802748156210291
-0.524,0.3555296310754218,0.775644561267536
-0.5235,0.3555296310754218,0.8710143069140429
-0.523,0.3341892813600565,0.9345941373450475
-0.5225,0.3128489316446912,0.9769806909657173
-0.522,0.291508581929326,0.9981739677760521
-0.5215,0.2808384070716433,0.9769806909657173
-0.521,0.2168173579255475,0.8392243916985406
-0.5205,-0.391382608962363,0.1610395337678249
-0.52,-1.095614149569417,-0.7290780922662394
-0.5195,-1.458400094730627,-1.42845622700729
-0.519,-1.287677297007705,-1.534422611058964
-0.5185,-0.6688071552621118,-1.110557074852267
-0.518,-0.09261771294724913,-0.570128516188728
-0.5175,0.2701682322139607,-0.1462629799820306
-0.517,0.4408910299368829,0.09745970333682032
-0.5165,0.4835717293676135,0.1610395337678249
-0.516,0.4622313796522482,0.06566978812131802
-0.5155,0.4408910299368829,-0.05089323433552374
-0.515,0.5582629533713921,-0.1038764263613609
-0.5145,0.5582629533713921,-0.1992461720078678
-0.514,0.4835717293676135,-0.3052125560595421
-0.5135,0.408880505363835,-0.3793890248957141
-0.513,0.3448594562177392,-0.4217755785163839
-0.5125,0.2701682322139607,-0.2416327256285375
-0.512,0.3235191065023739,0.3623756634660061
-0.5115,-0.1779791118087102,0.2458126410091644
-0.511,-0.7328282044082075,-0.5807251545938954
-0.5105,-1.191645723288561,-1.131750351662602
-0.51,-1.042263275281004,-0.8774310299385835
-0.5095,-0.5941159312583333,-0.3687923864905467
-0.509,-0.1673089369510276,0.1080563417419877
-0.5085,0.1207857842064037,0.457745409112513
-0.508,0.2808384070716433,0.6908714540261965
-0.5075,0.3341892813600565,0.8286277532933731
-0.507,0.3448594562177392,0.8922075837243778
-0.5065,0.3341892813600565,0.92399749893988
-0.506,0.3128489316446912,0.92399749893988
-0.5054999999999999,0.291508581929326,0.8816109453192104
-0.505,0.291508581929326,0.8286277532933731
-0.5044999999999999,0.2808384070716433,0.7332580076468663
-0.504,0.1848068333524996,0.3729723018711736
-0.5034999999999999,0.07810508477567314,-0.4429688553267188
-0.503,-0.4980843575391895,-1.301296566145281
-0.5024999999999999,-0.7755089038389382,-1.629792356705471
-0.502,-0.4127229586777283,-1.322489842955616
-0.5014999999999999,0.03542438534494258,-0.9198175835592532
-0.501,0.3448594562177392,-0.5595318777835605
-0.5004999999999999,0.5155822539406614,-0.400582301706049
-0.5,0.5475927785137094,-0.2946159176543747
-0.4995,0.5262524287983441,-0.2416327256285375
-0.499,0.4729015545099309,-0.1780528951975329
-0.4985,0.4835717293676135,-0.1356663415768632
-0.498,0.4835717293676135,-0.1038764263613609
-0.4975,0.4302208550792003,-0.09327978795619347
-0.497,0.3768699807907871,-0.1038764263613609
-0.4965,0.3341892813600565,-0.09327978795619347
-0.496,0.3341892813600565,-0.02969995752518888
-0.4955,0.7183155762366316,0.4259554938970107
-0.495,0.6542945270905358,0.92399749893988
-0.4945,0.07810508477567314,0.383568940276341
-0.494,-0.690147504977477,-0.008506680714854012
-0.4935,-0.9675720512772257,0.1292496185523226
-0.493,-0.7008176798351597,0.2140227257936621
-0.4925,-0.3166913849585846,0.2881991946298341
-0.492,0.00341386077189465,0.3623756634660061
-0.4915,0.1954770082101822,0.4471487707073456
-0.491,0.3021787567870086,0.5425185163538525
-0.4905,0.3341892813600565,0.627291623595192
-0.49,0.3341892813600565,0.7120647308365314
-0.4895,0.3128489316446912,0.775644561267536
-0.489,0.3021787567870086,0.8074344764830383
-0.4885,0.2808384070716433,0.8180311148882058
-0.488,0.2808384070716433,0.8074344764830383
-0.4875,0.1207857842064037,0.5955017083796896
-0.487,-0.572775581542968,-0.1568596183871981
-0.4865,-1.244996597576974,-0.9939940523954253
-0.486,-1.522421143876723,-1.523825972653797
-0.4855,-0.9675720512772257,-1.439052865412457
-0.485,-0.2633405106701714,-1.004590690800593
-0.4845,0.2274875327832301,-0.5489352393783931
-0.484,0.4835717293676135,-0.2098428104130352
-0.4835,0.5582629533713921,0.01268659609548085
-0.483,0.5475927785137094,0.1716361721729923
-0.4825,0.4835717293676135,0.1928294489833272
-0.482,0.4622313796522482,0.1504428953626575
-0.4815,0.5049120790829789,0.09745970333682032
-0.481,0.4622313796522482,-0.008506680714854012
-0.4805,0.408880505363835,-0.1144730647665284
-0.48,0.3555296310754218,-0.2098428104130352
-0.4795,0.3235191065023739,-0.2628260024388724
-0.479,0.5582629533713921,-0.008506680714854012
-0.4785,0.6756348768059011,0.55311515475902
-0.478,-0.03926683865883591,0.2246193641988295
-0.4775,-0.8502001278427167,-0.6654982618352349
-0.477,-1.116954499284783,-1.004590690800593
-0.4765,-0.8181896032696687,-0.718481453861072
-0.476,-0.391382608962363,-0.2628260024388724
-0.4755,-0.02859666380115328,0.1292496185523226
-0.475,0.1954770082101822,0.4153588554918433
-0.4745,0.3021787567870086,0.5849050699745222
-0.474,0.3341892813600565,0.6802748156210291
-0.4735,0.3341892813600565,0.7226613692416989
-0.473,0.3128489316446912,0.7226613692416989
-0.4725,0.3021787567870086,0.7120647308365314
-0.472,0.2808384070716433,0.6802748156210291
-0.4715,0.2808384070716433,0.627291623595192
-0.471,0.1954770082101822,0.457745409112513
-0.4705,-0.007256314085787988,-0.252229364033705
-0.47,-0.3166913849585846,-1.142346990067769
-0.4695,-0.8502001278427167,-1.873515040024322
-0.469,-1.010252750707956,-1.968884785670829
-0.4685,-0.6047861061160158,-1.460246142222792
-0.468,-0.1032878878049318,-0.8774310299385835
-0.4675,0.2488278824985954,-0.3687923864905467
-0.467,0.4408910299368829,-0.02969995752518888
-0.4665,0.4942419042252961,0.1292496185523226
-0.466,0.4729015545099309,0.13984625695749
-0.4655,0.4408910299368829,0.1186529801471552
-0.465,0.5475927785137094,0.2881991946298341
-0.4645,0.5689331282290746,0.2670059178194992
-0.464,0.4942419042252961,0.05507314971615059
-0.4635,0.408880505363835,-0.1568596183871981
-0.463,0.3448594562177392,-0.3052125560595421
-0.4625,0.3875401556484697,-0.2734226408440398
-0.462,0.6863050516635838,0.2352160026039969
-0.4615,0.2274875327832301,0.1504428953626575
-0.461,-0.5514352318276028,-0.5277419625680583
-0.4605,-1.255666772434657,-0.3793890248957141
-0.46,-1.26633694729234,0.05507314971615059
-0.4595,-0.807519428411986,0.2881991946298341
-0.459,-0.3273615598162672,0.4047622170866759
-0.4585,0.02475421048725994,0.4895353243280153
-0.458,0.2274875327832301,0.5849050699745222
-0.4575,0.3235191065023739,0.6802748156210291
-0.457,0.3448594562177392,0.775644561267536
-0.4565,0.3341892813600565,0.8604176685088755
-0.456,0.3128489316446912,0.9345941373450475
-0.4555,0.291508581929326,0.9663840525605498
-0.455,0.2808384070716433,0.9769806909657173
-0.4545,0.2594980573562781,0.9345941373450475
-0.454,-0.06060718837420119,0.4365521323021782
-0.4535,-0.6794773301197943,-0.4429688553267188
-0.453,-1.319687821580753,-1.216523458903942
-0.4525,-1.46907026958831,-1.492036057438295
-0.452,-0.9142211769888124,-1.152943628472937
-0.4515,-0.2633405106701714,-0.6549016234300674
-0.451,0.2061471830678648,-0.252229364033705
-0.4505,0.4515612047945656,-0.008506680714854012
-0.45,0.5262524287983441,0.07626642652648545
-0.4495,0.5262524287983441,0.05507314971615059
-0.449,0.4835717293676135,0.002089957690313421
-0.4485,0.4942419042252961,-0.04029659593035631
-0.448,0.4942419042252961,-0.08268314955102604
-0.4475,0.4408910299368829,-0.1886495336027004
-0.447,0.3768699807907871,-0.3052125560595421
-0.4465,0.3341892813600565,-0.3899856633008816
-0.446,0.3235191065023739,-0.4111789401112165
-0.4455,0.6436243522328531,-0.01910331912002144
-0.445,0.4729015545099309,0.3517790250608387
-0.4445,-0.4660738329661415,-0.1992461720078678
-0.444,-1.30901764672307,-0.326405832869877
-0.4435,-1.554431668449771,0.13984625695749
-0.443,-1.127624674142465,0.3199891098453364
-0.4425,-0.5621054066852853,0.3411823866556712
-0.442,-0.1032878878049318,0.3411823866556712
-0.4415,0.1741366584948169,0.383568940276341
-0.441,0.3128489316446912,0.4471487707073456
-0.4405,0.3555296310754218,0.55311515475902
-0.44,0.3448594562177392,0.6590815388106942
-0.4395,0.3235191065023739,0.7544512844572011
-0.439,0.3021787567870086,0.8286277532933731
-0.4385,0.2808384070716433,0.8816109453192104
-0.438,0.2808384070716433,0.8922075837243778
-0.4375,0.1741366584948169,0.6166949851900245
-0.437,0.1848068333524996,-0.1674562567923655
-0.4365,-0.1673089369510276,-0.9410108603695881
-0.436,-0.7434983792658902,-1.481439419033127
-0.4355,-1.06360362499637,-1.608599079895136
-0.435,-0.7114878546928423,-1.110557074852267
-0.4345,-0.1886492866663929,-0.4853554089473885
-0.434,0.1848068333524996,-0.04029659593035631
-0.4335,0.3875401556484697,0.2246193641988295
-0.433,0.4622313796522482,0.2776025562246667
-0.4325,0.4622313796522482,0.2034260873884947
-0.432,0.4622313796522482,0.03387987290581572
-0.4315,0.5155822539406614,-0.1992461720078678
-0.431,0.4835717293676135,-0.326405832869877
-0.4305,0.4195506802215176,-0.3899856633008816
-0.43,0.3661998059331045,-0.4111789401112165
-0.4295,0.3341892813600565,-0.4111789401112165
-0.429,0.5369226036560266,-0.1038764263613609
-0.4285,0.6009436528021226,0.4365521323021782
-0.428,0.1848068333524996,0.02328323450064829
-0.4275,-0.2633405106701714,-0.5383386009732256
-0.427,-0.8608703027003992,-0.1356663415768632
-0.4265,-0.8608703027003992,0.2140227257936621
-0.426,-0.5300948821122373,0.2881991946298341
-0.4255,-0.1779791118087102,0.2776025562246667
-0.425,0.08877525963335578,0.2881991946298341
-0.4245,0.2488278824985954,0.3305857482505039
-0.424,0.3128489316446912,0.4047622170866759
-0.4235,0.3235191065023739,0.5001319627331828
-0.423,0.3128489316446912,0.6060983467848571
-0.4225,0.3021787567870086,0.701468092431364
-0.422,0.2808384070716433,0.7650479228623686
-0.4215,0.2808384070716433,0.8074344764830383
-0.421,0.2274875327832301,0.7650479228623686
-0.4205,-0.1459685872356623,0.2140227257936621
-0.42,-0.754168554123573,-0.6125150698093976
-0.4195,-1.330357996438436,-1.280103289334946
-0.419,-1.383708870726849,-1.34368311976595
-0.4185,-0.8288597781273515,-0.8668343915334161
-0.418,-0.2206598112394408,-0.3052125560595421
-0.4175,0.2168173579255475,0.1504428953626575
-0.417,0.4408910299368829,0.383568940276341
-0.4165,0.5049120790829789,0.4259554938970107
-0.416,0.5049120790829789,0.3199891098453364
-0.4155,0.4622313796522482,0.1716361721729923
-0.415,0.5582629533713921,-0.07208651114585861
-0.4145,0.5475927785137094,-0.2098428104130352
-0.414,0.4729015545099309,-0.2734226408440398
-0.4135,0.3982103305061524,-0.2946159176543747
-0.413,0.3341892813600565,-0.3158091944647096
-0.4125,0.3875401556484697,-0.2098428104130352
-0.412,0.7503261008096795,0.3411823866556712
-0.4115,0.2594980573562781,0.3729723018711736
-0.411,-0.6261264558313813,-0.3475991096802118
-0.4105,-1.287677297007705,-0.4959520473525559
-0.41,-1.191645723288561,-0.2628260024388724
-0.4095,-0.722158029550525,-0.04029659593035631
-0.409,-0.2633405106701714,0.1186529801471552
-0.4085,0.0674349099179905,0.2564092794143318
-0.408,0.2488278824985954,0.3517790250608387
-0.4075,0.3235191065023739,0.4365521323021782
-0.407,0.3448594562177392,0.5001319627331828
-0.4065,0.3235191065023739,0.5637117931641874
-0.406,0.3021787567870086,0.6060983467848571
-0.4055,0.291508581929326,0.6378882620003594
-0.405,0.2808384070716433,0.6484849004055269
-0.4045,0.2594980573562781,0.6166949851900245
-0.404,-0.06060718837420119,0.13984625695749
-0.4035,-0.7755089038389382,-0.7078848154559045
-0.403,-1.330357996438436,-1.449649503817625
-0.4025,-1.650463242168915,-1.937094870455327
-0.402,-1.373038695869166,-1.746355379162313
-0.4015,-0.690147504977477,-1.05757388282643
-0.401,-0.08194753808956648,-0.4535654937318862
-0.4005,0.3021787567870086,-0.008506680714854012
-0.4,0.4729015545099309,0.2458126410091644
-0.3995,0.5049120790829789,0.2881991946298341
-0.399,0.4729015545099309,0.2034260873884947
-0.3985,0.5155822539406614,0.1186529801471552
-0.398,0.5689331282290746,0.01268659609548085
-0.3975,0.5155822539406614,-0.09327978795619347
-0.397,0.4302208550792003,-0.1674562567923655
-0.3965,0.3661998059331045,-0.2204394488182027
-0.396,0.3448594562177392,-0.1992461720078678
-0.3955,0.707645401378949,0.2670059178194992
-0.395,0.6436243522328531,0.701468092431364
-0.3945,0.1634664836371343,0.1292496185523226
-0.394,-0.5087545323968721,-0.4217755785163839
-0.3935,-0.7648387289812555,-0.3899856633008816
-0.393,-0.5514352318276028,-0.1780528951975329
-0.3925,-0.2313299860971235,0.05507314971615059
-0.392,0.03542438534494258,0.2458126410091644
-0.3915,0.2061471830678648,0.4047622170866759
-0.391,0.291508581929326,0.5213252395435176
-0.3905,0.3235191065023739,0.6060983467848571
-0.39,0.3235191065023739,0.6696781772158616
-0.3895,0.3021787567870086,0.7120647308365314
-0.389,0.291508581929326,0.7332580076468663
-0.3885,0.2808384070716433,0.7332580076468663
-0.388,0.2701682322139607,0.7120647308365314
-0.3875,0.08877525963335578,0.4683420475176805
-0.387,-0.5941159312583333,-0.326405832869877
-0.3865,-1.191645723288561,-1.163540266878104
-0.386,-1.51175096901904,-1.703968825541643
-0.3855,-1.1062843244271,-1.481439419033127
-0.385,-0.4020527838200457,-0.9833974139902578
-0.3845,0.142126133921769,-0.5065486857577234
-0.384,0.4622313796522482,-0.1992461720078678
-0.3835,0.5582629533713921,0.002089957690313421
-0.383,0.5475927785137094,0.09745970333682032
-0.3825,0.4942419042252961,0.1186529801471552
-0.382,0.4622313796522482,0.06566978812131802
-0.3815,0.4942419042252961,-0.02969995752518888
-0.381,0.4622313796522482,-0.1250697031716958
-0.3805,0.3982103305061524,-0.1886495336027004
-0.38,0.3448594562177392,-0.2204394488182027
-0.3795,0.3128489316446912,-0.2204394488182027
-0.379,0.4942419042252961,-0.02969995752518888
-0.3785,0.6863050516635838,0.4683420475176805
-0.378,-0.02859666380115328,0.09745970333682032
-0.3775,-0.7861790786966207,-0.4853554089473885
-0.377,-1.394379045584531,-0.1038764263613609
-0.3765,-1.298347471865388,0.2670059178194992
-0.376,-0.7968492535543035,0.3517790250608387
-0.3755,-0.3060212101009019,0.3517790250608387
-0.375,0.05676473506030786,0.3623756634660061
-0.3745,0.2488278824985954,0.4047622170866759
-0.374,0.3341892813600565,0.4789386859228479
-0.3735,0.3448594562177392,0.5849050699745222
-0.373,0.3341892813600565,0.6802748156210291
-0.3725,0.3128489316446912,0.7650479228623686
-0.372,0.291508581929326,0.8286277532933731
-0.3715,0.2808384070716433,0.8604176685088755
-0.371,0.2488278824985954,0.8180311148882058
-0.3705,-0.2206598112394408,0.2776025562246667
-0.37,-0.8822106524157645,-0.5171453241628908
-0.3695,-1.405049220442214,-1.205926820498774
-0.369,-1.298347471865388,-1.269506650929778
-0.3685,-0.658136980404429,-0.8668343915334161
-0.368,-0.04993701351651855,-0.3581957480853793
-0.3675,0.3341892813600565,0.03387987290581572
-0.367,0.5262524287983441,0.2352160026039969
-0.3665,0.5582629533713921,0.2670059178194992
-0.366,0.5155822539406614,0.1822328105781598
-0.3655,0.4515612047945656,0.05507314971615059
-0.365,0.5262524287983441,-0.2310360872233701
-0.3645,0.5369226036560266,-0.3793890248957141
-0.364,0.4729015545099309,-0.3793890248957141
-0.3635,0.3982103305061524,-0.326405832869877
-0.363,0.3448594562177392,-0.2946159176543747
-0.3625,0.3661998059331045,-0.1356663415768632
-0.362,0.6649647019482183,0.4365521323021782
-0.3615,0.2594980573562781,0.3623756634660061
-0.361,-0.423393133535411,-0.4853554089473885
-0.3605,-0.9889124009925911,-1.174136905283272
-0.36,-0.9355615267041777,-1.036380606016095
-0.3595,-0.5514352318276028,-0.5277419625680583
-0.359,-0.1779791118087102,-0.01910331912002144
-0.3585,0.09944543449103843,0.3517790250608387
-0.358,0.2488278824985954,0.5849050699745222
-0.3575,0.3235191065023739,0.7120647308365314
-0.357,0.3341892813600565,0.7650479228623686
-0.3565,0.3235191065023739,0.775644561267536
-0.356,0.3021787567870086,0.7544512844572011
-0.3555,0.291508581929326,0.7120647308365314
-0.355,0.2808384070716433,0.6696781772158616
-0.3545,0.2701682322139607,0.5849050699745222
-0.354,0.00341386077189465,0.1822328105781598
-0.3535,-0.7008176798351597,-0.6972881770507372
-0.353,-1.351698346153801,-1.545019249464132
-0.3525,-1.479740444445993,-1.958288147265661
-0.352,-0.8928808272734472,-1.640388995110639
-0.3515,-0.2313299860971235,-1.142346990067769
-0.351,0.2168173579255475,-0.6654982618352349
-0.3505,0.4408910299368829,-0.3052125560595421
-0.35,0.5369226036560266,-0.05089323433552374
-0.3495,0.5262524287983441,0.04447651131098315
-0.349,0.4729015545099309,0.01268659609548085
-0.3485,0.4622313796522482,0.01268659609548085
-0.348,0.4515612047945656,0.03387987290581572
-0.3475,0.408880505363835,-0.04029659593035631
-0.347,0.3555296310754218,-0.1144730647665284
-0.3465,0.3235191065023739,-0.1568596183871981
-0.346,0.3128489316446912,-0.1356663415768632
-0.3455,0.6542945270905358,0.2881991946298341
-0.345,0.6116138276598051,0.6908714540261965
-0.3445,-0.2099896363817582,0.06566978812131802
-0.344,-0.9995825758502737,-0.6866915386455698
-0.3435,-1.127624674142465,-0.7396747306714069
-0.343,-0.7648387289812555,-0.3687923864905467
-0.3425,-0.3273615598162672,0.06566978812131802
-0.342,0.01408403562957729,0.4259554938970107
-0.3415,0.2168173579255475,0.6802748156210291
-0.341,0.3021787567870086,0.8286277532933731
-0.3405,0.3341892813600565,0.9134008605347127
-0.34,0.3235191065023739,0.9451907757502149
-0.3395,0.3128489316446912,0.9345941373450475
-0.339,0.291508581929326,0.9028042221295453
-0.3385,0.2808384070716433,0.849821030103708
-0.338,0.2701682322139607,0.7650479228623686
-0.3375,0.1314559590640864,0.4683420475176805
-0.337,-0.3593720843893152,-0.3687923864905467
-0.3365,-0.9355615267041777,-1.280103289334946
-0.336,-1.26633694729234,-1.905304955239825
-0.3355,-0.9355615267041777,-1.703968825541643
-0.335,-0.3273615598162672,-1.195330182093607
-0.3345,0.1314559590640864,-0.6866915386455698
-0.334,0.3982103305061524,-0.3475991096802118
-0.3335,0.5049120790829789,-0.1992461720078678
-0.333,0.5049120790829789,-0.1250697031716958
-0.3325,0.4622313796522482,-0.1144730647665284
-0.332,0.4408910299368829,-0.08268314955102604
-0.3315,0.5155822539406614,0.03387987290581572
-0.331,0.4942419042252961,-0.02969995752518888
-0.3305,0.4302208550792003,-0.1462629799820306
-0.33,0.3661998059331045,-0.2310360872233701
-0.3295,0.3235191065023739,-0.252229364033705
-0.329,0.4835717293676135,-0.02969995752518888
-0.3285,0.6649647019482183,0.5637117931641874
-0.328,-0.02859666380115328,0.309392471440169
-0.3275,-0.9142211769888124,-0.5595318777835605
-0.327,-1.319687821580753,-0.9622041371799229
-0.3265,-1.031593100423322,-0.6443049850249
-0.326,-0.5514352318276028,-0.1250697031716958
-0.3255,-0.124628237520297,0.3411823866556712
-0.325,0.1527963087794516,0.6802748156210291
-0.3245,0.291508581929326,0.8922075837243778
-0.324,0.3341892813600565,1.00877060618122
-0.3235,0.3341892813600565,1.061753798207057
-0.323,0.3235191065023739,1.061753798207057
-0.3225,0.3021787567870086,1.029963882991555
-0.322,0.2808384070716433,0.9557874141553824
-0.3215,0.2701682322139607,0.8710143069140429
-0.321,0.2381577076409128,0.7120647308365314
-0.3205,-0.2099896363817582,0.06566978812131802
-0.32,-0.9355615267041777,-0.8880276683437509
-0.3195,-1.522421143876723,-1.703968825541643
-0.319,-1.853196564464885,-2.286783937825852
-0.3185,-1.458400094730627,-2.000674700886331
-0.318,-0.7008176798351597,-1.322489842955616
-0.3175,-0.06060718837420119,-0.7396747306714069
-0.317,0.3235191065023739,-0.3581957480853793
-0.3165,0.4729015545099309,-0.1674562567923655
-0.316,0.4942419042252961,-0.1038764263613609
-0.3155,0.4515612047945656,-0.1356663415768632
-0.315,0.5049120790829789,-0.06148987274069118
-0.3145,0.5049120790829789,-0.07208651114585861
-0.314,0.4515612047945656,-0.1992461720078678
-0.3135,0.3875401556484697,-0.3158091944647096
-0.313,0.3341892813600565,-0.3793890248957141
-0.3125,0.3555296310754218,-0.3158091944647096
-0.312,0.7289857510943143,0.2352160026039969
-0.3115,0.4729015545099309,0.5425185163538525
-0.311,-0.274010685527854,-0.07208651114585861
-0.3105,-0.9995825758502737,-0.09327978795619347
-0.31,-1.298347471865388,0.3411823866556712
-0.3095,-0.9569018764195432,0.4895353243280153
-0.309,-0.4767440078238243,0.5107286011383502
-0.3085,-0.07127736323188383,0.5213252395435176
-0.308,0.1741366584948169,0.5743084315693548
-0.3075,0.3021787567870086,0.6590815388106942
-0.307,0.3448594562177392,0.7650479228623686
-0.3065,0.3341892813600565,0.8710143069140429
-0.306,0.3235191065023739,0.9663840525605498
-0.3055,0.3021787567870086,1.029963882991555
-0.305,0.2808384070716433,1.061753798207057
-0.3045,0.2701682322139607,1.051157159801889
-0.304,-0.04993701351651855,0.6802748156210291
-0.3035,-0.839529952985034,-0.1674562567923655
-0.303,-1.46907026958831,-0.9622041371799229
-0.3025,-1.917217613610981,-1.545019249464132
-0.302,-1.799845690176472,-1.746355379162313
-0.3015,-1.020922925565639,-1.301296566145281
-0.301,-0.2633405106701714,-0.7078848154559045
-0.3005,0.2381577076409128,-0.2098428104130352
-0.3,0.4622313796522482,0.09745970333682032
-0.2995,0.5155822539406614,0.1716361721729923
-0.299,0.4942419042252961,0.1080563417419877
-0.2985,0.4408910299368829,0.01268659609548085
-0.298,0.408880505363835,-0.08268314955102604
-0.2975,0.3661998059331045,-0.2204394488182027
-0.297,0.3341892813600565,-0.3581957480853793
-0.2965,0.3021787567870086,-0.4641621321370536
-0.296,0.3021787567870086,-0.5277419625680583
-0.2955,0.5902734779444399,-0.1886495336027004
-0.295,0.5582629533713921,0.2670059178194992
-0.2945,-0.124628237520297,-0.2310360872233701
-0.294,-0.9462317015618604,-0.9939940523954253
-0.2935,-1.138294849000148,-1.110557074852267
-0.293,-0.7968492535543035,-0.6866915386455698
-0.2925,-0.3593720843893152,-0.1674562567923655
-0.292,-0.007256314085787988,0.2564092794143318
-0.2915,0.2061471830678648,0.5425185163538525
-0.291,0.3128489316446912,0.7226613692416989
-0.2905,0.3448594562177392,0.8074344764830383
-0.29,0.3341892813600565,0.8392243916985406
-0.2895,0.3235191065023739,0.8392243916985406
-0.289,0.3021787567870086,0.8180311148882058
-0.2885,0.291508581929326,0.7650479228623686
-0.288,0.2808384070716433,0.701468092431364
-0.2875,0.1741366584948169,0.457745409112513
-0.287,-0.1032878878049318,-0.3370024712750445
-0.2865,-0.6047861061160158,-1.248313374119443
-0.286,-1.202315898146244,-1.958288147265661
-0.2855,-1.479740444445993,-2.286783937825852
-0.285,-1.010252750707956,-1.735758740757146
-0.2845,-0.391382608962363,-0.9728007755850904
-0.284,0.09944543449103843,-0.4217755785163839
-0.2835,0.3875401556484697,-0.1038764263613609
-0.283,0.4942419042252961,0.03387987290581572
-0.2825,0.4835717293676135,0.06566978812131802
-0.282,0.4729015545099309,-0.01910331912002144
-0.2815,0.6329541773751706,-0.2734226408440398
-0.281,0.6329541773751706,-0.3687923864905467
-0.2805,0.5369226036560266,-0.326405832869877
-0.28,0.4408910299368829,-0.2628260024388724
-0.2795,0.3661998059331045,-0.1992461720078678
-0.279,0.4729015545099309,0.05507314971615059
-0.2785,0.6756348768059011,0.6378882620003594
-0.278,0.05676473506030786,0.3623756634660061
-0.2775,-0.572775581542968,-0.5171453241628908
-0.277,-1.020922925565639,-0.8986243067489184
-0.2765,-0.8822106524157645,-0.6337083466197325
-0.276,-0.4874141826815069,-0.2204394488182027
-0.2755,-0.1139580626626144,0.13984625695749
-0.275,0.142126133921769,0.4153588554918433
-0.2745,0.2701682322139607,0.5849050699745222
-0.274,0.3341892813600565,0.6802748156210291
-0.2735,0.3341892813600565,0.7332580076468663
-0.273,0.3235191065023739,0.7650479228623686
-0.2725,0.3021787567870086,0.7650479228623686
-0.272,0.291508581929326,0.7438546460520338
-0.2715,0.2808384070716433,0.701468092431364
-0.271,0.2594980573562781,0.5955017083796896
-0.2705,-0.124628237520297,0.01268659609548085
-0.27,-0.7434983792658902,-0.8244478379127463
-0.2695,-1.202315898146244,-1.555615887869299
-0.269,-1.148965023857831,-1.693372187136476
-0.2685,-0.5621054066852853,-1.216523458903942
-0.268,-0.01792648894347063,-0.6866915386455698
-0.2675,0.3235191065023739,-0.326405832869877
-0.267,0.4835717293676135,-0.1356663415768632
-0.2665,0.5262524287983441,-0.05089323433552374
-0.266,0.5155822539406614,-0.02969995752518888
-0.2655,0.4515612047945656,-0.05089323433552374
-0.265,0.5369226036560266,-0.2310360872233701
-0.2645,0.5796033030867573,-0.3158091944647096
-0.264,0.5155822539406614,-0.252229364033705
-0.2635,0.4195506802215176,-0.1356663415768632
-0.263,0.3555296310754218,-0.04029659593035631
-0.2625,0.3661998059331045,0.07626642652648545
-0.262,0.707645401378949,0.5425185163538525
-0.2615,0.3555296310754218,0.6060983467848571
-0.261,-0.4874141826815069,-0.1886495336027004
-0.2605,-1.255666772434657,-0.3793890248957141
-0.26,-1.405049220442214,0.01268659609548085
-0.2595,-0.9675720512772257,0.1928294489833272
-0.259,-0.4447334832507763,0.2564092794143318
-0.2585,-0.03926683865883591,0.2881991946298341
-0.258,0.2061471830678648,0.3305857482505039
-0.2575,0.3235191065023739,0.3941655786815084
-0.257,0.3555296310754218,0.457745409112513
-0.2565,0.3448594562177392,0.5319218779486851
-0.256,0.3235191065023739,0.6060983467848571
-0.2555,0.3021787567870086,0.6484849004055269
-0.255,0.2808384070716433,0.6802748156210291
-0.2545,0.2808384070716433,0.6908714540261965
-0.254,0.01408403562957729,0.3729723018711736
-0.2535,-0.7434983792658902,-0.4217755785163839
-0.253,-1.383708870726849,-1.195330182093607
-0.2525,-1.661133417026597,-1.619195718300304
-0.252,-1.191645723288561,-1.364876396576285
-0.2515,-0.4874141826815069,-0.8244478379127463
-0.251,0.0674349099179905,-0.2840192792492073
-0.2505,0.3661998059331045,0.1504428953626575
-0.25,0.4942419042252961,0.4153588554918433
-0.2495,0.5049120790829789,0.4683420475176805
-0.249,0.4622313796522482,0.3517790250608387
-0.2485,0.4942419042252961,0.2352160026039969
-0.248,0.5902734779444399,0.1504428953626575
-0.2475,0.5475927785137094,0.002089957690313421
-0.247,0.4622313796522482,-0.1462629799820306
-0.2465,0.3875401556484697,-0.252229364033705
-0.246,0.3341892813600565,-0.3052125560595421
-0.2455,0.5902734779444399,0.01268659609548085
-0.245,0.707645401378949,0.55311515475902
-0.2445,0.142126133921769,0.13984625695749
-0.244,-0.7008176798351597,-0.5277419625680583
-0.2435,-1.074273799854052,-0.4853554089473885
-0.243,-0.8181896032696687,-0.2310360872233701
-0.2425,-0.4020527838200457,0.03387987290581572
-0.242,-0.04993701351651855,0.2564092794143318
-0.2415,0.1741366584948169,0.4365521323021782
-0.241,0.291508581929326,0.5637117931641874
-0.2405,0.3341892813600565,0.6590815388106942
-0.24,0.3341892813600565,0.7438546460520338
-0.2395,0.3235191065023739,0.7862411996727035
-0.239,0.3021787567870086,0.8180311148882058
-0.2385,0.2808384070716433,0.8180311148882058
-0.238,0.2808384070716433,0.7968378380778709
-0.2375,0.1741366584948169,0.6060983467848571
-0.237,-0.4660738329661415,-0.1356663415768632
-0.2365,-1.234326422719292,-1.004590690800593
-0.236,-1.629122892453549,-1.661582271920973
-0.2355,-1.714484291315011,-2.011271339291499
-0.235,-1.159635198715513,-1.682775548731308
-0.2345,-0.4340633083930936,-0.9939940523954253
-0.234,0.1207857842064037,-0.4323722169215513
-0.2335,0.408880505363835,-0.06148987274069118
-0.233,0.5049120790829789,0.1292496185523226
-0.2325,0.5049120790829789,0.1716361721729923
-0.232,0.4835717293676135,0.1080563417419877
-0.2315,0.6009436528021226,-0.1038764263613609
-0.231,0.5902734779444399,-0.2310360872233701
-0.2305,0.5049120790829789,-0.2840192792492073
-0.23,0.408880505363835,-0.3158091944647096
-0.2295,0.3448594562177392,-0.3158091944647096
-0.229,0.4515612047945656,-0.1462629799820306
-0.2285,0.7183155762366316,0.3941655786815084
-0.228,0.1314559590640864,0.1610395337678249
-0.2275,-0.754168554123573,-0.5383386009732256
-0.227,-1.458400094730627,-0.2840192792492073
-0.2265,-1.426389570157579,0.13984625695749
-0.226,-0.9142211769888124,0.2881991946298341
-0.2255,-0.3807124341046804,0.309392471440169
-0.225,0.01408403562957729,0.3199891098453364
-0.2245,0.2381577076409128,0.3623756634660061
-0.224,0.3341892813600565,0.4365521323021782
-0.2235,0.3555296310754218,0.5213252395435176
-0.223,0.3448594562177392,0.6166949851900245
-0.2225,0.3235191065023739,0.701468092431364
-0.222,0.3021787567870086,0.7650479228623686
-0.2215,0.291508581929326,0.8074344764830383
-0.221,0.2594980573562781,0.7862411996727035
-0.2205,-0.2206598112394408,0.2881991946298341
-0.22,-0.9355615267041777,-0.5383386009732256
-0.2195,-1.415719395299897,-1.248313374119443
-0.219,-1.319687821580753,-1.407262950196955
-0.2185,-0.6688071552621118,-1.004590690800593
-0.218,-0.06060718837420119,-0.4853554089473885
-0.2175,0.3448594562177392,-0.04029659593035631
-0.217,0.5475927785137094,0.1716361721729923
-0.2165,0.5902734779444399,0.2670059178194992
-0.216,0.5475927785137094,0.2564092794143318
-0.2155,0.4729015545099309,0.1928294489833272
-0.215,0.4408910299368829,0.1504428953626575
-0.2145,0.408880505363835,0.06566978812131802
-0.214,0.3661998059331045,-0.04029659593035631
-0.2135,0.3448594562177392,-0.1462629799820306
-0.213,0.3235191065023739,-0.2204394488182027
-0.2125,0.3555296310754218,-0.2098428104130352
-0.212,0.7503261008096795,0.2564092794143318
-0.2115,0.5475927785137094,0.3941655786815084
-0.211,-0.2420001609548061,-0.3581957480853793
-0.2105,-0.8928808272734472,-1.121153713257435
-0.21,-0.9035510021311299,-1.089363798041932
-0.2095,-0.5621054066852853,-0.6125150698093976
-0.209,-0.1886492866663929,-0.1038764263613609
-0.2085,0.08877525963335578,0.2987958330350016
-0.208,0.2488278824985954,0.55311515475902
-0.2075,0.3235191065023739,0.6908714540261965
-0.207,0.3341892813600565,0.7438546460520338
-0.2065,0.3235191065023739,0.7650479228623686
-0.206,0.3128489316446912,0.7544512844572011
-0.2055,0.291508581929326,0.7226613692416989
-0.205,0.2808384070716433,0.6696781772158616
-0.2045,0.2808384070716433,0.6060983467848571
-0.204,0.07810508477567314,0.2987958330350016
-0.2035,-0.5834457564006506,-0.5277419625680583
-0.203,-1.138294849000148,-1.396666311791788
-0.2025,-1.479740444445993,-1.937094870455327
-0.202,-1.084943974711735,-1.661582271920973
-0.2015,-0.423393133535411,-1.121153713257435
-0.201,0.09944543449103843,-0.6019184314042303
-0.2005,0.3661998059331045,-0.2204394488182027
-0.2,0.4942419042252961,-0.06148987274069118
-0.1995,0.5155822539406614,0.03387987290581572
-0.199,0.4835717293676135,0.04447651131098315
-0.1985,0.4515612047945656,-0.01910331912002144
-0.198,0.4622313796522482,-0.09327978795619347
-0.1975,0.4195506802215176,-0.1568596183871981
-0.197,0.3661998059331045,-0.1886495336027004
-0.1965,0.3341892813600565,-0.1780528951975329
-0.196,0.3128489316446912,-0.1250697031716958
-0.1955,0.5902734779444399,0.2352160026039969
-0.195,0.7823366253827275,0.775644561267536
-0.1945,0.1634664836371343,0.3199891098453364
-0.194,-0.5514352318276028,-0.4217755785163839
-0.1935,-1.042263275281004,-0.2840192792492073
-0.193,-0.8822106524157645,-0.01910331912002144
-0.1925,-0.4874141826815069,0.1928294489833272
-0.192,-0.1139580626626144,0.3411823866556712
-0.1915,0.142126133921769,0.4683420475176805
-0.191,0.2808384070716433,0.5849050699745222
-0.1905,0.3341892813600565,0.6802748156210291
-0.19,0.3341892813600565,0.7650479228623686
-0.1895,0.3235191065023739,0.8286277532933731
-0.189,0.3021787567870086,0.8710143069140429
-0.1885,0.291508581929326,0.8816109453192104
-0.188,0.2808384070716433,0.8710143069140429
-0.1875,0.1848068333524996,0.7332580076468663
-0.187,-0.4554036581084589,0.03387987290581572
-0.1865,-1.202315898146244,-0.8350444763179138
-0.186,-1.661133417026597,-1.51322933424863
-0.1855,-1.83185621474952,-1.873515040024322
-0.185,-1.26633694729234,-1.523825972653797
-0.1845,-0.4980843575391895,-0.8562377531282487
-0.184,0.07810508477567314,-0.2628260024388724
-0.1835,0.3982103305061524,0.09745970333682032
-0.183,0.5369226036560266,0.1928294489833272
-0.1825,0.5369226036560266,0.1504428953626575
-0.182,0.5049120790829789,0.06566978812131802
-0.1815,0.6329541773751706,0.1504428953626575
-0.181,0.6436243522328531,0.06566978812131802
-0.1805,0.5475927785137094,-0.1356663415768632
-0.18,0.4515612047945656,-0.3158091944647096
-0.1795,0.3661998059331045,-0.4217755785163839
-0.179,0.3021787567870086,-0.2946159176543747
-0.1785,0.4622313796522482,0.2140227257936621
-0.178,-0.07127736323188383,-0.008506680714854012
-0.1775,-0.7968492535543035,-0.7502713690765743
-0.177,-1.30901764672307,-0.9833974139902578
-0.1765,-1.159635198715513,-0.6019184314042303
-0.176,-0.6794773301197943,-0.1356663415768632
-0.1755,-0.2206598112394408,0.2564092794143318
-0.175,0.09944543449103843,0.5425185163538525
-0.1745,0.2701682322139607,0.7332580076468663
-0.174,0.3448594562177392,0.8604176685088755
-0.1735,0.3555296310754218,0.9345941373450475
-0.173,0.3341892813600565,0.9875773293708847
-0.1725,0.3128489316446912,0.9981739677760521
-0.172,0.3021787567870086,0.9875773293708847
-0.1715,0.2808384070716433,0.9451907757502149
-0.171,0.2701682322139607,0.8392243916985406
-0.1705,-0.156638762093345,0.309392471440169
-0.17,-0.9142211769888124,-0.5913217929990628
-0.1695,-1.565101843307454,-1.396666311791788
-0.169,-1.586442193022819,-1.746355379162313
-0.1685,-0.8822106524157645,-1.439052865412457
-0.168,-0.1673089369510276,-0.8986243067489184
-0.1675,0.3021787567870086,-0.4535654937318862
-0.167,0.5262524287983441,-0.1674562567923655
-0.1665,0.5796033030867573,-0.01910331912002144
-0.166,0.5369226036560266,-0.008506680714854012
-0.1655,0.4729015545099309,-0.06148987274069118
-0.165,0.4408910299368829,-0.08268314955102604
-0.1645,0.408880505363835,-0.1250697031716958
-0.164,0.3661998059331045,-0.2098428104130352
-0.1635,0.3341892813600565,-0.2840192792492073
-0.163,0.3128489316446912,-0.3370024712750445
-0.1625,0.3235191065023739,-0.326405832869877
-0.162,0.6436243522328531,0.04447651131098315
-0.1615,0.3982103305061524,0.3729723018711736
-0.161,-0.4020527838200457,-0.2310360872233701
-0.1605,-1.138294849000148,-0.792657922697244
-0.16,-1.255666772434657,-0.5913217929990628
-0.1595,-0.8502001278427167,-0.2204394488182027
-0.159,-0.3700422592469978,0.1186529801471552
-0.1585,0.00341386077189465,0.383568940276341
-0.158,0.2274875327832301,0.5743084315693548
-0.1575,0.3235191065023739,0.7120647308365314
-0.157,0.3555296310754218,0.8074344764830383
-0.1565,0.3448594562177392,0.8604176685088755
-0.156,0.3235191065023739,0.9028042221295453
-0.1555,0.3021787567870086,0.9134008605347127
-0.155,0.291508581929326,0.8922075837243778
-0.1545,0.2808384070716433,0.8392243916985406
-0.154,0.1101156093487211,0.5743084315693548
-0.1535,-0.5834457564006506,-0.2310360872233701
-0.153,-1.244996597576974,-1.089363798041932
-0.1525,-1.629122892453549,-1.703968825541643
-0.152,-1.159635198715513,-1.79933857118815
-0.1515,-0.4127229586777283,-1.375473034981453
-0.151,0.142126133921769,-0.8032545611024114
-0.1505,0.4408910299368829,-0.2840192792492073
-0.15,0.5262524287983441,0.002089957690313421
-0.1495,0.5262524287983441,0.09745970333682032
-0.149,0.4835717293676135,0.05507314971615059
-0.1485,0.4942419042252961,-0.01910331912002144
-0.148,0.6329541773751706,-0.1886495336027004
-0.1475,0.6116138276598051,-0.2946159176543747
-0.147,0.5155822539406614,-0.3475991096802118
-0.1465,0.4195506802215176,-0.3687923864905467
-0.146,0.3448594562177392,-0.3581957480853793
-0.1455,0.5369226036560266,-0.09327978795619347
-0.145,0.6436243522328531,0.4047622170866759
-0.1445,-0.04993701351651855,-0.008506680714854012
-0.144,-0.7648387289812555,-0.5277419625680583
-0.1435,-1.298347471865388,-0.1038764263613609
-0.143,-1.138294849000148,0.2246193641988295
-0.1425,-0.658136980404429,0.309392471440169
-0.142,-0.2099896363817582,0.3305857482505039
-0.1415,0.1101156093487211,0.3623756634660061
-0.141,0.2701682322139607,0.4259554938970107
-0.1405,0.3448594562177392,0.5107286011383502
-0.14,0.3555296310754218,0.6166949851900245
-0.1395,0.3341892813600565,0.7226613692416989
-0.139,0.3128489316446912,0.8074344764830383
-0.1385,0.3021787567870086,0.8710143069140429
-0.138,0.291508581929326,0.9028042221295453
-0.1375,0.2061471830678648,0.8074344764830383
-0.137,-0.423393133535411,0.1716361721729923
-0.1365,-1.191645723288561,-0.6654982618352349
-0.136,-1.693143941599645,-1.311893204550448
-0.1355,-1.405049220442214,-1.449649503817625
-0.135,-0.6474668055467465,-1.05757388282643
-0.1345,-0.007256314085787988,-0.5277419625680583
-0.134,0.3875401556484697,-0.07208651114585861
-0.1335,0.5582629533713921,0.1822328105781598
-0.133,0.5796033030867573,0.2670059178194992
-0.1325,0.5155822539406614,0.2564092794143318
-0.132,0.4515612047945656,0.1610395337678249
-0.1315,0.4729015545099309,0.1080563417419877
-0.131,0.4622313796522482,0.01268659609548085
-0.1305,0.408880505363835,-0.1144730647665284
-0.13,0.3661998059331045,-0.2310360872233701
-0.1295,0.3341892813600565,-0.3158091944647096
-0.129,0.3875401556484697,-0.2840192792492073
-0.1285,0.7503261008096795,0.2352160026039969
-0.128,0.3235191065023739,0.383568940276341
-0.1275,-0.5087545323968721,-0.252229364033705
-0.127,-1.244996597576974,-0.3052125560595421
-0.1265,-1.234326422719292,-0.02969995752518888
-0.126,-0.7861790786966207,0.1292496185523226
-0.1255,-0.3060212101009019,0.2140227257936621
-0.125,0.04609456020262521,0.2881991946298341
-0.1245,0.2488278824985954,0.3729723018711736
-0.124,0.3341892813600565,0.457745409112513
-0.1235,0.3555296310754218,0.5425185163538525
-0.123,0.3448594562177392,0.6166949851900245
-0.1225,0.3235191065023739,0.6908714540261965
-0.122,0.3021787567870086,0.7438546460520338
-0.1215,0.291508581929326,0.7650479228623686
-0.121,0.2701682322139607,0.7544512844572011
-0.1205,-0.1032878878049318,0.309392471440169
-0.12,-0.7755089038389382,-0.5171453241628908
-0.1195,-1.287677297007705,-1.269506650929778
-0.119,-1.426389570157579,-1.566212526274467
-0.1185,-0.7968492535543035,-1.311893204550448
-0.118,-0.1459685872356623,-0.7608680074817418
-0.1175,0.291508581929326,-0.252229364033705
-0.117,0.5155822539406614,0.03387987290581572
-0.1165,0.5582629533713921,0.1928294489833272
-0.116,0.5262524287983441,0.2776025562246667
-0.1155,0.4622313796522482,0.2670059178194992
-0.115,0.4729015545099309,0.09745970333682032
-0.1145,0.4942419042252961,-0.09327978795619347
-0.114,0.4515612047945656,-0.1780528951975329
-0.1135,0.3875401556484697,-0.2204394488182027
-0.113,0.3448594562177392,-0.2416327256285375
-0.1125,0.3448594562177392,-0.2628260024388724
-0.112,0.707645401378949,0.002089957690313421
-0.1115,0.5475927785137094,0.2881991946298341
-0.111,-0.2313299860971235,-0.2946159176543747
-0.1105,-1.031593100423322,-0.7608680074817418
-0.11,-1.319687821580753,-0.4429688553267188
-0.1095,-0.9782422261349084,-0.1250697031716958
-0.109,-0.4767440078238243,0.08686306493165288
-0.1085,-0.07127736323188383,0.2246193641988295
-0.108,0.1848068333524996,0.3199891098453364
-0.1075,0.3128489316446912,0.4047622170866759
-0.107,0.3555296310754218,0.4789386859228479
-0.1065,0.3555296310754218,0.55311515475902
-0.106,0.3341892813600565,0.6060983467848571
-0.1055,0.3128489316446912,0.6590815388106942
-0.105,0.291508581929326,0.6802748156210291
-0.1045,0.291508581929326,0.6908714540261965
-0.104,0.1527963087794516,0.4683420475176805
-0.1035,-0.5087545323968721,-0.2840192792492073
-0.103,-1.223656247861609,-1.0999604364471
-0.1025,-1.67180359188428,-1.619195718300304
-0.102,-1.319687821580753,-1.364876396576285
-0.1015,-0.5834457564006506,-0.8668343915334161
-0.101,0.03542438534494258,-0.3899856633008816
-0.1005,0.3875401556484697,-0.01910331912002144
-0.1,0.5262524287983441,0.2034260873884947
-0.09950000000000001,0.5369226036560266,0.2987958330350016
-0.099,0.4942419042252961,0.2881991946298341
-0.0985,0.4729015545099309,0.2458126410091644
-0.098,0.5582629533713921,0.2776025562246667
-0.0975,0.5369226036560266,0.2034260873884947
-0.097,0.4622313796522482,0.08686306493165288
-0.0965,0.3982103305061524,-0.01910331912002144
-0.096,0.3448594562177392,-0.09327978795619347
-0.0955,0.2701682322139607,0.13984625695749
-0.095,0.1954770082101822,0.6484849004055269
-0.0945,-0.4340633083930936,0.2881991946298341
-0.094,-1.202315898146244,-0.4959520473525559
-0.0935,-1.533091318734406,-0.5489352393783931
-0.093,-1.148965023857831,-0.3052125560595421
-0.0925,-0.5834457564006506,-0.05089323433552374
-0.092,-0.124628237520297,0.1610395337678249
-0.0915,0.1741366584948169,0.3199891098453364
-0.091,0.3128489316446912,0.4471487707073456
-0.0905,0.3661998059331045,0.5319218779486851
-0.09,0.3661998059331045,0.6060983467848571
-0.0895,0.3448594562177392,0.6590815388106942
-0.089,0.3235191065023739,0.701468092431364
-0.0885,0.3021787567870086,0.7120647308365314
-0.08799999999999999,0.291508581929326,0.7120647308365314
-0.08749999999999999,0.2381577076409128,0.6060983467848571
-0.08699999999999999,-0.2420001609548061,-0.01910331912002144
-0.08649999999999999,-0.9569018764195432,-0.8774310299385835
-0.08599999999999999,-1.490410619303675,-1.555615887869299
-0.08550000000000001,-1.373038695869166,-1.534422611058964
-0.08500000000000001,-0.722158029550525,-0.9304142219644207
-0.08450000000000001,-0.09261771294724913,-0.3899856633008816
-0.08400000000000001,0.3128489316446912,0.01268659609548085
-0.0835,0.5155822539406614,0.2670059178194992
-0.083,0.5582629533713921,0.3199891098453364
-0.0825,0.5262524287983441,0.2776025562246667
-0.082,0.4729015545099309,0.2034260873884947
-0.0815,0.5475927785137094,0.2458126410091644
-0.081,0.5582629533713921,0.1610395337678249
-0.0805,0.4942419042252961,-0.01910331912002144
-0.08,0.4195506802215176,-0.1780528951975329
-0.0795,0.3555296310754218,-0.2840192792492073
-0.079,0.3982103305061524,-0.2310360872233701
-0.0785,0.7289857510943143,0.2670059178194992
-0.078,0.3448594562177392,0.2034260873884947
-0.0775,-0.3700422592469978,-0.4853554089473885
-0.077,-1.095614149569417,-0.3475991096802118
-0.0765,-1.202315898146244,0.08686306493165288
-0.076,-0.7968492535543035,0.2670059178194992
-0.0755,-0.3380317346739499,0.3199891098453364
-0.075,0.02475421048725994,0.3729723018711736
-0.0745,0.2274875327832301,0.4259554938970107
-0.074,0.3341892813600565,0.5107286011383502
-0.0735,0.3555296310754218,0.6060983467848571
-0.073,0.3448594562177392,0.701468092431364
-0.0725,0.3235191065023739,0.7862411996727035
-0.07199999999999999,0.3128489316446912,0.8392243916985406
-0.07149999999999999,0.291508581929326,0.8710143069140429
-0.07099999999999999,0.2808384070716433,0.8604176685088755
-0.07049999999999999,-0.07127736323188383,0.4365521323021782
-0.07000000000000001,-0.8608703027003992,-0.3899856633008816
-0.06950000000000001,-1.522421143876723,-1.152943628472937
-0.06900000000000001,-1.661133417026597,-1.545019249464132
-0.06850000000000001,-0.9889124009925911,-1.375473034981453
-0.068,-0.2633405106701714,-0.8138511995075789
-0.0675,0.2274875327832301,-0.2946159176543747
-0.067,0.4729015545099309,0.02328323450064829
-0.0665,0.5475927785137094,0.1928294489833272
-0.066,0.5262524287983441,0.2564092794143318
-0.0655,0.4835717293676135,0.2140227257936621
-0.065,0.5262524287983441,0.02328323450064829
-0.0645,0.6116138276598051,-0.2204394488182027
-0.064,0.5582629533713921,-0.326405832869877
-0.0635,0.4729015545099309,-0.3687923864905467
-0.063,0.3982103305061524,-0.3899856633008816
-0.0625,0.3555296310754218,-0.3793890248957141
-0.062,0.7183155762366316,0.03387987290581572
-0.0615,0.7823366253827275,0.5213252395435176
-0.061,-0.03926683865883591,0.01268659609548085
-0.0605,-0.8822106524157645,-0.4535654937318862
-0.06,-1.042263275281004,-0.3581957480853793
-0.0595,-0.7008176798351597,-0.1462629799820306
-0.059,-0.2953510352432193,0.07626642652648545
-0.0585,0.03542438534494258,0.2670059178194992
-0.058,0.2274875327832301,0.4153588554918433
-0.0575,0.3235191065023739,0.5319218779486851
-0.057,0.3448594562177392,0.6166949851900245
-0.0565,0.3448594562177392,0.6802748156210291
-0.056,0.3235191065023739,0.7332580076468663
-0.0555,0.3128489316446912,0.7650479228623686
-0.055,0.291508581929326,0.7650479228623686
-0.0545,0.291508581929326,0.7438546460520338
-0.054,0.1314559590640864,0.4683420475176805
-0.0535,-0.5514352318276028,-0.326405832869877
-0.053,-1.148965023857831,-1.163540266878104
-0.0525,-1.51175096901904,-1.788741932782983
-0.052,-1.597112367880501,-2.000674700886331
-0.0515,-1.031593100423322,-1.523825972653797
-0.051,-0.3380317346739499,-0.8562377531282487
-0.0505,0.142126133921769,-0.3052125560595421
-0.05,0.408880505363835,0.08686306493165288
-0.0495,0.4942419042252961,0.2564092794143318
-0.049,0.4835717293676135,0.2458126410091644
-0.0485,0.4729015545099309,0.1080563417419877
-0.048,0.5902734779444399,-0.1992461720078678
-0.0475,0.5689331282290746,-0.3370024712750445
-0.047,0.4942419042252961,-0.3581957480853793
-0.0465,0.408880505363835,-0.3475991096802118
-0.046,0.3555296310754218,-0.3052125560595421
-0.0455,0.5155822539406614,-0.05089323433552374
-0.045,0.7823366253827275,0.5425185163538525
-0.0445,0.1207857842064037,0.2881991946298341
-0.044,-0.722158029550525,-0.326405832869877
-0.0435,-1.426389570157579,0.02328323450064829
-0.043,-1.394379045584531,0.383568940276341
-0.0425,-0.8928808272734472,0.4365521323021782
-0.042,-0.3593720843893152,0.3941655786815084
-0.0415,0.03542438534494258,0.3623756634660061
-0.041,0.2488278824985954,0.383568940276341
-0.0405,0.3448594562177392,0.457745409112513
-0.04,0.3661998059331045,0.55311515475902
-0.0395,0.3555296310754218,0.6484849004055269
-0.039,0.3341892813600565,0.7438546460520338
-0.0385,0.3128489316446912,0.8074344764830383
-0.038,0.3021787567870086,0.849821030103708
-0.0375,0.2488278824985954,0.7968378380778709
-0.037,-0.1139580626626144,0.2246193641988295
-0.0365,-0.690147504977477,-0.6125150698093976
-0.036,-1.234326422719292,-1.269506650929778
-0.0355,-1.298347471865388,-1.333086481360783
-0.035,-0.7755089038389382,-0.8986243067489184
-0.0345,-0.1459685872356623,-0.3687923864905467
-0.034,0.291508581929326,0.02328323450064829
-0.0335,0.5049120790829789,0.2776025562246667
-0.033,0.5582629533713921,0.3305857482505039
-0.0325,0.5369226036560266,0.2776025562246667
-0.032,0.4729015545099309,0.1610395337678249
-0.0315,0.5902734779444399,0.07626642652648545
-0.031,0.6436243522328531,-0.008506680714854012
-0.0305,0.5796033030867573,-0.1038764263613609
-0.03,0.4835717293676135,-0.2098428104130352
-0.0295,0.3982103305061524,-0.2734226408440398
-0.029,0.3768699807907871,-0.1780528951975329
-0.0285,0.6756348768059011,0.4047622170866759
-0.028,0.3768699807907871,0.4365521323021782
-0.0275,-0.5514352318276028,-0.326405832869877
-0.027,-1.341028171296118,-0.4217755785163839
-0.0265,-1.362368521011484,-0.06148987274069118
-0.026,-0.8822106524157645,0.1504428953626575
-0.0255,-0.3593720843893152,0.2670059178194992
-0.025,0.02475421048725994,0.3623756634660061
-0.0245,0.2488278824985954,0.4471487707073456
-0.024,0.3448594562177392,0.5319218779486851
-0.0235,0.3661998059331045,0.6166949851900245
-0.023,0.3555296310754218,0.6908714540261965
-0.0225,0.3341892813600565,0.7544512844572011
-0.022,0.3128489316446912,0.7862411996727035
-0.0215,0.3021787567870086,0.8074344764830383
-0.021,0.291508581929326,0.7968378380778709
-0.0205,0.0674349099179905,0.383568940276341
-0.02,-0.4554036581084589,-0.4535654937318862
-0.0195,-0.9995825758502737,-1.163540266878104
-0.019,-1.244996597576974,-1.534422611058964
-0.0185,-0.7008176798351597,-1.396666311791788
-0.018,-0.08194753808956648,-0.9410108603695881
-0.0175,0.3235191065023739,-0.4535654937318862
-0.017,0.4942419042252961,-0.07208651114585861
-0.0165,0.5369226036560266,0.1080563417419877
-0.016,0.5049120790829789,0.1186529801471552
-0.0155,0.4515612047945656,0.05507314971615059
-0.015,0.4729015545099309,0.03387987290581572
-0.0145,0.5155822539406614,0.04447651131098315
-0.014,0.4835717293676135,-0.02969995752518888
-0.0135,0.4195506802215176,-0.1144730647665284
-0.013,0.3661998059331045,-0.1674562567923655
-0.0125,0.3341892813600565,-0.1674562567923655
-0.012,0.4942419042252961,0.2352160026039969
-0.0115,0.3982103305061524,0.6802748156210291
-0.011,-0.2420001609548061,0.1186529801471552
-0.0105,-0.9995825758502737,-0.4641621321370536
-0.01,-1.319687821580753,-0.2734226408440398
-0.0095,-0.9889124009925911,-0.008506680714854012
-0.008999999999999999,-0.4874141826815069,0.2034260873884947
-0.008500000000000001,-0.07127736323188383,0.3623756634660061
-0.008,0.1848068333524996,0.4895353243280153
-0.0075,0.3128489316446912,0.5955017083796896
-0.007,0.3555296310754218,0.6802748156210291
-0.0065,0.3555296310754218,0.7650479228623686
-0.006,0.3341892813600565,0.8180311148882058
-0.0055,0.3128489316446912,0.849821030103708
-0.005,0.3021787567870086,0.8604176685088755
-0.0045,0.291508581929326,0.8392243916985406
-0.004,0.1634664836371343,0.627291623595192
-0.0035,-0.4767440078238243,-0.1356663415768632
-0.003,-1.116954499284783,-0.9833974139902578
-0.0025,-1.618452717595867,-1.640388995110639
-0.002,-1.821186039891837,-2.000674700886331
-0.0015,-1.212986073003927,-1.672178910326141
-0.001,-0.4660738329661415,-1.004590690800593
-0.0005,0.08877525963335578,-0.400582301706049
0,0.3875401556484697,0.01268659609548085
0.0005,0.5049120790829789,0.1822328105781598
0.001,0.5155822539406614,0.1822328105781598
0.0015,0.4942419042252961,0.05507314971615059
0.002,0.5796033030867573,-0.2310360872233701
0.0025,0.5582629533713921,-0.3581957480853793
0.003,0.4835717293676135,-0.3793890248957141
0.0035,0.408880505363835,-0.3687923864905467
0.004,0.3555296310754218,-0.3475991096802118
0.0045,0.4942419042252961,-0.1250697031716958
0.005,0.8463576745288233,0.5001319627331828
0.0055,0.2274875327832301,0.4153588554918433
0.006,-0.6794773301197943,-0.2204394488182027
0.0065,-1.373038695869166,0.02328323450064829
0.007,-1.298347471865388,0.2987958330350016
0.0075,-0.7968492535543035,0.3517790250608387
0.008,-0.2953510352432193,0.3305857482505039
0.008500000000000001,0.0674349099179905,0.3411823866556712
0.008999999999999999,0.2701682322139607,0.3941655786815084
0.0095,0.3555296310754218,0.4789386859228479
0.01,0.3661998059331045,0.5955017083796896
0.0105,0.3555296310754218,0.6908714540261965
0.011,0.3341892813600565,0.7862411996727035
0.0115,0.3128489316446912,0.849821030103708
0.012,0.3021787567870086,0.8922075837243778
0.0125,0.2594980573562781,0.849821030103708
0.013,-0.2099896363817582,0.2987958330350016
0.0135,-0.9035510021311299,-0.5277419625680583
0.014,-1.46907026958831,-1.227120097309109
0.0145,-1.426389570157579,-1.290699927740113
0.015,-0.7861790786966207,-0.7714646458869092
0.0155,-0.124628237520297,-0.2310360872233701
0.016,0.3128489316446912,0.1716361721729923
0.0165,0.5155822539406614,0.3517790250608387
0.017,0.5689331282290746,0.3729723018711736
0.0175,0.5369226036560266,0.2987958330350016
0.018,0.4835717293676135,0.1504428953626575
0.0185,0.5475927785137094,-0.01910331912002144
0.019,0.5582629533713921,-0.1462629799820306
0.0195,0.4942419042252961,-0.2416327256285375
0.02,0.4195506802215176,-0.2946159176543747
0.0205,0.3661998059331045,-0.326405832869877
0.021,0.3768699807907871,-0.2628260024388724
0.0215,0.8036769750980928,0.2564092794143318
0.022,0.6009436528021226,0.55311515475902
0.0225,-0.2206598112394408,-0.07208651114585861
0.023,-1.084943974711735,-0.1250697031716958
0.0235,-1.351698346153801,0.2776025562246667
0.024,-0.9782422261349084,0.3941655786815084
0.0245,-0.4660738329661415,0.3941655786815084
0.025,-0.06060718837420119,0.383568940276341
0.0255,0.1954770082101822,0.4153588554918433
0.026,0.3235191065023739,0.4895353243280153
0.0265,0.3661998059331045,0.5955017083796896
0.027,0.3661998059331045,0.701468092431364
0.0275,0.3448594562177392,0.8074344764830383
0.028,0.3235191065023739,0.8816109453192104
0.0285,0.3021787567870086,0.92399749893988
0.029,0.291508581929326,0.92399749893988
0.0295,0.00341386077189465,0.5955017083796896
0.03,-0.7755089038389382,-0.1992461720078678
0.0305,-1.330357996438436,-0.9516074987747555
0.031,-1.597112367880501,-1.481439419033127
0.0315,-1.543761493592088,-1.703968825541643
0.032,-0.8608703027003992,-1.34368311976595
0.0325,-0.1673089369510276,-0.7608680074817418
0.033,0.2808384070716433,-0.1992461720078678
0.0335,0.4942419042252961,0.13984625695749
0.034,0.5475927785137094,0.2564092794143318
0.0345,0.5262524287983441,0.2246193641988295
0.035,0.5262524287983441,0.06566978812131802
0.0355,0.5689331282290746,-0.1674562567923655
0.036,0.5155822539406614,-0.3158091944647096
0.0365,0.4408910299368829,-0.3899856633008816
0.037,0.3768699807907871,-0.4429688553267188
0.0375,0.3448594562177392,-0.4535654937318862
0.038,0.6329541773751706,-0.1038764263613609
0.0385,0.6542945270905358,0.383568940276341
0.039,-0.04993701351651855,-0.08268314955102604
0.0395,-0.8822106524157645,-0.4323722169215513
0.04,-1.447729919872945,0.06566978812131802
0.0405,-1.223656247861609,0.3305857482505039
0.041,-0.690147504977477,0.3729723018711736
0.0415,-0.2099896363817582,0.3517790250608387
0.042,0.1207857842064037,0.3517790250608387
0.0425,0.291508581929326,0.3941655786815084
0.043,0.3661998059331045,0.4789386859228479
0.0435,0.3768699807907871,0.5849050699745222
0.044,0.3555296310754218,0.6802748156210291
0.0445,0.3341892813600565,0.7650479228623686
0.045,0.3128489316446912,0.8286277532933731
0.0455,0.3021787567870086,0.8604176685088755
0.046,0.1741366584948169,0.701468092431364
0.0465,-0.4767440078238243,-0.008506680714854012
0.047,-1.127624674142465,-0.8244478379127463
0.0475,-1.639793067311232,-1.396666311791788
0.048,-1.298347471865388,-1.42845622700729
0.0485,-0.5087545323968721,-0.9939940523954253
0.049,0.1101156093487211,-0.4853554089473885
0.0495,0.4622313796522482,-0.06148987274069118
0.05,0.5902734779444399,0.2246193641988295
0.0505,0.5902734779444399,0.3517790250608387
0.051,0.5369226036560266,0.3305857482505039
0.0515,0.4835717293676135,0.2458126410091644
0.052,0.5262524287983441,0.2246193641988295
0.0525,0.5049120790829789,0.06566978812131802
0.053,0.4408910299368829,-0.1250697031716958
0.0535,0.3768699807907871,-0.3052125560595421
0.054,0.3448594562177392,-0.4217755785163839
0.0545,0.4729015545099309,-0.3158091944647096
0.055,0.7503261008096795,0.2776025562246667
0.0555,0.1634664836371343,0.1822328105781598
0.056,-0.690147504977477,-0.4959520473525559
0.0565,-1.244996597576974,-0.4959520473525559
0.057,-1.06360362499637,-0.2204394488182027
0.0575,-0.6047861061160158,0.02328323450064829
0.058,-0.1673089369510276,0.2140227257936621
0.0585,0.1314559590640864,0.3623756634660061
0.059,0.291508581929326,0.4789386859228479
0.0595,0.3555296310754218,0.5849050699745222
0.06,0.3661998059331045,0.6696781772158616
0.0605,0.3448594562177392,0.7438546460520338
0.061,0.3341892813600565,0.7968378380778709
0.0615,0.3128489316446912,0.8180311148882058
0.062,0.3021787567870086,0.8180311148882058
0.0625,0.2701682322139607,0.7438546460520338
0.063,-0.1779791118087102,0.1716361721729923
0.0635,-0.9355615267041777,-0.6972881770507372
0.064,-1.373038695869166,-1.396666311791788
0.0645,-1.479740444445993,-1.725162102351978
0.065,-0.9569018764195432,-1.407262950196955
0.0655,-0.3166913849585846,-0.8138511995075789
0.066,0.1634664836371343,-0.252229364033705
0.0665,0.4408910299368829,0.06566978812131802
0.067,0.5689331282290746,0.1928294489833272
0.0675,0.5796033030867573,0.13984625695749
0.068,0.5262524287983441,0.04447651131098315
0.06850000000000001,0.5902734779444399,-0.1144730647665284
0.06900000000000001,0.6116138276598051,-0.2416327256285375
0.06950000000000001,0.5369226036560266,-0.2840192792492073
0.07000000000000001,0.4515612047945656,-0.2946159176543747
0.07049999999999999,0.3768699807907871,-0.2946159176543747
0.07099999999999999,0.3128489316446912,-0.2416327256285375
0.07149999999999999,0.3982103305061524,0.2458126410091644
0.07199999999999999,0.2488278824985954,0.5107286011383502
0.0725,-0.3060212101009019,-0.1886495336027004
0.073,-0.8608703027003992,-0.9516074987747555
0.0735,-0.8288597781273515,-0.9304142219644207
0.074,-0.4874141826815069,-0.5065486857577234
0.0745,-0.1352984123779797,-0.01910331912002144
0.075,0.1314559590640864,0.3517790250608387
0.0755,0.2701682322139607,0.6060983467848571
0.076,0.3448594562177392,0.7544512844572011
0.0765,0.3555296310754218,0.8180311148882058
0.077,0.3448594562177392,0.849821030103708
0.0775,0.3235191065023739,0.8392243916985406
0.078,0.3128489316446912,0.8074344764830383
0.0785,0.3021787567870086,0.7544512844572011
0.079,0.291508581929326,0.6802748156210291
0.0795,0.04609456020262521,0.3305857482505039
0.08,-0.6367966306890638,-0.4959520473525559
0.0805,-1.180975548430879,-1.322489842955616
0.081,-1.639793067311232,-1.947691508860494
0.0815,-1.501080794161358,-1.958288147265661
0.082,-0.8181896032696687,-1.375473034981453
0.0825,-0.1673089369510276,-0.7820612842920766
0.083,0.2701682322139607,-0.3370024712750445
0.0835,0.4835717293676135,-0.06148987274069118
0.08400000000000001,0.5475927785137094,0.03387987290581572
0.08450000000000001,0.5369226036560266,0.02328323450064829
0.08500000000000001,0.5369226036560266,-0.01910331912002144
0.08550000000000001,0.5902734779444399,-0.04029659593035631
0.08599999999999999,0.5369226036560266,-0.09327978795619347
0.08649999999999999,0.4622313796522482,-0.1462629799820306
0.08699999999999999,0.3875401556484697,-0.1780528951975329
0.08749999999999999,0.3555296310754218,-0.1674562567923655
0.08799999999999999,0.6009436528021226,0.1928294489833272
0.0885,0.6329541773751706,0.6590815388106942
0.089,-0.04993701351651855,0.1292496185523226
0.0895,-0.8715404775580819,-0.6337083466197325
0.09,-1.116954499284783,-0.7396747306714069
0.0905,-0.7968492535543035,-0.4111789401112165
0.091,-0.3593720843893152,0.01268659609548085
0.0915,-0.007256314085787988,0.3623756634660061
0.092,0.2168173579255475,0.6060983467848571
0.0925,0.3235191065023739,0.7544512844572011
0.093,0.3555296310754218,0.8392243916985406
0.0935,0.3555296310754218,0.8710143069140429
0.094,0.3341892813600565,0.8816109453192104
0.0945,0.3235191065023739,0.8604176685088755
0.095,0.3021787567870086,0.8180311148882058
0.0955,0.3021787567870086,0.7544512844572011
0.096,0.2061471830678648,0.55311515475902
0.0965,-0.3380317346739499,-0.2098428104130352
0.097,-0.9035510021311299,-1.05757388282643
0.0975,-1.244996597576974,-1.725162102351978
0.098,-1.074273799854052,-1.682775548731308
0.0985,-0.4980843575391895,-1.258910012524611
0.099,0.02475421048725994,-0.7608680074817418
0.09950000000000001,0.3448594562177392,-0.3370024712750445
0.1,0.4942419042252961,-0.09327978795619347
0.1005,0.5262524287983441,0.01268659609548085
0.101,0.4835717293676135,0.01268659609548085
0.1015,0.4515612047945656,-0.008506680714854012
0.102,0.5369226036560266,-0.02969995752518888
0.1025,0.5262524287983441,-0.09327978795619347
0.103,0.4622313796522482,-0.1568596183871981
0.1035,0.3982103305061524,-0.1992461720078678
0.104,0.3555296310754218,-0.2204394488182027
0.1045,0.4408910299368829,-0.09327978795619347
0.105,0.7609962756673623,0.4259554938970107
0.1055,0.1954770082101822,0.2458126410091644
0.106,-0.5941159312583333,-0.5595318777835605
0.1065,-1.223656247861609,-0.8562377531282487
0.107,-1.138294849000148,-0.5277419625680583
0.1075,-0.690147504977477,-0.1356663415768632
0.108,-0.2313299860971235,0.1822328105781598
0.1085,0.08877525963335578,0.4259554938970107
0.109,0.2701682322139607,0.5849050699745222
0.1095,0.3555296310754218,0.701468092431364
0.11,0.3661998059331045,0.775644561267536
0.1105,0.3555296310754218,0.8180311148882058
0.111,0.3341892813600565,0.8392243916985406
0.1115,0.3128489316446912,0.8392243916985406
0.112,0.3021787567870086,0.8180311148882058
0.1125,0.2701682322139607,0.7438546460520338
0.113,-0.1993194615240755,0.1928294489833272
0.1135,-0.9142211769888124,-0.7078848154559045
0.114,-1.383708870726849,-1.47084278062796
0.1145,-1.287677297007705,-1.809935209593318
0.115,-0.5941159312583333,-1.492036057438295
0.1155,0.02475421048725994,-0.8668343915334161
0.116,0.408880505363835,-0.3475991096802118
0.1165,0.5796033030867573,-0.04029659593035631
0.117,0.5902734779444399,0.1080563417419877
0.1175,0.5475927785137094,0.1186529801471552
0.118,0.4835717293676135,0.04447651131098315
0.1185,0.5369226036560266,-0.1992461720078678
0.119,0.5689331282290746,-0.3793890248957141
0.1195,0.5155822539406614,-0.3581957480853793
0.12,0.4408910299368829,-0.3052125560595421
0.1205,0.3768699807907871,-0.252229364033705
0.121,0.3768699807907871,-0.1674562567923655
0.1215,0.7609962756673623,0.3623756634660061
0.122,0.6756348768059011,0.7226613692416989
0.1225,-0.06060718837420119,0.05507314971615059
0.123,-0.7434983792658902,-0.8138511995075789
0.1235,-0.8928808272734472,-0.9304142219644207
0.124,-0.5941159312583333,-0.5489352393783931
0.1245,-0.2313299860971235,-0.07208651114585861
0.125,0.0674349099179905,0.309392471440169
0.1255,0.2381577076409128,0.5743084315693548
0.126,0.3235191065023739,0.7332580076468663
0.1265,0.3448594562177392,0.8074344764830383
0.127,0.3448594562177392,0.8286277532933731
0.1275,0.3235191065023739,0.8180311148882058
0.128,0.3021787567870086,0.7862411996727035
0.1285,0.291508581929326,0.7332580076468663
0.129,0.291508581929326,0.6696781772158616
0.1295,0.07810508477567314,0.3305857482505039
0.13,-0.658136980404429,-0.5277419625680583
0.1305,-1.30901764672307,-1.407262950196955
0.131,-1.629122892453549,-1.937094870455327
0.1315,-1.212986073003927,-1.619195718300304
0.132,-0.4980843575391895,-1.046977244421262
0.1325,0.0674349099179905,-0.5383386009732256
0.133,0.3875401556484697,-0.2098428104130352
0.1335,0.5049120790829789,-0.01910331912002144
0.134,0.5262524287983441,0.03387987290581572
0.1345,0.4835717293676135,0.002089957690313421
0.135,0.4835717293676135,0.002089957690313421
0.1355,0.5262524287983441,0.03387987290581572
0.136,0.4835717293676135,0.002089957690313421
0.1365,0.4302208550792003,-0.05089323433552374
0.137,0.3661998059331045,-0.1038764263613609
0.1375,0.3235191065023739,-0.1038764263613609
0.138,0.05676473506030786,0.1716361721729923
0.1385,-0.1779791118087102,0.6060983467848571
0.139,-0.658136980404429,0.1292496185523226
0.1395,-0.9782422261349084,-0.6760949002404023
0.14,-1.116954499284783,-0.7078848154559045
0.1405,-0.7861790786966207,-0.3793890248957141
0.141,-0.3487019095316325,-0.02969995752518888
0.1415,0.00341386077189465,0.2564092794143318
0.142,0.2274875327832301,0.4683420475176805
0.1425,0.3235191065023739,0.6166949851900245
0.143,0.3555296310754218,0.7226613692416989
0.1435,0.3555296310754218,0.7862411996727035
0.144,0.3341892813600565,0.8286277532933731
0.1445,0.3235191065023739,0.849821030103708
0.145,0.3021787567870086,0.8392243916985406
0.1455,0.3021787567870086,0.8074344764830383
0.146,0.2381577076409128,0.6802748156210291
0.1465,-0.2420001609548061,0.002089957690313421
0.147,-0.8608703027003992,-0.8244478379127463
0.1475,-1.287677297007705,-1.492036057438295
0.148,-1.319687821580753,-1.84172512480882
0.1485,-0.807519428411986,-1.523825972653797
0.149,-0.1993194615240755,-0.8774310299385835
0.1495,0.2168173579255475,-0.3158091944647096
0.15,0.4515612047945656,0.01268659609548085
0.1505,0.5262524287983441,0.1292496185523226
0.151,0.5049120790829789,0.1292496185523226
0.1515,0.4622313796522482,0.03387987290581572
0.152,0.5369226036560266,-0.2204394488182027
0.1525,0.5369226036560266,-0.3581957480853793
0.153,0.4729015545099309,-0.3793890248957141
0.1535,0.408880505363835,-0.3687923864905467
0.154,0.3555296310754218,-0.326405832869877
0.1545,0.408880505363835,-0.1886495336027004
0.155,0.7289857510943143,0.3941655786815084
0.1555,0.408880505363835,0.3517790250608387
0.156,-0.4127229586777283,-0.3475991096802118
0.1565,-1.074273799854052,-0.2840192792492073
0.157,-1.020922925565639,-0.02969995752518888
0.1575,-0.6154562809736985,0.1292496185523226
0.158,-0.1993194615240755,0.2352160026039969
0.1585,0.09944543449103843,0.3305857482505039
0.159,0.2701682322139607,0.4259554938970107
0.1595,0.3448594562177392,0.5213252395435176
0.16,0.3555296310754218,0.6166949851900245
0.1605,0.3448594562177392,0.701468092431364
0.161,0.3235191065023739,0.775644561267536
0.1615,0.3128489316446912,0.8180311148882058
0.162,0.3021787567870086,0.849821030103708
0.1625,0.291508581929326,0.8180311148882058
0.163,-0.07127736323188383,0.3729723018711736
0.1635,-0.8502001278427167,-0.474758770542221
0.164,-1.383708870726849,-1.227120097309109
0.1645,-1.479740444445993,-1.566212526274467
0.165,-0.8822106524157645,-1.269506650929778
0.1655,-0.1886492866663929,-0.7290780922662394
0.166,0.291508581929326,-0.2098428104130352
0.1665,0.5262524287983441,0.1504428953626575
0.167,0.6009436528021226,0.3199891098453364
0.1675,0.5902734779444399,0.3199891098453364
0.168,0.5155822539406614,0.2034260873884947
0.1685,0.4835717293676135,-0.09327978795619347
0.169,0.4408910299368829,-0.326405832869877
0.1695,0.3982103305061524,-0.3793890248957141
0.17,0.3555296310754218,-0.3581957480853793
0.1705,0.3341892813600565,-0.326405832869877
0.171,0.2808384070716433,-0.2416327256285375
0.1715,-0.1459685872356623,0.2987958330350016
0.172,-0.9248913518464952,0.6484849004055269
0.1725,-1.458400094730627,-0.008506680714854012
0.173,-1.83185621474952,-0.5171453241628908
0.1735,-1.607782542738184,-0.326405832869877
0.174,-0.9675720512772257,-0.09327978795619347
0.1745,-0.3700422592469978,0.1186529801471552
0.175,0.05676473506030786,0.2776025562246667
0.1755,0.2808384070716433,0.4047622170866759
0.176,0.3768699807907871,0.5001319627331828
0.1765,0.3875401556484697,0.5849050699745222
0.177,0.3768699807907871,0.6590815388106942
0.1775,0.3448594562177392,0.7120647308365314
0.178,0.3235191065023739,0.7438546460520338
0.1785,0.3021787567870086,0.7650479228623686
0.179,0.3021787567870086,0.7650479228623686
0.1795,0.142126133921769,0.5637117931641874
0.18,-0.5834457564006506,-0.1992461720078678
0.1805,-1.212986073003927,-1.004590690800593
0.181,-1.447729919872945,-1.576809164679634
0.1815,-1.330357996438436,-1.809935209593318
0.182,-0.690147504977477,-1.396666311791788
0.1825,-0.06060718837420119,-0.7608680074817418
0.183,0.3555296310754218,-0.2946159176543747
0.1835,0.5369226036560266,0.02328323450064829
0.184,0.5582629533713921,0.2034260873884947
0.1845,0.5049120790829789,0.2352160026039969
0.185,0.5155822539406614,0.1822328105781598
0.1855,0.6649647019482183,0.01268659609548085
0.186,0.6436243522328531,-0.09327978795619347
0.1865,0.5475927785137094,-0.1568596183871981
0.187,0.4408910299368829,-0.1992461720078678
0.1875,0.3768699807907871,-0.2310360872233701
0.188,0.5902734779444399,-0.01910331912002144
0.1885,0.8676980242441885,0.4895353243280153
0.189,0.3128489316446912,0.1080563417419877
0.1895,-0.4874141826815069,-0.6972881770507372
0.19,-0.9782422261349084,-0.7820612842920766
0.1905,-0.807519428411986,-0.4853554089473885
0.191,-0.4127229586777283,-0.1462629799820306
0.1915,-0.06060718837420119,0.13984625695749
0.192,0.1741366584948169,0.3411823866556712
0.1925,0.3021787567870086,0.4789386859228479
0.193,0.3555296310754218,0.5637117931641874
0.1935,0.3555296310754218,0.627291623595192
0.194,0.3448594562177392,0.6696781772158616
0.1945,0.3235191065023739,0.6908714540261965
0.195,0.3128489316446912,0.7120647308365314
0.1955,0.3021787567870086,0.7120647308365314
0.196,0.2701682322139607,0.6060983467848571
0.1965,-0.1993194615240755,0.01268659609548085
0.197,-0.9355615267041777,-0.8350444763179138
0.1975,-1.405049220442214,-1.523825972653797
0.198,-1.351698346153801,-1.788741932782983
0.1985,-0.7648387289812555,-1.439052865412457
0.199,-0.1352984123779797,-0.8986243067489184
0.1995,0.291508581929326,-0.3475991096802118
0.2,0.4942419042252961,0.04447651131098315
0.2005,0.5689331282290746,0.2034260873884947
0.201,0.5475927785137094,0.2458126410091644
0.2015,0.4942419042252961,0.1928294489833272
0.202,0.6969752265212663,-0.1356663415768632
0.2025,0.7609962756673623,-0.3052125560595421
0.203,0.6649647019482183,-0.252229364033705
0.2035,0.5369226036560266,-0.1780528951975329
0.204,0.4302208550792003,-0.1144730647665284
0.2045,0.3768699807907871,-0.008506680714854012
0.205,0.7289857510943143,0.5107286011383502
0.2055,0.4515612047945656,0.8180311148882058
0.206,-0.1032878878049318,0.1080563417419877
0.2065,-0.6474668055467465,-0.474758770542221
0.207,-0.6688071552621118,-0.4429688553267188
0.2075,-0.391382608962363,-0.2416327256285375
0.208,-0.08194753808956648,-0.01910331912002144
0.2085,0.142126133921769,0.1610395337678249
0.209,0.2701682322139607,0.309392471440169
0.2095,0.3341892813600565,0.4153588554918433
0.21,0.3448594562177392,0.4895353243280153
0.2105,0.3341892813600565,0.55311515475902
0.211,0.3235191065023739,0.5955017083796896
0.2115,0.3021787567870086,0.6166949851900245
0.212,0.3021787567870086,0.627291623595192
0.2125,0.291508581929326,0.5955017083796896
0.213,0.09944543449103843,0.13984625695749
0.2135,-0.2420001609548061,-0.6443049850249
0.214,-0.6367966306890638,-1.269506650929778
0.2145,-0.8181896032696687,-1.640388995110639
0.215,-0.6154562809736985,-1.576809164679634
0.2155,-0.156638762093345,-1.05757388282643
0.216,0.2168173579255475,-0.4323722169215513
0.2165,0.4302208550792003,0.04447651131098315
0.217,0.5049120790829789,0.309392471440169
0.2175,0.4942419042252961,0.4153588554918433
0.218,0.4622313796522482,0.383568940276341
0.2185,0.4729015545099309,0.2776025562246667
0.219,0.4942419042252961,0.1186529801471552
0.2195,0.4515612047945656,0.002089957690313421
0.22,0.3982103305061524,-0.08268314955102604
0.2205,0.3555296310754218,-0.1356663415768632
0.221,0.3341892813600565,-0.1250697031716958
0.2215,0.2381577076409128,0.309392471440169
0.222,-0.2313299860971235,0.6484849004055269
0.2225,-0.9142211769888124,-0.008506680714854012
0.223,-1.437059745015262,-0.3899856633008816
0.2235,-1.383708870726849,-0.1568596183871981
0.224,-0.8715404775580819,0.02328323450064829
0.2245,-0.3380317346739499,0.1292496185523226
0.225,0.03542438534494258,0.2140227257936621
0.2255,0.2594980573562781,0.2987958330350016
0.226,0.3555296310754218,0.383568940276341
0.2265,0.3768699807907871,0.4683420475176805
0.227,0.3555296310754218,0.5425185163538525
0.2275,0.3341892813600565,0.6166949851900245
0.228,0.3128489316446912,0.6802748156210291
0.2285,0.3021787567870086,0.7226613692416989
0.229,0.291508581929326,0.7332580076468663
0.2295,0.1527963087794516,0.5107286011383502
0.23,-0.4660738329661415,-0.2416327256285375
0.2305,-0.9782422261349084,-0.9622041371799229
0.231,-1.298347471865388,-1.47084278062796
0.2315,-1.405049220442214,-1.767548655972648
0.232,-0.839529952985034,-1.47084278062796
0.2325,-0.1993194615240755,-0.792657922697244
0.233,0.2381577076409128,-0.2098428104130352
0.2335,0.4622313796522482,0.1292496185523226
0.234,0.5369226036560266,0.2987958330350016
0.2345,0.5262524287983441,0.3305857482505039
0.235,0.5475927785137094,0.2352160026039969
0.2355,0.7823366253827275,-0.06148987274069118
0.236,0.7823366253827275,-0.1780528951975329
0.2365,0.6542945270905358,-0.1568596183871981
0.237,0.5155822539406614,-0.1250697031716958
0.2375,0.408880505363835,-0.1144730647665284
0.238,0.4729015545099309,0.1504428953626575
0.2385,0.5262524287983441,0.7120647308365314
0.239,0.05676473506030786,0.383568940276341
0.2395,-0.4980843575391895,-0.5489352393783931
0.24,-0.7648387289812555,-1.01518732920576
0.2405,-0.5621054066852853,-0.8032545611024114
0.241,-0.2313299860971235,-0.3687923864905467
0.2415,0.04609456020262521,0.02328323450064829
0.242,0.2168173579255475,0.2881991946298341
0.2425,0.3128489316446912,0.457745409112513
0.243,0.3341892813600565,0.5425185163538525
0.2435,0.3448594562177392,0.5743084315693548
0.244,0.3235191065023739,0.5743084315693548
0.2445,0.3128489316446912,0.5637117931641874
0.245,0.291508581929326,0.5319218779486851
0.2455,0.291508581929326,0.5001319627331828
0.246,0.2594980573562781,0.4047622170866759
0.2465,-0.2206598112394408,-0.1886495336027004
0.247,-1.020922925565639,-1.046977244421262
0.2475,-1.437059745015262,-1.75695201756748
0.248,-1.212986073003927,-1.926498232050159
0.2485,-0.5407650569699201,-1.38606967338662
0.249,0.04609456020262521,-0.7608680074817418
0.2495,0.3982103305061524,-0.252229364033705
0.25,0.5475927785137094,0.1080563417419877
0.2505,0.5582629533713921,0.2881991946298341
0.251,0.5262524287983441,0.3305857482505039
0.2515,0.4729015545099309,0.3199891098453364
0.252,0.5475927785137094,0.2564092794143318
0.2525,0.5689331282290746,0.2034260873884947
0.253,0.5049120790829789,0.13984625695749
0.2535,0.4302208550792003,0.08686306493165288
0.254,0.3661998059331045,0.04447651131098315
0.2545,0.2381577076409128,0.1504428953626575
0.255,-0.1779791118087102,0.6802748156210291
0.2555,-0.5621054066852853,0.5849050699745222
0.256,-0.9782422261349084,-0.2204394488182027
0.2565,-1.095614149569417,-0.6231117082145651
0.257,-0.754168554123573,-0.5489352393783931
0.2575,-0.3166913849585846,-0.2734226408440398
0.258,0.02475421048725994,0.002089957690313421
0.2585,0.2274875327832301,0.2352160026039969
0.259,0.3235191065023739,0.4047622170866759
0.2595,0.3555296310754218,0.5213252395435176
0.26,0.3555296310754218,0.5955017083796896
0.2605,0.3341892813600565,0.6590815388106942
0.261,0.3128489316446912,0.6908714540261965
0.2615,0.3021787567870086,0.7120647308365314
0.262,0.291508581929326,0.7120647308365314
0.2625,0.291508581929326,0.6802748156210291
0.263,-0.01792648894347063,0.2987958330350016
0.2635,-0.7008176798351597,-0.5171453241628908
0.264,-1.362368521011484,-1.280103289334946
0.2645,-1.597112367880501,-1.809935209593318
0.265,-1.26633694729234,-1.735758740757146
0.2655,-0.572775581542968,-1.142346990067769
0.266,0.02475421048725994,-0.5595318777835605
0.2665,0.3768699807907871,-0.1462629799820306
0.267,0.5155822539406614,0.1080563417419877
0.2675,0.5369226036560266,0.2246193641988295
0.268,0.4942419042252961,0.2352160026039969
0.2685,0.5049120790829789,0.3199891098453364
0.269,0.5475927785137094,0.3941655786815084
0.2695,0.4942419042252961,0.2670059178194992
0.27,0.4302208550792003,0.08686306493165288
0.2705,0.3768699807907871,-0.06148987274069118
0.271,0.3448594562177392,-0.1462629799820306
0.2715,0.6542945270905358,0.1822328105781598
0.272,0.5689331282290746,0.5743084315693548
0.2725,-0.2633405106701714,0.002089957690313421
0.273,-1.020922925565639,-0.3052125560595421
0.2735,-1.341028171296118,0.09745970333682032
0.274,-0.9995825758502737,0.2987958330350016
0.2745,-0.4874141826815069,0.3517790250608387
0.275,-0.08194753808956648,0.3623756634660061
0.2755,0.1848068333524996,0.3941655786815084
0.276,0.3128489316446912,0.4365521323021782
0.2765,0.3661998059331045,0.5107286011383502
0.277,0.3555296310754218,0.5955017083796896
0.2775,0.3448594562177392,0.6696781772158616
0.278,0.3235191065023739,0.7226613692416989
0.2785,0.3021787567870086,0.7650479228623686
0.279,0.291508581929326,0.775644561267536
0.2795,0.1527963087794516,0.6166949851900245
0.28,-0.5514352318276028,-0.1144730647665284
0.2805,-1.212986073003927,-0.9198175835592532
0.281,-1.586442193022819,-1.502632695843462
0.2815,-1.170305373573196,-1.640388995110639
0.282,-0.423393133535411,-1.205926820498774
0.2825,0.142126133921769,-0.5807251545938954
0.283,0.4622313796522482,-0.1356663415768632
0.2835,0.5689331282290746,0.13984625695749
0.284,0.5689331282290746,0.3199891098453364
0.2845,0.5155822539406614,0.3411823866556712
0.285,0.4835717293676135,0.2776025562246667
0.2855,0.5689331282290746,0.2034260873884947
0.286,0.5475927785137094,0.08686306493165288
0.2865,0.4729015545099309,-0.01910331912002144
0.287,0.3982103305061524,-0.1144730647665284
0.2875,0.3448594562177392,-0.1780528951975329
0.288,0.4942419042252961,-0.01910331912002144
0.2885,0.7289857510943143,0.5001319627331828
0.289,0.1527963087794516,0.2034260873884947
0.2895,-0.572775581542968,-0.4217755785163839
0.29,-1.255666772434657,-0.08268314955102604
0.2905,-1.255666772434657,0.2987958330350016
0.291,-0.7968492535543035,0.3517790250608387
0.2915,-0.3060212101009019,0.309392471440169
0.292,0.04609456020262521,0.2670059178194992
0.2925,0.2594980573562781,0.2776025562246667
0.293,0.3448594562177392,0.3199891098453364
0.2935,0.3661998059331045,0.4047622170866759
0.294,0.3555296310754218,0.4895353243280153
0.2945,0.3341892813600565,0.5743084315693548
0.295,0.3128489316446912,0.6484849004055269
0.2955,0.3021787567870086,0.701468092431364
0.296,0.2594980573562781,0.6590815388106942
0.2965,-0.2420001609548061,0.1186529801471552
0.297,-0.9355615267041777,-0.6866915386455698
0.2975,-1.501080794161358,-1.333086481360783
0.298,-1.383708870726849,-1.47084278062796
0.2985,-0.658136980404429,-1.121153713257435
0.299,-0.007256314085787988,-0.5383386009732256
0.2995,0.3875401556484697,-0.06148987274069118
0.3,0.5369226036560266,0.2352160026039969
0.3005,0.5796033030867573,0.3305857482505039
0.301,0.5369226036560266,0.3411823866556712
0.3015,0.4729015545099309,0.3411823866556712
0.302,0.5582629533713921,0.4153588554918433
0.3025,0.5902734779444399,0.4047622170866759
0.303,0.5262524287983441,0.2881991946298341
0.3035,0.4408910299368829,0.13984625695749
0.304,0.3768699807907871,0.01268659609548085
0.3045,0.3982103305061524,-0.01910331912002144
0.305,0.8463576745288233,0.457745409112513
0.3055,0.6009436528021226,0.7120647308365314
0.306,-0.2206598112394408,0.02328323450064829
0.3065,-0.9889124009925911,-0.1462629799820306
0.307,-1.127624674142465,0.1080563417419877
0.3075,-0.7648387289812555,0.1822328105781598
0.308,-0.3166913849585846,0.1716361721729923
0.3085,0.02475421048725994,0.1716361721729923
0.309,0.2381577076409128,0.1928294489833272
0.3095,0.3341892813600565,0.2458126410091644
0.31,0.3555296310754218,0.3305857482505039
0.3105,0.3555296310754218,0.4153588554918433
0.311,0.3341892813600565,0.4895353243280153
0.3115,0.3128489316446912,0.5637117931641874
0.312,0.3021787567870086,0.6166949851900245
0.3125,0.291508581929326,0.6378882620003594
0.313,0.04609456020262521,0.383568940276341
0.3135,-0.5941159312583333,-0.3581957480853793
0.314,-1.052933450138687,-1.046977244421262
0.3145,-1.234326422719292,-1.354279758171118
0.315,-0.8288597781273515,-0.9410108603695881
0.3155,-0.2420001609548061,-0.3793890248957141
0.316,0.2061471830678648,0.06566978812131802
0.3165,0.4195506802215176,0.3411823866556712
0.317,0.4942419042252961,0.4789386859228479
0.3175,0.4942419042252961,0.5425185163538525
0.318,0.4622313796522482,0.5001319627331828
0.3185,0.4622313796522482,0.4895353243280153
0.319,0.4835717293676135,0.4789386859228479
0.3195,0.4515612047945656,0.3199891098453364
0.32,0.3982103305061524,0.1292496185523226
0.3205,0.3555296310754218,-0.02969995752518888
0.321,0.3235191065023739,-0.1144730647665284
0.3215,0.3768699807907871,0.2140227257936621
0.322,0.3555296310754218,0.6908714540261965
0.3225,-0.2420001609548061,0.1928294489833272
0.323,-0.8822106524157645,-0.2416327256285375
0.3235,-1.415719395299897,0.2140227257936621
0.324,-1.223656247861609,0.4365521323021782
0.3245,-0.7008176798351597,0.3941655786815084
0.325,-0.2206598112394408,0.2987958330350016
0.3255,0.1101156093487211,0.2458126410091644
0.326,0.291508581929326,0.2564092794143318
0.3265,0.3555296310754218,0.3199891098453364
0.327,0.3661998059331045,0.4153588554918433
0.3275,0.3448594562177392,0.5213252395435176
0.328,0.3235191065023739,0.6166949851900245
0.3285,0.3128489316446912,0.6908714540261965
0.329,0.291508581929326,0.7332580076468663
0.3295,0.1954770082101822,0.6378882620003594
0.33,-0.4020527838200457,-0.008506680714854012
0.3305,-1.020922925565639,-0.7714646458869092
0.331,-1.330357996438436,-1.322489842955616
0.3315,-1.565101843307454,-1.661582271920973
0.332,-1.095614149569417,-1.449649503817625
0.3325,-0.4127229586777283,-0.8032545611024114
0.333,0.1101156093487211,-0.1568596183871981
0.3335,0.3875401556484697,0.2670059178194992
0.334,0.4835717293676135,0.4789386859228479
0.3345,0.4729015545099309,0.5107286011383502
0.335,0.4729015545099309,0.4047622170866759
0.3355,0.6116138276598051,0.07626642652648545
0.336,0.6009436528021226,-0.1144730647665284
0.3365,0.5262524287983441,-0.1886495336027004
0.337,0.4302208550792003,-0.2310360872233701
0.3375,0.3661998059331045,-0.2628260024388724
0.338,0.5049120790829789,-0.07208651114585861
0.3385,0.8463576745288233,0.5637117931641874
0.339,0.3128489316446912,0.5425185163538525
0.3395,-0.6154562809736985,-0.2628260024388724
0.34,-1.223656247861609,-0.6231117082145651
0.3405,-1.06360362499637,-0.4853554089473885
0.341,-0.6047861061160158,-0.2204394488182027
0.3415,-0.1673089369510276,0.03387987290581572
0.342,0.1314559590640864,0.2246193641988295
0.3425,0.291508581929326,0.3623756634660061
0.343,0.3555296310754218,0.4471487707073456
0.3435,0.3555296310754218,0.5107286011383502
0.344,0.3448594562177392,0.5637117931641874
0.3445,0.3235191065023739,0.5955017083796896
0.345,0.3128489316446912,0.6060983467848571
0.3455,0.3021787567870086,0.6060983467848571
0.346,0.2594980573562781,0.5319218779486851
0.3465,-0.2206598112394408,-0.05089323433552374
0.347,-0.9675720512772257,-0.8986243067489184
0.3475,-1.51175096901904,-1.598002441489969
0.348,-1.383708870726849,-1.84172512480882
0.3485,-0.6688071552621118,-1.502632695843462
0.349,-0.02859666380115328,-0.8880276683437509
0.3495,0.3555296310754218,-0.2946159176543747
0.35,0.5262524287983441,0.1186529801471552
0.3505,0.5689331282290746,0.3305857482505039
0.351,0.5475927785137094,0.4153588554918433
0.3515,0.4835717293676135,0.3729723018711736
0.352,0.6009436528021226,0.1610395337678249
0.3525,0.6863050516635838,-0.02969995752518888
0.353,0.6116138276598051,-0.08268314955102604
0.3535,0.5049120790829789,-0.08268314955102604
0.354,0.408880505363835,-0.08268314955102604
0.3545,0.408880505363835,-0.01910331912002144
0.355,0.8036769750980928,0.5001319627331828
0.3555,0.5155822539406614,0.6696781772158616
0.356,-0.3273615598162672,-0.06148987274069118
0.3565,-1.148965023857831,-0.2204394488182027
0.357,-1.437059745015262,0.2034260873884947
0.3575,-1.052933450138687,0.3199891098453364
0.358,-0.5194247072545548,0.2776025562246667
0.3585,-0.08194753808956648,0.2352160026039969
0.359,0.1848068333524996,0.2246193641988295
0.3595,0.3235191065023739,0.2564092794143318
0.36,0.3661998059331045,0.3199891098453364
0.3605,0.3661998059331045,0.4047622170866759
0.361,0.3448594562177392,0.5001319627331828
0.3615,0.3235191065023739,0.5743084315693548
0.362,0.3021787567870086,0.6378882620003594
0.3625,0.291508581929326,0.6696781772158616
0.363,-0.007256314085787988,0.3517790250608387
0.3635,-0.7861790786966207,-0.4323722169215513
0.364,-1.437059745015262,-1.163540266878104
0.3645,-1.703814116457328,-1.523825972653797
0.365,-1.148965023857831,-1.184733543688439
0.3655,-0.4020527838200457,-0.6125150698093976
0.366,0.142126133921769,-0.09327978795619347
0.3665,0.4408910299368829,0.2140227257936621
0.367,0.5475927785137094,0.3517790250608387
0.3675,0.5582629533713921,0.3941655786815084
0.368,0.5155822539406614,0.3941655786815084
0.3685,0.4942419042252961,0.3729723018711736
0.369,0.5049120790829789,0.3305857482505039
0.3695,0.4622313796522482,0.2352160026039969
0.37,0.3982103305061524,0.1292496185523226
0.3705,0.3555296310754218,0.03387987290581572
0.371,0.3448594562177392,-0.04029659593035631
0.3715,0.6436243522328531,0.1822328105781598
0.372,0.8036769750980928,0.6166949851900245
0.3725,0.05676473506030786,0.1080563417419877
0.373,-0.7008176798351597,-0.4323722169215513
0.3735,-1.084943974711735,-0.1674562567923655
0.374,-0.8502001278427167,0.02328323450064829
0.3745,-0.423393133535411,0.09745970333682032
0.375,-0.06060718837420119,0.13984625695749
0.3755,0.1848068333524996,0.1822328105781598
0.376,0.3128489316446912,0.2352160026039969
0.3765,0.3555296310754218,0.309392471440169
0.377,0.3555296310754218,0.383568940276341
0.3775,0.3341892813600565,0.4683420475176805
0.378,0.3235191065023739,0.5319218779486851
0.3785,0.3021787567870086,0.5849050699745222
0.379,0.291508581929326,0.6166949851900245
0.3795,0.1848068333524996,0.5001319627331828
0.38,-0.3166913849585846,-0.1780528951975329
0.3805,-0.8928808272734472,-0.9728007755850904
0.381,-1.298347471865388,-1.523825972653797
0.3815,-1.031593100423322,-1.34368311976595
0.382,-0.4127229586777283,-0.7820612842920766
0.3825,0.1101156093487211,-0.1780528951975329
0.383,0.408880505363835,0.2034260873884947
0.3835,0.5155822539406614,0.4259554938970107
0.384,0.5155822539406614,0.5213252395435176
0.3845,0.4729015545099309,0.5001319627331828
0.385,0.4408910299368829,0.383568940276341
0.3855,0.4729015545099309,0.2352160026039969
0.386,0.4515612047945656,0.1186529801471552
0.3865,0.408880505363835,0.03387987290581572
0.387,0.3661998059331045,-0.02969995752518888
0.3875,0.3341892813600565,-0.09327978795619347
0.388,0.4302208550792003,0.04447651131098315
0.3885,0.8036769750980928,0.6060983467848571
0.389,0.3021787567870086,0.5637117931641874
0.3895,-0.5300948821122373,-0.1462629799820306
0.39,-1.191645723288561,-0.04029659593035631
0.3905,-1.159635198715513,0.2246193641988295
0.391,-0.722158029550525,0.2670059178194992
0.3915,-0.2633405106701714,0.2564092794143318
0.392,0.0674349099179905,0.2564092794143318
0.3925,0.2594980573562781,0.2987958330350016
0.393,0.3448594562177392,0.3623756634660061
0.3935,0.3661998059331045,0.457745409112513
0.394,0.3448594562177392,0.55311515475902
0.3945,0.3341892813600565,0.6378882620003594
0.395,0.3128489316446912,0.701468092431364
0.3955,0.3021787567870086,0.7438546460520338
0.396,0.2808384070716433,0.7226613692416989
0.3965,-0.1459685872356623,0.2352160026039969
0.397,-0.9248913518464952,-0.5807251545938954
0.3975,-1.51175096901904,-1.290699927740113
0.398,-1.746494815888059,-1.640388995110639
0.3985,-1.244996597576974,-1.322489842955616
0.399,-0.5194247072545548,-0.7290780922662394
0.3995,0.05676473506030786,-0.252229364033705
0.4,0.408880505363835,0.08686306493165288
0.4005,0.5475927785137094,0.3305857482505039
0.401,0.5582629533713921,0.4259554938970107
0.4015,0.5049120790829789,0.383568940276341
0.402,0.5262524287983441,0.09745970333682032
0.4025,0.5369226036560266,-0.1568596183871981
0.403,0.4729015545099309,-0.2416327256285375
0.4035,0.408880505363835,-0.2734226408440398
0.404,0.3555296310754218,-0.2840192792492073
0.4045,0.3555296310754218,-0.2204394488182027
0.405,0.6649647019482183,0.309392471440169
0.4055,0.3982103305061524,0.4895353243280153
0.406,-0.4340633083930936,-0.2098428104130352
0.4065,-1.159635198715513,-0.4641621321370536
0.407,-1.255666772434657,-0.1568596183871981
0.4075,-0.839529952985034,0.04447651131098315
0.408,-0.3593720843893152,0.1610395337678249
0.4085,0.01408403562957729,0.2458126410091644
0.409,0.2381577076409128,0.309392471440169
0.4095,0.3341892813600565,0.3729723018711736
0.41,0.3661998059331045,0.4471487707073456
0.4105,0.3555296310754218,0.5107286011383502
0.411,0.3341892813600565,0.5743084315693548
0.4115,0.3128489316446912,0.627291623595192
0.412,0.3021787567870086,0.6484849004055269
0.4125,0.291508581929326,0.6484849004055269
0.413,0.08877525963335578,0.3623756634660061
0.4135,-0.5941159312583333,-0.4323722169215513
0.414,-1.202315898146244,-1.216523458903942
0.4145,-1.735824641030376,-1.778145294377815
0.415,-1.746494815888059,-1.862918401619155
0.4155,-1.052933450138687,-1.290699927740113
0.416,-0.3273615598162672,-0.6443049850249
0.4165,0.1634664836371343,-0.1144730647665284
0.417,0.4195506802215176,0.2140227257936621
0.4175,0.5049120790829789,0.3729723018711736
0.418,0.4942419042252961,0.3941655786815084
0.4185,0.4835717293676135,0.3517790250608387
0.419,0.5049120790829789,0.3199891098453364
0.4195,0.4729015545099309,0.1822328105781598
0.42,0.4195506802215176,0.02328323450064829
0.4205,0.3875401556484697,-0.1144730647665284
0.421,0.3661998059331045,-0.1886495336027004
0.4215,0.6436243522328531,0.1186529801471552
0.422,0.7716664505250448,0.701468092431364
0.4225,0.04609456020262521,0.3305857482505039
0.423,-0.8502001278427167,-0.3052125560595421
0.4235,-1.30901764672307,-0.1886495336027004
0.424,-1.042263275281004,-0.008506680714854012
0.4245,-0.5514352318276028,0.1186529801471552
0.425,-0.1139580626626144,0.2140227257936621
0.4255,0.1634664836371343,0.309392471440169
0.426,0.3128489316446912,0.3941655786815084
0.4265,0.3661998059331045,0.4895353243280153
0.427,0.3661998059331045,0.5743084315693548
0.4275,0.3448594562177392,0.6484849004055269
0.428,0.3341892813600565,0.701468092431364
0.4285,0.3128489316446912,0.7438546460520338
0.429,0.3021787567870086,0.7438546460520338
0.4295,0.2168173579255475,0.6166949851900245
0.43,-0.4020527838200457,-0.07208651114585861
0.4305,-1.116954499284783,-0.9092209451540858
0.431,-1.607782542738184,-1.523825972653797
0.4315,-1.415719395299897,-1.534422611058964
0.432,-0.7008176798351597,-1.01518732920576
0.4325,-0.07127736323188383,-0.4323722169215513
0.433,0.3128489316446912,0.03387987290581572
0.4335,0.4942419042252961,0.2881991946298341
0.434,0.5475927785137094,0.3199891098453364
0.4345,0.5262524287983441,0.2352160026039969
0.435,0.4835717293676135,0.1186529801471552
0.4355,0.5475927785137094,-0.1144730647665284
0.436,0.5369226036560266,-0.2416327256285375
0.4365,0.4729015545099309,-0.2734226408440398
0.437,0.408880505363835,-0.2628260024388724
0.4375,0.3555296310754218,-0.2628260024388724
0.438,0.4408910299368829,-0.09327978795619347
0.4385,0.8036769750980928,0.4895353243280153
0.439,0.2594980573562781,0.4047622170866759
0.4395,-0.6047861061160158,-0.4429688553267188
0.44,-0.9462317015618604,-0.9833974139902578
0.4405,-0.722158029550525,-0.792657922697244
0.441,-0.3380317346739499,-0.3475991096802118
0.4415,-0.007256314085787988,0.08686306493165288
0.442,0.2061471830678648,0.3941655786815084
0.4425,0.3128489316446912,0.5955017083796896
0.443,0.3555296310754218,0.701468092431364
0.4435,0.3555296310754218,0.7544512844572011
0.444,0.3341892813600565,0.775644561267536
0.4445,0.3235191065023739,0.7650479228623686
0.445,0.3021787567870086,0.7332580076468663
0.4455,0.3021787567870086,0.6802748156210291
0.446,0.2808384070716433,0.5849050699745222
0.4465,-0.124628237520297,0.05507314971615059
0.447,-0.9142211769888124,-0.8456411147230812
0.4475,-1.554431668449771,-1.640388995110639
0.448,-1.586442193022819,-1.862918401619155
0.4485,-0.8822106524157645,-1.492036057438295
0.449,-0.156638762093345,-0.9833974139902578
0.4495,0.3128489316446912,-0.5383386009732256
0.45,0.5155822539406614,-0.2416327256285375
0.4505,0.5689331282290746,-0.07208651114585861
0.451,0.5475927785137094,0.002089957690313421
0.4515,0.4942419042252961,0.02328323450064829
0.452,0.5796033030867573,0.1186529801471552
0.4525,0.6222840025174878,0.1186529801471552
0.453,0.5475927785137094,0.002089957690313421
0.4535,0.4622313796522482,-0.1250697031716958
0.454,0.3982103305061524,-0.2098428104130352
0.4545,0.3661998059331045,-0.2098428104130352
0.455,0.6756348768059011,0.2034260873884947
0.4555,0.5689331282290746,0.5849050699745222
0.456,-0.1779791118087102,-0.02969995752518888
0.4565,-0.9889124009925911,-0.7396747306714069
0.457,-1.202315898146244,-0.6125150698093976
0.4575,-0.8502001278427167,-0.252229364033705
0.458,-0.3807124341046804,0.1186529801471552
0.4585,-0.007256314085787988,0.4153588554918433
0.459,0.2168173579255475,0.6378882620003594
0.4595,0.3341892813600565,0.7862411996727035
0.46,0.3661998059331045,0.8922075837243778
0.4605,0.3555296310754218,0.9663840525605498
0.461,0.3341892813600565,0.9981739677760521
0.4615,0.3235191065023739,1.00877060618122
0.462,0.3021787567870086,0.9875773293708847
0.4625,0.3021787567870086,0.9345941373450475
0.463,0.08877525963335578,0.5849050699745222
0.4635,-0.6154562809736985,-0.2734226408440398
0.464,-1.26633694729234,-1.142346990067769
0.4645,-1.501080794161358,-1.661582271920973
0.465,-1.010252750707956,-1.417859588602123
0.4655,-0.3060212101009019,-0.9304142219644207
0.466,0.2168173579255475,-0.4535654937318862
0.4665,0.4729015545099309,-0.1356663415768632
0.467,0.5582629533713921,-0.008506680714854012
0.4675,0.5369226036560266,0.01268659609548085
0.468,0.4835717293676135,-0.01910331912002144
0.4685,0.4729015545099309,-0.08268314955102604
0.469,0.5262524287983441,-0.1568596183871981
0.4695,0.4942419042252961,-0.2416327256285375
0.47,0.4408910299368829,-0.3052125560595421
0.4705,0.3875401556484697,-0.326405832869877
0.471,0.3555296310754218,-0.3158091944647096
0.4715,0.5689331282290746,0.04447651131098315
0.472,0.6969752265212663,0.6696781772158616
0.4725,0.03542438534494258,0.3305857482505039
0.473,-0.6474668055467465,-0.400582301706049
0.4735,-0.9889124009925911,-0.474758770542221
0.474,-0.7648387289812555,-0.2204394488182027
0.4745,-0.3700422592469978,0.08686306493165288
0.475,-0.02859666380115328,0.3729723018711736
0.4755,0.1954770082101822,0.5849050699745222
0.476,0.3128489316446912,0.7544512844572011
0.4765,0.3555296310754218,0.8710143069140429
0.477,0.3555296310754218,0.9557874141553824
0.4775,0.3341892813600565,0.9981739677760521
0.478,0.3128489316446912,1.019367244586387
0.4785,0.3021787567870086,1.00877060618122
0.479,0.291508581929326,0.9557874141553824
0.4795,0.2274875327832301,0.7862411996727035
0.48,-0.3487019095316325,0.08686306493165288
0.4805,-0.9782422261349084,-0.8032545611024114
0.481,-1.362368521011484,-1.47084278062796
0.4815,-1.138294849000148,-1.545019249464132
0.482,-0.4554036581084589,-1.121153713257435
0.4825,0.1101156093487211,-0.6231117082145651
0.483,0.4302208550792003,-0.3052125560595421
0.4835,0.5475927785137094,-0.1568596183871981
0.484,0.5475927785137094,-0.08268314955102604
0.4845,0.5049120790829789,-0.08268314955102604
0.485,0.4622313796522482,-0.1462629799820306
0.4855,0.5369226036560266,-0.1886495336027004
0.486,0.5262524287983441,-0.2204394488182027
0.4865,0.4729015545099309,-0.2416327256285375
0.487,0.3982103305061524,-0.2628260024388724
0.4875,0.3555296310754218,-0.2628260024388724
0.488,0.4195506802215176,-0.1144730647665284
0.4885,0.7289857510943143,0.4471487707073456
0.489,0.142126133921769,0.3517790250608387
0.4895,-0.7328282044082075,-0.3581957480853793
0.49,-1.330357996438436,-0.2734226408440398
0.4905,-1.223656247861609,0.05507314971615059
0.491,-0.7328282044082075,0.2458126410091644
0.4915,-0.2526703358124887,0.3729723018711736
0.492,0.08877525963335578,0.4683420475176805
0.4925,0.2808384070716433,0.5637117931641874
0.493,0.3555296310754218,0.6590815388106942
0.4935,0.3661998059331045,0.7438546460520338
0.494,0.3555296310754218,0.8180311148882058
0.4945,0.3341892813600565,0.8710143069140429
0.495,0.3128489316446912,0.9028042221295453
0.4955,0.3021787567870086,0.8922075837243778
0.496,0.2808384070716433,0.8392243916985406
0.4965,-0.1032878878049318,0.3411823866556712
0.497,-0.8822106524157645,-0.5383386009732256
0.4975,-1.554431668449771,-1.311893204550448
0.498,-1.693143941599645,-1.587405803084801
0.4985,-1.06360362499637,-1.227120097309109
0.499,-0.3380317346739499,-0.7290780922662394
0.4995,0.1741366584948169,-0.2840192792492073
0.5,0.4408910299368829,0.002089957690313421
0.5004999999999999,0.5155822539406614,0.13984625695749
0.501,0.5155822539406614,0.1504428953626575
0.5014999999999999,0.4729015545099309,0.06566978812131802
0.502,0.5369226036560266,-0.1674562567923655
0.5024999999999999,0.6116138276598051,-0.3687923864905467
0.503,0.5475927785137094,-0.3793890248957141
0.5034999999999999,0.4622313796522482,-0.3370024712750445
0.504,0.3875401556484697,-0.2840192792492073
0.5044999999999999,0.3768699807907871,-0.2204394488182027
0.505,0.7716664505250448,0.2140227257936621
0.5054999999999999,0.6542945270905358,0.5425185163538525
0.506,-0.1779791118087102,-0.08268314955102604
0.5065,-0.9889124009925911,-0.2840192792492073
0.507,-1.319687821580753,0.13984625695749
0.5075,-0.9889124009925911,0.309392471440169
0.508,-0.4874141826815069,0.3199891098453364
0.5085,-0.07127736323188383,0.2987958330350016
0.509,0.1848068333524996,0.3199891098453364
0.5095,0.3235191065023739,0.3623756634660061
0.51,0.3661998059331045,0.4471487707073456
0.5105,0.3661998059331045,0.5425185163538525
0.511,0.3448594562177392,0.627291623595192
0.5115,0.3235191065023739,0.701468092431364
0.512,0.3128489316446912,0.7544512844572011
0.5125,0.3021787567870086,0.775644561267536
0.513,0.09944543449103843,0.5425185163538525
0.5135,-0.658136980404429,-0.2098428104130352
0.514,-1.362368521011484,-0.9939940523954253
0.5145,-1.629122892453549,-1.481439419033127
0.515,-1.148965023857831,-1.322489842955616
0.5155,-0.4020527838200457,-0.7820612842920766
0.516,0.142126133921769,-0.2204394488182027
0.5165,0.4515612047945656,0.13984625695749
0.517,0.5475927785137094,0.3305857482505039
0.5175,0.5369226036560266,0.4047622170866759
0.518,0.4835717293676135,0.3941655786815084
0.5185,0.4622313796522482,0.3411823866556712
0.519,0.5262524287983441,0.3199891098453364
0.5195,0.5155822539406614,0.1716361721729923
0.52,0.4515612047945656,-0.01910331912002144
0.5205,0.3982103305061524,-0.1886495336027004
0.521,0.3555296310754218,-0.3052125560595421
0.5215,0.4942419042252961,-0.1462629799820306
0.522,0.707645401378949,0.3517790250608387
0.5225,0.03542438534494258,0.002089957690313421
0.523,-0.7434983792658902,-0.5065486857577234
0.5235,-1.351698346153801,-0.05089323433552374
0.524,-1.234326422719292,0.309392471440169
0.5245,-0.7328282044082075,0.3623756634660061
0.525,-0.2526703358124887,0.3199891098453364
0.5255,0.08877525963335578,0.2881991946298341
0.526,0.2808384070716433,0.309392471440169
0.5265,0.3555296310754218,0.3729723018711736
0.527,0.3661998059331045,0.457745409112513
0.5275,0.3555296310754218,0.55311515475902
0.528,0.3341892813600565,0.6378882620003594
0.5285,0.3128489316446912,0.701468092431364
0.529,0.3021787567870086,0.7438546460520338
0.5295,0.2381577076409128,0.6696781772158616
0.53,-0.1886492866663929,0.05507314971615059
0.5305,-0.8715404775580819,-0.7608680074817418
0.531,-1.479740444445993,-1.38606967338662
0.5315,-1.394379045584531,-1.396666311791788
0.532,-0.754168554123573,-0.9092209451540858
0.5325,-0.1139580626626144,-0.326405832869877
0.533,0.291508581929326,0.09745970333682032
0.5335,0.4942419042252961,0.2881991946298341
0.534,0.5262524287983441,0.3729723018711736
0.5345,0.5049120790829789,0.3517790250608387
0.535,0.4622313796522482,0.2881991946298341
0.5355,0.4729015545099309,0.3729723018711736
0.536,0.4622313796522482,0.3623756634660061
0.5365,0.408880505363835,0.1928294489833272
0.537,0.3768699807907871,0.002089957690313421
0.5375,0.3448594562177392,-0.1462629799820306
0.538,0.4195506802215176,-0.1144730647665284
0.5385,0.79300680024041,0.4259554938970107
0.539,0.4408910299368829,0.4365521323021782
0.5395,-0.3380317346739499,-0.2628260024388724
0.54,-1.1062843244271,-0.1674562567923655
0.5405,-1.26633694729234,0.2352160026039969
0.541,-0.8608703027003992,0.3305857482505039
0.5415,-0.3700422592469978,0.2987958330350016
0.542,0.00341386077189465,0.2564092794143318
0.5425,0.2274875327832301,0.2670059178194992
0.543,0.3341892813600565,0.309392471440169
0.5435,0.3661998059331045,0.3941655786815084
0.544,0.3555296310754218,0.4895353243280153
0.5445,0.3448594562177392,0.5849050699745222
0.545,0.3235191065023739,0.6590815388106942
0.5455,0.3021787567870086,0.7120647308365314
0.546,0.291508581929326,0.7226613692416989
0.5465,0.02475421048725994,0.4259554938970107
0.547,-0.6688071552621118,-0.3475991096802118
0.5475,-1.223656247861609,-1.068170521231597
0.548,-1.682473766741963,-1.576809164679634
0.5485,-1.522421143876723,-1.682775548731308
0.549,-0.7968492535543035,-1.184733543688439
0.5495,-0.1352984123779797,-0.5065486857577234
0.55,0.2808384070716433,-0.01910331912002144
0.5505,0.4835717293676135,0.2564092794143318
0.551,0.5475927785137094,0.3623756634660061
0.5515,0.5262524287983441,0.3623756634660061
0.552,0.5582629533713921,0.2564092794143318
0.5525,0.5902734779444399,0.07626642652648545
0.553,0.5262524287983441,-0.06148987274069118
0.5535,0.4408910299368829,-0.1674562567923655
0.554,0.3768699807907871,-0.252229364033705
0.5545,0.3661998059331045,-0.2734226408440398
0.555,0.6756348768059011,0.1716361721729923
0.5555,0.5369226036560266,0.6060983467848571
0.556,-0.2953510352432193,0.04447651131098315
0.5565,-1.06360362499637,-0.326405832869877
0.5570000000000001,-1.234326422719292,-0.1038764263613609
0.5575,-0.8502001278427167,0.02328323450064829
0.5580000000000001,-0.3700422592469978,0.09745970333682032
0.5585,0.00341386077189465,0.1610395337678249
0.5590000000000001,0.2274875327832301,0.2352160026039969
0.5595,0.3341892813600565,0.3199891098453364
0.5600000000000001,0.3661998059331045,0.4153588554918433
0.5605,0.3555296310754218,0.5001319627331828
0.5610000000000001,0.3448594562177392,0.5955017083796896
0.5615,0.3235191065023739,0.6590815388106942
0.5620000000000001,0.3021787567870086,0.701468092431364
0.5625,0.3021787567870086,0.7226613692416989
0.5629999999999999,0.1527963087794516,0.5425185163538525
0.5635,-0.5194247072545548,-0.1886495336027004
0.5639999999999999,-1.212986073003927,-0.9939940523954253
0.5645,-1.682473766741963,-1.534422611058964
0.5649999999999999,-1.458400094730627,-1.396666311791788
0.5655,-0.7648387289812555,-0.7714646458869092
0.5659999999999999,-0.1032878878049318,-0.2628260024388724
0.5665,0.3128489316446912,0.1186529801471552
0.5669999999999999,0.5155822539406614,0.3517790250608387
0.5675,0.5582629533713921,0.4365521323021782
0.5679999999999999,0.5155822539406614,0.3941655786815084
0.5685,0.4942419042252961,0.2458126410091644
0.569,0.5689331282290746,0.06566978812131802
0.5695,0.5369226036560266,-0.06148987274069118
0.57,0.4729015545099309,-0.1462629799820306
0.5705,0.3982103305061524,-0.1992461720078678
0.571,0.3555296310754218,-0.2416327256285375
0.5715,0.5262524287983441,-0.008506680714854012
0.572,0.7289857510943143,0.5213252395435176
0.5725,0.03542438534494258,0.1610395337678249
0.573,-0.8181896032696687,-0.4853554089473885
0.5735,-1.373038695869166,-0.3052125560595421
0.574,-1.159635198715513,-0.01910331912002144
0.5745,-0.658136980404429,0.13984625695749
0.575,-0.1886492866663929,0.2352160026039969
0.5755,0.1314559590640864,0.2987958330350016
0.576,0.3021787567870086,0.3623756634660061
0.5765,0.3661998059331045,0.4365521323021782
0.577,0.3768699807907871,0.5001319627331828
0.5775,0.3555296310754218,0.5637117931641874
0.578,0.3341892813600565,0.6166949851900245
0.5785,0.3128489316446912,0.6484849004055269
0.579,0.3021787567870086,0.6590815388106942
0.5795,0.2594980573562781,0.5849050699745222
0.58,-0.2420001609548061,-0.008506680714854012
0.5805,-0.9889124009925911,-0.8350444763179138
0.581,-1.458400094730627,-1.502632695843462
0.5815,-1.46907026958831,-1.693372187136476
0.582,-0.8822106524157645,-1.322489842955616
0.5825,-0.2420001609548061,-0.7608680074817418
0.583,0.2274875327832301,-0.2416327256285375
0.5835,0.4622313796522482,0.1080563417419877
0.584,0.5369226036560266,0.2881991946298341
0.5845,0.5155822539406614,0.3411823866556712
0.585,0.4729015545099309,0.2987958330350016
0.5855,0.5689331282290746,0.08686306493165288
0.586,0.5796033030867573,-0.07208651114585861
0.5865,0.5155822539406614,-0.1356663415768632
0.587,0.4408910299368829,-0.1674562567923655
0.5875,0.3768699807907871,-0.1886495336027004
0.588,0.4195506802215176,-0.1250697031716958
0.5885,0.8036769750980928,0.4047622170866759
0.589,0.3875401556484697,0.6696781772158616
0.5895,-0.572775581542968,-0.07208651114585861
0.59,-1.26633694729234,-0.8032545611024114
0.5905,-1.170305373573196,-0.7820612842920766
0.591,-0.7008176798351597,-0.4323722169215513
0.5915,-0.2313299860971235,-0.04029659593035631
0.592,0.09944543449103843,0.2670059178194992
0.5925,0.2808384070716433,0.4683420475176805
0.593,0.3555296310754218,0.5849050699745222
0.5935,0.3768699807907871,0.6378882620003594
0.594,0.3555296310754218,0.6696781772158616
0.5945,0.3341892813600565,0.6696781772158616
0.595,0.3128489316446912,0.6484849004055269
0.5955,0.3021787567870086,0.6166949851900245
0.596,0.291508581929326,0.5637117931641874
0.5965,-0.02859666380115328,0.13984625695749
0.597,-0.8181896032696687,-0.7290780922662394
0.5975,-1.479740444445993,-1.545019249464132
0.598,-1.917217613610981,-2.17022091536901
0.5985,-1.725154466172693,-2.106641084938006
0.599,-0.9248913518464952,-1.417859588602123
0.5995,-0.1886492866663929,-0.7714646458869092
0.6,0.2808384070716433,-0.2840192792492073
0.6005,0.5049120790829789,0.04447651131098315
0.601,0.5582629533713921,0.2140227257936621
0.6015,0.5155822539406614,0.2458126410091644
0.602,0.5582629533713921,0.09745970333682032
0.6025,0.6329541773751706,-0.1250697031716958
0.603,0.5796033030867573,-0.1462629799820306
0.6035,0.4942419042252961,-0.1144730647665284
0.604,0.4195506802215176,-0.1038764263613609
0.6045,0.3875401556484697,-0.09327978795619347
0.605,0.6649647019482183,0.2352160026039969
0.6055,0.5582629533713921,0.5743084315693548
0.606,-0.2633405106701714,-0.05089323433552374
0.6065,-1.06360362499637,-0.4535654937318862
0.607,-1.287677297007705,-0.1674562567923655
0.6075,-0.9035510021311299,0.02328323450064829
0.608,-0.4127229586777283,0.1292496185523226
0.6085,-0.01792648894347063,0.2034260873884947
0.609,0.2168173579255475,0.2670059178194992
0.6095,0.3341892813600565,0.3517790250608387
0.61,0.3768699807907871,0.4259554938970107
0.6105,0.3661998059331045,0.5107286011383502
0.611,0.3448594562177392,0.5849050699745222
0.6115,0.3341892813600565,0.6484849004055269
0.612,0.3128489316446912,0.6908714540261965
0.6125,0.3021787567870086,0.7120647308365314
0.613,0.1848068333524996,0.5213252395435176
0.6135,-0.4660738329661415,-0.1992461720078678
0.614,-1.084943974711735,-1.004590690800593
0.6145,-1.426389570157579,-1.545019249464132
0.615,-1.223656247861609,-1.417859588602123
0.6155,-0.5834457564006506,-0.9304142219644207
0.616,-0.007256314085787988,-0.3581957480853793
0.6165,0.3341892813600565,0.06566978812131802
0.617,0.4942419042252961,0.2776025562246667
0.6175,0.5155822539406614,0.3623756634660061
0.618,0.4835717293676135,0.3517790250608387
0.6185,0.4835717293676135,0.3199891098453364
0.619,0.6436243522328531,0.3199891098453364
0.6195000000000001,0.6436243522328531,0.1822328105781598
0.62,0.5475927785137094,-0.008506680714854012
0.6205000000000001,0.4515612047945656,-0.1674562567923655
0.621,0.3875401556484697,-0.2734226408440398
0.6215000000000001,0.5369226036560266,-0.09327978795619347
0.622,0.8143471499557753,0.457745409112513
0.6225000000000001,0.1848068333524996,0.1928294489833272
0.623,-0.6688071552621118,-0.5489352393783931
0.6235000000000001,-1.234326422719292,-0.5913217929990628
0.624,-1.06360362499637,-0.2840192792492073
0.6245000000000001,-0.5941159312583333,0.002089957690313421
0.625,-0.156638762093345,0.2246193641988295
0.6254999999999999,0.1314559590640864,0.383568940276341
0.626,0.3021787567870086,0.5107286011383502
0.6264999999999999,0.3661998059331045,0.5955017083796896
0.627,0.3661998059331045,0.6696781772158616
0.6274999999999999,0.3555296310754218,0.7226613692416989
0.628,0.3341892813600565,0.7650479228623686
0.6284999999999999,0.3128489316446912,0.775644561267536
0.629,0.3021787567870086,0.7544512844572011
0.6294999999999999,0.2488278824985954,0.6590815388106942
0.63,-0.06060718837420119,0.03387987290581572
0.6304999999999999,-0.4447334832507763,-0.8456411147230812
0.631,-1.06360362499637,-1.555615887869299
0.6315,-1.426389570157579,-1.852321763213987
0.632,-1.074273799854052,-1.51322933424863
0.6325,-0.4554036581084589,-0.8562377531282487
0.633,0.05676473506030786,-0.326405832869877
0.6335,0.3555296310754218,0.002089957690313421
0.634,0.4942419042252961,0.1504428953626575
0.6345,0.5049120790829789,0.1610395337678249
0.635,0.4835717293676135,0.1080563417419877
0.6355,0.5369226036560266,0.03387987290581572
0.636,0.5475927785137094,-0.02969995752518888
0.6365,0.4835717293676135,-0.1038764263613609
0.637,0.4195506802215176,-0.1780528951975329
0.6375,0.3661998059331045,-0.2204394488182027
0.638,0.3982103305061524,-0.1462629799820306
0.6385,0.7823366253827275,0.4047622170866759
0.639,0.4942419042252961,0.5955017083796896
0.6395,-0.2526703358124887,-0.1250697031716958
0.64,-0.9462317015618604,-0.2310360872233701
0.6405,-1.180975548430879,0.1610395337678249
0.641,-0.8502001278427167,0.2881991946298341
0.6415,-0.3807124341046804,0.2987958330350016
0.642,-0.007256314085787988,0.309392471440169
0.6425,0.2168173579255475,0.3411823866556712
0.643,0.3341892813600565,0.4153588554918433
0.6435,0.3661998059331045,0.5107286011383502
0.644,0.3661998059331045,0.6060983467848571
0.6445,0.3448594562177392,0.6908714540261965
0.645,0.3128489316446912,0.7544512844572011
0.6455,0.3021787567870086,0.7968378380778709
0.646,0.291508581929326,0.8074344764830383
0.6465,0.05676473506030786,0.4789386859228479
0.647,-0.6367966306890638,-0.326405832869877
0.6475,-1.319687821580753,-1.089363798041932
0.648,-1.586442193022819,-1.439052865412457
0.6485,-1.010252750707956,-1.089363798041932
0.649,-0.3166913849585846,-0.5383386009732256
0.6495,0.1954770082101822,-0.09327978795619347
0.65,0.4622313796522482,0.1716361721729923
0.6505,0.5369226036560266,0.2987958330350016
0.651,0.5369226036560266,0.2881991946298341
0.6515,0.4942419042252961,0.2034260873884947
0.652,0.5155822539406614,-0.008506680714854012
0.6525,0.5902734779444399,-0.2628260024388724
0.653,0.5475927785137094,-0.326405832869877
0.6535,0.4729015545099309,-0.3052125560595421
0.654,0.3982103305061524,-0.2734226408440398
0.6545,0.3555296310754218,-0.2310360872233701
0.655,0.6222840025174878,0.1292496185523226
0.6555,0.5796033030867573,0.5001319627331828
0.656,-0.1886492866663929,-0.09327978795619347
0.6565,-1.06360362499637,-0.8986243067489184
0.657,-1.383708870726849,-1.004590690800593
0.6575,-1.010252750707956,-0.6231117082145651
0.658,-0.4980843575391895,-0.1780528951975329
0.6585,-0.07127736323188383,0.1716361721729923
0.659,0.1954770082101822,0.4153588554918433
0.6595,0.3341892813600565,0.55311515475902
0.66,0.3768699807907871,0.6378882620003594
0.6605,0.3661998059331045,0.6696781772158616
0.661,0.3448594562177392,0.6802748156210291
0.6615,0.3235191065023739,0.6696781772158616
0.662,0.3128489316446912,0.6484849004055269
0.6625,0.3021787567870086,0.6060983467848571
0.663,0.1848068333524996,0.4153588554918433
0.6635,-0.4874141826815069,-0.3370024712750445
0.664,-1.170305373573196,-1.195330182093607
0.6645,-1.490410619303675,-1.788741932782983
0.665,-1.127624674142465,-1.598002441489969
0.6655,-0.423393133535411,-1.068170521231597
0.666,0.142126133921769,-0.5065486857577234
0.6665,0.4729015545099309,-0.1674562567923655
0.667,0.6009436528021226,0.01268659609548085
0.6675,0.6009436528021226,0.09745970333682032
0.668,0.5475927785137094,0.09745970333682032
0.6685,0.5049120790829789,0.01268659609548085
0.669,0.6009436528021226,-0.2098428104130352
0.6695,0.5689331282290746,-0.2840192792492073
0.67,0.4942419042252961,-0.252229364033705
0.6705,0.4195506802215176,-0.1780528951975329
0.671,0.3661998059331045,-0.1038764263613609
0.6715,0.5155822539406614,0.1610395337678249
0.672,0.857027849386506,0.7544512844572011
0.6725,0.3341892813600565,0.5425185163538525
0.673,-0.3487019095316325,-0.3793890248957141
0.6735,-0.6047861061160158,-0.8774310299385835
0.674,-0.4447334832507763,-0.6760949002404023
0.6745,-0.156638762093345,-0.2416327256285375
0.675,0.07810508477567314,0.1716361721729923
0.6755,0.2381577076409128,0.4789386859228479
0.676,0.3128489316446912,0.6696781772158616
0.6765,0.3448594562177392,0.775644561267536
0.677,0.3448594562177392,0.8286277532933731
0.6775,0.3341892813600565,0.8392243916985406
0.678,0.3128489316446912,0.8286277532933731
0.6785,0.3021787567870086,0.7968378380778709
0.679,0.3021787567870086,0.7332580076468663
0.6795,0.2701682322139607,0.627291623595192
0.68,-0.1886492866663929,0.04447651131098315
0.6805,-0.9142211769888124,-0.8668343915334161
0.681,-1.351698346153801,-1.661582271920973
0.6815,-1.319687821580753,-1.873515040024322
0.6820000000000001,-0.7114878546928423,-1.439052865412457
0.6825,-0.1032878878049318,-0.9198175835592532
0.6830000000000001,0.3021787567870086,-0.474758770542221
0.6835,0.4835717293676135,-0.2098428104130352
0.6840000000000001,0.5262524287983441,-0.08268314955102604
0.6845,0.4942419042252961,-0.04029659593035631
0.6850000000000001,0.4515612047945656,-0.07208651114585861
0.6855,0.5475927785137094,-0.2098428104130352
0.6860000000000001,0.5796033030867573,-0.2946159176543747
0.6865,0.5262524287983441,-0.2840192792492073
0.6870000000000001,0.4408910299368829,-0.2310360872233701
0.6875,0.3768699807907871,-0.1674562567923655
0.6879999999999999,0.3768699807907871,-0.05089323433552374
0.6885,0.707645401378949,0.4683420475176805
0.6889999999999999,0.3448594562177392,0.6484849004055269
0.6895,-0.5087545323968721,-0.1038764263613609
0.6899999999999999,-1.223656247861609,-0.6654982618352349
0.6905,-1.26633694729234,-0.5065486857577234
0.6909999999999999,-0.8181896032696687,-0.1674562567923655
0.6915,-0.3273615598162672,0.1504428953626575
0.6919999999999999,0.03542438534494258,0.4047622170866759
0.6925,0.2488278824985954,0.5743084315693548
0.6929999999999999,0.3448594562177392,0.701468092431364
0.6935,0.3661998059331045,0.775644561267536
0.694,0.3555296310754218,0.8180311148882058
0.6945,0.3341892813600565,0.8392243916985406
0.695,0.3235191065023739,0.849821030103708
0.6955,0.3021787567870086,0.8180311148882058
0.696,0.291508581929326,0.7544512844572011
0.6965,0.02475421048725994,0.3517790250608387
0.697,-0.754168554123573,-0.5171453241628908
0.6975,-1.405049220442214,-1.354279758171118
0.698,-1.597112367880501,-1.809935209593318
0.6985,-1.010252750707956,-1.576809164679634
0.699,-0.2846808603855366,-1.025783967610927
0.6995,0.2381577076409128,-0.5065486857577234
0.7,0.4835717293676135,-0.1250697031716958
0.7005,0.5582629533713921,0.09745970333682032
0.701,0.5475927785137094,0.13984625695749
0.7015,0.4942419042252961,0.09745970333682032
0.702,0.4835717293676135,0.08686306493165288
0.7025,0.5475927785137094,0.09745970333682032
0.703,0.5049120790829789,-0.01910331912002144
0.7035,0.4408910299368829,-0.1674562567923655
0.704,0.3768699807907871,-0.2734226408440398
0.7045,0.3555296310754218,-0.3052125560595421
0.705,0.6222840025174878,0.06566978812131802
0.7055,0.7503261008096795,0.5849050699745222
0.706,0.1207857842064037,0.1186529801471552
0.7065,-0.6474668055467465,-0.4323722169215513
0.707,-1.212986073003927,-0.06148987274069118
0.7075,-1.052933450138687,0.2564092794143318
0.708,-0.6047861061160158,0.383568940276341
0.7085,-0.1673089369510276,0.457745409112513
0.709,0.1314559590640864,0.5319218779486851
0.7095,0.291508581929326,0.627291623595192
0.71,0.3555296310754218,0.7226613692416989
0.7105,0.3661998059331045,0.8286277532933731
0.711,0.3555296310754218,0.92399749893988
0.7115,0.3341892813600565,0.9875773293708847
0.712,0.3128489316446912,1.029963882991555
0.7125,0.3021787567870086,1.029963882991555
0.713,0.2381577076409128,0.92399749893988
0.7135,-0.3273615598162672,0.2776025562246667
0.714,-1.010252750707956,-0.5913217929990628
0.7145,-1.479740444445993,-1.301296566145281
0.715,-1.479740444445993,-1.545019249464132
0.7155,-0.8502001278427167,-1.163540266878104
0.716,-0.1993194615240755,-0.6019184314042303
0.7165,0.2274875327832301,-0.1356663415768632
0.717,0.4195506802215176,0.13984625695749
0.7175,0.4942419042252961,0.2246193641988295
0.718,0.4835717293676135,0.1610395337678249
0.7185,0.4729015545099309,0.01268659609548085
0.719,0.5582629533713921,-0.2628260024388724
0.7195,0.5475927785137094,-0.400582301706049
0.72,0.4835717293676135,-0.4323722169215513
0.7205,0.408880505363835,-0.4217755785163839
0.721,0.3555296310754218,-0.4111789401112165
0.7215,0.3982103305061524,-0.1568596183871981
0.722,0.6222840025174878,0.457745409112513
0.7225,0.0674349099179905,0.2776025562246667
0.723,-0.6261264558313813,-0.5383386009732256
0.7235,-1.127624674142465,-0.8456411147230812
0.724,-0.9889124009925911,-0.5489352393783931
0.7245,-0.5514352318276028,-0.1780528951975329
0.725,-0.1459685872356623,0.13984625695749
0.7255,0.142126133921769,0.383568940276341
0.726,0.291508581929326,0.5425185163538525
0.7265,0.3555296310754218,0.6484849004055269
0.727,0.3661998059331045,0.7226613692416989
0.7275,0.3448594562177392,0.7650479228623686
0.728,0.3235191065023739,0.7968378380778709
0.7285,0.3128489316446912,0.7968378380778709
0.729,0.3021787567870086,0.7650479228623686
0.7295,0.2808384070716433,0.6802748156210291
0.73,-0.1352984123779797,0.1292496185523226
0.7305,-0.8928808272734472,-0.7608680074817418
0.731,-1.458400094730627,-1.523825972653797
0.7315,-1.479740444445993,-1.873515040024322
0.732,-0.807519428411986,-1.598002441489969
0.7325,-0.1352984123779797,-0.9410108603695881
0.733,0.2808384070716433,-0.3370024712750445
0.7335,0.4729015545099309,0.06566978812131802
0.734,0.5369226036560266,0.2881991946298341
0.7345,0.5262524287983441,0.2881991946298341
0.735,0.4835717293676135,0.1928294489833272
0.7355,0.4195506802215176,-0.008506680714854012
0.736,0.3768699807907871,-0.1674562567923655
0.7365,0.3555296310754218,-0.2204394488182027
0.737,0.3341892813600565,-0.2416327256285375
0.7375,0.3235191065023739,-0.2416327256285375
0.738,0.3661998059331045,-0.1780528951975329
0.7385,0.7183155762366316,0.3517790250608387
0.739,0.4195506802215176,0.701468092431364
0.7395,-0.4020527838200457,0.05507314971615059
0.74,-1.127624674142465,-0.1780528951975329
0.7405,-1.298347471865388,0.13984625695749
0.741,-0.8928808272734472,0.2881991946298341
0.7415,-0.391382608962363,0.3305857482505039
0.742,-0.007256314085787988,0.3729723018711736
0.7425,0.2274875327832301,0.4259554938970107
0.743,0.3341892813600565,0.5001319627331828
0.7435,0.3661998059331045,0.5849050699745222
0.744,0.3661998059331045,0.6696781772158616
0.7445000000000001,0.3448594562177392,0.7438546460520338
0.745,0.3235191065023739,0.7968378380778709
0.7455000000000001,0.3128489316446912,0.8180311148882058
0.746,0.3021787567870086,0.8180311148882058
0.7465000000000001,0.1101156093487211,0.5213252395435176
0.747,-0.572775581542968,-0.2628260024388724
0.7475000000000001,-1.084943974711735,-1.01518732920576
0.748,-1.362368521011484,-1.47084278062796
0.7485000000000001,-0.9142211769888124,-1.258910012524611
0.749,-0.2953510352432193,-0.8032545611024114
0.7495000000000001,0.1741366584948169,-0.3475991096802118
0.75,0.4302208550792003,-0.04029659593035631
0.7504999999999999,0.5262524287983441,0.1292496185523226
0.751,0.5369226036560266,0.1822328105781598
0.7514999999999999,0.4942419042252961,0.13984625695749
0.752,0.4942419042252961,0.1292496185523226
0.7524999999999999,0.5155822539406614,0.1610395337678249
0.753,0.4729015545099309,0.08686306493165288
0.7534999999999999,0.4195506802215176,-0.01910331912002144
0.754,0.3661998059331045,-0.1038764263613609
0.7544999999999999,0.3448594562177392,-0.1568596183871981
0.755,0.6009436528021226,0.1186529801471552
0.7554999999999999,0.8036769750980928,0.627291623595192
0.756,0.2061471830678648,0.2034260873884947
0.7565,-0.4554036581084589,-0.6866915386455698
0.757,-0.7008176798351597,-0.9939940523954253
0.7575,-0.5087545323968721,-0.6866915386455698
0.758,-0.1886492866663929,-0.2204394488182027
0.7585,0.0674349099179905,0.1928294489833272
0.759,0.2274875327832301,0.4789386859228479
0.7595,0.3128489316446912,0.6484849004055269
0.76,0.3448594562177392,0.7544512844572011
0.7605,0.3448594562177392,0.7968378380778709
0.761,0.3235191065023739,0.8074344764830383
0.7615,0.3128489316446912,0.7968378380778709
0.762,0.3021787567870086,0.7544512844572011
0.7625,0.291508581929326,0.701468092431364
0.763,0.2061471830678648,0.5107286011383502
0.7635,-0.391382608962363,-0.2204394488182027
0.764,-1.052933450138687,-1.121153713257435
0.7645,-1.46907026958831,-1.79933857118815
0.765,-1.180975548430879,-1.682775548731308
0.7655,-0.5087545323968721,-1.142346990067769
0.766,0.0674349099179905,-0.6549016234300674
0.7665,0.4195506802215176,-0.2946159176543747
0.767,0.5582629533713921,-0.08268314955102604
0.7675,0.5689331282290746,0.002089957690313421
0.768,0.5155822539406614,-0.008506680714854012
0.7685,0.4729015545099309,-0.08268314955102604
0.769,0.4942419042252961,-0.1568596183871981
0.7695,0.4835717293676135,-0.1674562567923655
0.77,0.4515612047945656,-0.1462629799820306
0.7705,0.408880505363835,-0.1356663415768632
0.771,0.3661998059331045,-0.09327978795619347
0.7715,0.4729015545099309,0.09745970333682032
0.772,0.8143471499557753,0.6696781772158616
0.7725,0.3021787567870086,0.5425185163538525
0.773,-0.5087545323968721,-0.2734226408440398
0.7735,-1.116954499284783,-0.474758770542221
0.774,-1.042263275281004,-0.2204394488182027
0.7745,-0.6154562809736985,0.07626642652648545
0.775,-0.1993194615240755,0.3199891098453364
0.7755,0.1101156093487211,0.5107286011383502
0.776,0.2701682322139607,0.6590815388106942
0.7765,0.3448594562177392,0.7650479228623686
0.777,0.3661998059331045,0.8392243916985406
0.7775,0.3448594562177392,0.8922075837243778
0.778,0.3235191065023739,0.92399749893988
0.7785,0.3128489316446912,0.92399749893988
0.779,0.3021787567870086,0.8816109453192104
0.7795,0.291508581929326,0.8074344764830383
0.78,-0.07127736323188383,0.3623756634660061
0.7805,-0.8181896032696687,-0.5277419625680583
0.781,-1.458400094730627,-1.354279758171118
0.7815,-1.533091318734406,-1.788741932782983
0.782,-0.8822106524157645,-1.608599079895136
0.7825,-0.1993194615240755,-1.036380606016095
0.783,0.2488278824985954,-0.4429688553267188
0.7835,0.4729015545099309,-0.04029659593035631
0.784,0.5369226036560266,0.13984625695749
0.7845,0.5155822539406614,0.1292496185523226
0.785,0.4622313796522482,0.03387987290581572
0.7855,0.4622313796522482,-0.1674562567923655
0.786,0.4729015545099309,-0.3475991096802118
0.7865,0.4302208550792003,-0.400582301706049
0.787,0.3875401556484697,-0.3899856633008816
0.7875,0.3448594562177392,-0.3581957480853793
0.788,0.3661998059331045,-0.252229364033705
0.7885,0.7503261008096795,0.2987958330350016
0.789,0.5475927785137094,0.7650479228623686
0.7895,-0.3166913849585846,0.1610395337678249
0.79,-1.1062843244271,-0.5277419625680583
0.7905,-1.234326422719292,-0.5383386009732256
0.791,-0.839529952985034,-0.2204394488182027
0.7915,-0.3593720843893152,0.1292496185523226
0.792,0.01408403562957729,0.4153588554918433
0.7925,0.2381577076409128,0.6378882620003594
0.793,0.3341892813600565,0.775644561267536
0.7935,0.3661998059331045,0.8710143069140429
0.794,0.3555296310754218,0.92399749893988
0.7945,0.3341892813600565,0.9451907757502149
0.795,0.3128489316446912,0.9345941373450475
0.7955,0.3021787567870086,0.9028042221295453
0.796,0.291508581929326,0.8286277532933731
0.7965,0.1314559590640864,0.5107286011383502
0.797,-0.423393133535411,-0.3370024712750445
0.7975,-1.074273799854052,-1.227120097309109
0.798,-1.586442193022819,-1.778145294377815
0.7985,-1.234326422719292,-1.545019249464132
0.799,-0.5300948821122373,-1.046977244421262
0.7995,0.04609456020262521,-0.6019184314042303
0.8,0.3875401556484697,-0.2628260024388724
0.8005,0.5369226036560266,-0.04029659593035631
0.801,0.5475927785137094,0.01268659609548085
0.8015,0.5049120790829789,-0.008506680714854012
0.802,0.4729015545099309,-0.07208651114585861
0.8025,0.4835717293676135,-0.1250697031716958
0.803,0.4622313796522482,-0.1568596183871981
0.8035,0.408880505363835,-0.1674562567923655
0.804,0.3768699807907871,-0.1886495336027004
0.8045,0.3448594562177392,-0.1886495336027004
0.805,0.5582629533713921,0.09745970333682032
0.8055,0.6649647019482183,0.5849050699745222
0.806,0.05676473506030786,0.1080563417419877
0.8065,-0.6047861061160158,-0.7502713690765743
0.8070000000000001,-0.7328282044082075,-0.9622041371799229
0.8075,-0.4660738329661415,-0.5913217929990628
0.8080000000000001,-0.156638762093345,-0.1038764263613609
0.8085,0.09944543449103843,0.3199891098453364
0.8090000000000001,0.2488278824985954,0.6166949851900245
0.8095,0.3235191065023739,0.7862411996727035
0.8100000000000001,0.3448594562177392,0.8816109453192104
0.8105,0.3341892813600565,0.9134008605347127
0.8110000000000001,0.3235191065023739,0.9134008605347127
0.8115,0.3128489316446912,0.8922075837243778
0.8120000000000001,0.3021787567870086,0.8392243916985406
0.8125,0.291508581929326,0.7650479228623686
0.8129999999999999,0.2168173579255475,0.5743084315693548
0.8135,-0.3700422592469978,-0.1780528951975329
0.8139999999999999,-1.010252750707956,-1.110557074852267
0.8145,-1.341028171296118,-1.852321763213987
0.8149999999999999,-1.277007122150022,-2.053657892912168
0.8155,-0.722158029550525,-1.47084278062796
0.8159999999999999,-0.124628237520297,-0.8562377531282487
0.8165,0.2594980573562781,-0.4429688553267188
0.8169999999999999,0.4835717293676135,-0.2416327256285375
0.8175,0.5582629533713921,-0.1356663415768632
0.8179999999999999,0.5262524287983441,-0.09327978795619347
0.8185,0.4729015545099309,-0.08268314955102604
0.819,0.5369226036560266,-0.1356663415768632
0.8195,0.5262524287983441,-0.1780528951975329
0.82,0.4729015545099309,-0.1886495336027004
0.8205,0.408880505363835,-0.1780528951975329
0.821,0.3555296310754218,-0.1674562567923655
0.8215,0.4408910299368829,-0.008506680714854012
0.822,0.7823366253827275,0.5849050699745222
0.8225,0.3235191065023739,0.5425185163538525
0.823,-0.5194247072545548,-0.2840192792492073
0.8235,-1.223656247861609,-0.6231117082145651
0.824,-1.170305373573196,-0.3687923864905467
0.8245,-0.722158029550525,-0.05089323433552374
0.825,-0.2526703358124887,0.2352160026039969
0.8255,0.07810508477567314,0.4471487707073456
0.826,0.2594980573562781,0.5955017083796896
0.8265,0.3448594562177392,0.701468092431364
0.827,0.3661998059331045,0.775644561267536
0.8275,0.3448594562177392,0.8180311148882058
0.828,0.3235191065023739,0.849821030103708
0.8285,0.3128489316446912,0.849821030103708
0.829,0.291508581929326,0.8180311148882058
0.8295,0.2808384070716433,0.7438546460520338
0.83,0.08877525963335578,0.2352160026039969
0.8305,-0.06060718837420119,-0.6549016234300674
0.831,-0.5621054066852853,-1.417859588602123
0.8315,-1.127624674142465,-1.937094870455327
0.832,-1.138294849000148,-1.809935209593318
0.8325,-0.5941159312583333,-1.216523458903942
0.833,-0.04993701351651855,-0.5807251545938954
0.8335,0.3021787567870086,-0.1674562567923655
0.834,0.4622313796522482,0.002089957690313421
0.8345,0.5155822539406614,0.03387987290581572
0.835,0.4835717293676135,0.03387987290581572
0.8355,0.4942419042252961,0.08686306493165288
0.836,0.4942419042252961,0.1186529801471552
0.8365,0.4515612047945656,0.02328323450064829
0.837,0.3982103305061524,-0.09327978795619347
0.8375,0.3555296310754218,-0.1886495336027004
0.838,0.3235191065023739,-0.1886495336027004
0.8385,0.4835717293676135,0.2776025562246667
0.839,0.2808384070716433,0.5319218779486851
0.8395,-0.4127229586777283,-0.1568596183871981
0.84,-1.084943974711735,-0.4429688553267188
0.8405,-1.319687821580753,-0.01910331912002144
0.841,-0.9462317015618604,0.2034260873884947
0.8415,-0.4554036581084589,0.2881991946298341
0.842,-0.04993701351651855,0.3411823866556712
0.8425,0.1954770082101822,0.3941655786815084
0.843,0.3235191065023739,0.4683420475176805
0.8435,0.3555296310754218,0.5637117931641874
0.844,0.3555296310754218,0.6696781772158616
0.8445,0.3341892813600565,0.7544512844572011
0.845,0.3128489316446912,0.8286277532933731
0.8455,0.3021787567870086,0.8816109453192104
0.846,0.291508581929326,0.8816109453192104
0.8465,0.1314559590640864,0.6590815388106942
0.847,-0.572775581542968,-0.09327978795619347
0.8475,-1.287677297007705,-0.8986243067489184
0.848,-1.757164990745741,-1.396666311791788
0.8485,-1.458400094730627,-1.121153713257435
0.849,-0.7328282044082075,-0.6019184314042303
0.8495,-0.08194753808956648,-0.1144730647665284
0.85,0.3128489316446912,0.2352160026039969
0.8505,0.4835717293676135,0.4047622170866759
0.851,0.5155822539406614,0.3411823866556712
0.8515,0.4942419042252961,0.1822328105781598
0.852,0.4835717293676135,0.03387987290581572
0.8525,0.5902734779444399,-0.1462629799820306
0.853,0.5582629533713921,-0.252229364033705
0.8535,0.4835717293676135,-0.2946159176543747
0.854,0.408880505363835,-0.3052125560595421
0.8545,0.3555296310754218,-0.3052125560595421
0.855,0.5475927785137094,-0.05089323433552374
0.8555,0.6329541773751706,0.457745409112513
0.856,-0.09261771294724913,0.06566978812131802
0.8565,-0.8822106524157645,-0.5277419625680583
0.857,-1.415719395299897,-0.1674562567923655
0.8575,-1.223656247861609,0.1716361721729923
0.858,-0.7008176798351597,0.2881991946298341
0.8585,-0.2206598112394408,0.3199891098453364
0.859,0.1101156093487211,0.3517790250608387
0.8595,0.291508581929326,0.4153588554918433
0.86,0.3555296310754218,0.5001319627331828
0.8605,0.3661998059331045,0.6060983467848571
0.861,0.3555296310754218,0.701468092431364
0.8615,0.3235191065023739,0.7968378380778709
0.862,0.3128489316446912,0.849821030103708
0.8625,0.3021787567870086,0.8816109453192104
0.863,0.2488278824985954,0.7968378380778709
0.8635,-0.2633405106701714,0.1928294489833272
0.864,-1.06360362499637,-0.6549016234300674
0.8645,-1.650463242168915,-1.311893204550448
0.865,-1.597112367880501,-1.322489842955616
0.8655,-0.9355615267041777,-0.8350444763179138
0.866,-0.2526703358124887,-0.3475991096802118
0.8665,0.2381577076409128,0.03387987290581572
0.867,0.4729015545099309,0.2670059178194992
0.8675,0.5369226036560266,0.2987958330350016
0.868,0.5049120790829789,0.2246193641988295
0.8685,0.4515612047945656,0.1186529801471552
0.869,0.5796033030867573,0.002089957690313421
0.8695000000000001,0.6116138276598051,-0.1038764263613609
0.87,0.5582629533713921,-0.1674562567923655
0.8705000000000001,0.4835717293676135,-0.2098428104130352
0.871,0.408880505363835,-0.2416327256285375
0.8715000000000001,0.4408910299368829,-0.1462629799820306
0.872,0.8143471499557753,0.3941655786815084
0.8725000000000001,0.3982103305061524,0.4047622170866759
0.873,-0.4874141826815069,-0.4111789401112165
0.8735000000000001,-1.170305373573196,-1.05757388282643
0.874,-1.074273799854052,-0.8986243067489184
0.8745000000000001,-0.6367966306890638,-0.400582301706049
0.875,-0.1993194615240755,0.08686306493165288
0.8754999999999999,0.09944543449103843,0.457745409112513
0.876,0.2701682322139607,0.6802748156210291
0.8764999999999999,0.3448594562177392,0.8074344764830383
0.877,0.3555296310754218,0.8604176685088755
0.8774999999999999,0.3448594562177392,0.8710143069140429
0.878,0.3235191065023739,0.849821030103708
0.8784999999999999,0.3128489316446912,0.8180311148882058
0.879,0.3021787567870086,0.7438546460520338
0.8794999999999999,0.291508581929326,0.6590815388106942
0.88,-0.01792648894347063,0.2564092794143318
0.8804999999999999,-0.7861790786966207,-0.6337083466197325
0.881,-1.298347471865388,-1.492036057438295
0.8815,-1.394379045584531,-1.905304955239825
0.882,-0.7755089038389382,-1.629792356705471
0.8825,-0.1139580626626144,-1.163540266878104
0.883,0.3235191065023739,-0.6866915386455698
0.8835,0.5369226036560266,-0.3370024712750445
0.884,0.5902734779444399,-0.1780528951975329
0.8845,0.5475927785137094,-0.1144730647665284
0.885,0.4729015545099309,-0.09327978795619347
0.8855,0.4835717293676135,-0.1992461720078678
0.886,0.5155822539406614,-0.3052125560595421
0.8865,0.4729015545099309,-0.2734226408440398
0.887,0.4195506802215176,-0.1992461720078678
0.8875,0.3768699807907871,-0.1038764263613609
0.888,0.3661998059331045,0.002089957690313421
0.8885,0.7183155762366316,0.457745409112513
0.889,0.6329541773751706,0.9134008605347127
0.8895,-0.2206598112394408,0.309392471440169
0.89,-0.9569018764195432,-0.1992461720078678
0.8905,-1.341028171296118,0.1080563417419877
0.891,-1.042263275281004,0.2881991946298341
0.8915,-0.5407650569699201,0.3517790250608387
0.892,-0.1139580626626144,0.383568940276341
0.8925,0.1634664836371343,0.4365521323021782
0.893,0.3128489316446912,0.5107286011383502
0.8935,0.3555296310754218,0.6060983467848571
0.894,0.3661998059331045,0.6908714540261965
0.8945,0.3448594562177392,0.775644561267536
0.895,0.3235191065023739,0.8392243916985406
0.8955,0.3021787567870086,0.8710143069140429
0.896,0.3021787567870086,0.8816109453192104
0.8965,0.1527963087794516,0.6802748156210291
0.897,-0.5407650569699201,-0.07208651114585861
0.8975,-1.287677297007705,-0.8986243067489184
0.898,-1.725154466172693,-1.449649503817625
0.8985,-1.351698346153801,-1.311893204550448
0.899,-0.6047861061160158,-0.8032545611024114
0.8995,0.01408403562957729,-0.2628260024388724
0.9,0.3875401556484697,0.08686306493165288
0.9005,0.5369226036560266,0.2564092794143318
0.901,0.5475927785137094,0.2776025562246667
0.9015,0.5049120790829789,0.2034260873884947
0.902,0.4622313796522482,0.1186529801471552
0.9025,0.4942419042252961,0.09745970333682032
0.903,0.4622313796522482,-0.01910331912002144
0.9035,0.408880505363835,-0.1674562567923655
0.904,0.3661998059331045,-0.2840192792492073
0.9045,0.3341892813600565,-0.3475991096802118
0.905,0.408880505363835,-0.1886495336027004
0.9055,0.5902734779444399,0.383568940276341
0.906,-0.08194753808956648,0.1822328105781598
0.9065,-0.9142211769888124,-0.3899856633008816
0.907,-1.51175096901904,-0.05089323433552374
0.9075,-1.362368521011484,0.309392471440169
0.908,-0.8288597781273515,0.4047622170866759
0.9085,-0.2953510352432193,0.4153588554918433
0.909,0.07810508477567314,0.4259554938970107
0.9095,0.2808384070716433,0.4789386859228479
0.91,0.3661998059331045,0.5637117931641874
0.9105,0.3768699807907871,0.6590815388106942
0.911,0.3555296310754218,0.7544512844572011
0.9115,0.3341892813600565,0.8392243916985406
0.912,0.3128489316446912,0.8922075837243778
0.9125,0.3021787567870086,0.9134008605347127
0.913,0.2594980573562781,0.8392243916985406
0.9135,-0.2099896363817582,0.2458126410091644
0.914,-0.9782422261349084,-0.6019184314042303
0.9145,-1.575772018165136,-1.301296566145281
0.915,-1.458400094730627,-1.333086481360783
0.9155,-0.7648387289812555,-0.8774310299385835
0.916,-0.1139580626626144,-0.326405832869877
0.9165,0.3021787567870086,0.05507314971615059
0.917,0.4942419042252961,0.2458126410091644
0.9175,0.5369226036560266,0.2881991946298341
0.918,0.5262524287983441,0.2034260873884947
0.9185,0.4835717293676135,0.08686306493165288
0.919,0.5475927785137094,-0.1250697031716958
0.9195,0.5582629533713921,-0.2628260024388724
0.92,0.4942419042252961,-0.3052125560595421
0.9205,0.4195506802215176,-0.3052125560595421
0.921,0.3661998059331045,-0.3052125560595421
0.9215,0.3982103305061524,-0.2098428104130352
0.922,0.7609962756673623,0.309392471440169
0.9225,0.4302208550792003,0.3411823866556712
0.923,-0.391382608962363,-0.4111789401112165
0.9235,-1.116954499284783,-0.6443049850249
0.924,-1.159635198715513,-0.326405832869877
0.9245,-0.7434983792658902,-0.05089323433552374
0.925,-0.2846808603855366,0.1610395337678249
0.9255,0.05676473506030786,0.3305857482505039
0.926,0.2488278824985954,0.4471487707073456
0.9265,0.3448594562177392,0.5425185163538525
0.927,0.3661998059331045,0.627291623595192
0.9275,0.3555296310754218,0.6908714540261965
0.928,0.3341892813600565,0.7438546460520338
0.9285,0.3128489316446912,0.775644561267536
0.929,0.3021787567870086,0.7862411996727035
0.9295,0.291508581929326,0.7544512844572011
0.93,-0.06060718837420119,0.3411823866556712
0.9305,-0.8715404775580819,-0.5065486857577234
0.931,-1.607782542738184,-1.290699927740113
0.9315,-1.938557963326346,-1.608599079895136
0.9320000000000001,-1.351698346153801,-1.280103289334946
0.9325,-0.5514352318276028,-0.7608680074817418
0.9330000000000001,0.04609456020262521,-0.2310360872233701
0.9335,0.3768699807907871,0.1292496185523226
0.9340000000000001,0.5049120790829789,0.2987958330350016
0.9345,0.5262524287983441,0.2881991946298341
0.9350000000000001,0.4942419042252961,0.1716361721729923
0.9355,0.4835717293676135,0.1292496185523226
0.9360000000000001,0.5262524287983441,0.13984625695749
0.9365,0.4835717293676135,0.002089957690313421
0.9370000000000001,0.4302208550792003,-0.1674562567923655
0.9375,0.3768699807907871,-0.2840192792492073
0.9379999999999999,0.3661998059331045,-0.326405832869877
0.9385,0.6863050516635838,0.04447651131098315
0.9389999999999999,0.6329541773751706,0.457745409112513
0.9395,-0.1459685872356623,-0.08268314955102604
0.9399999999999999,-0.9142211769888124,-0.4535654937318862
0.9405,-1.362368521011484,0.01268659609548085
0.9409999999999999,-1.095614149569417,0.2881991946298341
0.9415,-0.5834457564006506,0.3729723018711736
0.9419999999999999,-0.1352984123779797,0.4047622170866759
0.9425,0.1527963087794516,0.457745409112513
0.9429999999999999,0.3021787567870086,0.5319218779486851
0.9435,0.3661998059331045,0.6484849004055269
0.944,0.3661998059331045,0.7544512844572011
0.9445,0.3555296310754218,0.8710143069140429
0.945,0.3341892813600565,0.9451907757502149
0.9455,0.3128489316446912,0.9981739677760521
0.946,0.3021787567870086,1.00877060618122
0.9465,0.1954770082101822,0.849821030103708
0.947,-0.3380317346739499,0.1504428953626575
0.9475,-0.9782422261349084,-0.6866915386455698
0.948,-1.458400094730627,-1.322489842955616
0.9485,-1.479740444445993,-1.42845622700729
0.949,-0.8822106524157645,-0.9728007755850904
0.9495,-0.2206598112394408,-0.3793890248957141
0.95,0.2381577076409128,0.06566978812131802
0.9505,0.4622313796522482,0.2776025562246667
0.951,0.5369226036560266,0.309392471440169
0.9515,0.5262524287983441,0.2034260873884947
0.952,0.4942419042252961,0.06566978812131802
0.9525,0.5582629533713921,-0.04029659593035631
0.953,0.5369226036560266,-0.1568596183871981
0.9535,0.4729015545099309,-0.2734226408440398
0.954,0.4195506802215176,-0.3687923864905467
0.9545,0.3661998059331045,-0.4323722169215513
0.955,0.5049120790829789,-0.2734226408440398
0.9555,0.8356874996711408,0.3517790250608387
0.956,0.1634664836371343,0.2140227257936621
0.9565,-0.754168554123573,-0.4535654937318862
0.957,-1.362368521011484,-0.400582301706049
0.9575,-1.191645723288561,-0.09327978795619347
0.958,-0.690147504977477,0.1186529801471552
0.9585,-0.2099896363817582,0.2670059178194992
0.959,0.1101156093487211,0.383568940276341
0.9595,0.291508581929326,0.4895353243280153
0.96,0.3661998059331045,0.5849050699745222
0.9605,0.3768699807907871,0.6802748156210291
0.961,0.3555296310754218,0.7438546460520338
0.9615,0.3341892813600565,0.8074344764830383
0.962,0.3235191065023739,0.849821030103708
0.9625,0.3128489316446912,0.849821030103708
0.963,0.2808384070716433,0.7650479228623686
0.9635,-0.09261771294724913,0.1928294489833272
0.964,-0.7968492535543035,-0.6760949002404023
0.9645,-1.330357996438436,-1.375473034981453
0.965,-1.244996597576974,-1.534422611058964
0.9655,-0.6367966306890638,-1.110557074852267
0.966,-0.06060718837420119,-0.570128516188728
0.9665,0.3021787567870086,-0.1462629799820306
0.967,0.4942419042252961,0.1186529801471552
0.9675,0.5369226036560266,0.2458126410091644
0.968,0.5049120790829789,0.2352160026039969
0.9685,0.4515612047945656,0.1292496185523226
0.969,0.5155822539406614,0.1080563417419877
0.9695,0.5262524287983441,0.03387987290581572
0.97,0.4835717293676135,-0.08268314955102604
0.9705,0.408880505363835,-0.1992461720078678
0.971,0.3661998059331045,-0.2840192792492073
0.9715,0.3982103305061524,-0.2416327256285375
0.972,0.7609962756673623,0.2670059178194992
0.9725,0.4195506802215176,0.383568940276341
0.973,-0.3593720843893152,-0.3158091944647096
0.9735,-1.052933450138687,-0.3370024712750445
0.974,-1.255666772434657,0.1292496185523226
0.9745,-0.8822106524157645,0.309392471440169
0.975,-0.391382608962363,0.3411823866556712
0.9755,-0.007256314085787988,0.3623756634660061
0.976,0.2168173579255475,0.3941655786815084
0.9765,0.3341892813600565,0.4683420475176805
0.977,0.3661998059331045,0.5637117931641874
0.9775,0.3661998059331045,0.6590815388106942
0.978,0.3448594562177392,0.7544512844572011
0.9785,0.3235191065023739,0.8286277532933731
0.979,0.3128489316446912,0.8604176685088755
0.9795,0.3021787567870086,0.849821030103708
0.98,0.02475421048725994,0.5319218779486851
0.9805,-0.7328282044082075,-0.2734226408440398
0.981,-1.405049220442214,-1.046977244421262
0.9815,-1.757164990745741,-1.481439419033127
0.982,-1.447729919872945,-1.290699927740113
0.9825,-0.7008176798351597,-0.7396747306714069
0.983,-0.04993701351651855,-0.1780528951975329
0.9835,0.3341892813600565,0.1928294489833272
0.984,0.5049120790829789,0.3411823866556712
0.9845,0.5475927785137094,0.2987958330350016
0.985,0.5049120790829789,0.1822328105781598
0.9855,0.5369226036560266,0.1292496185523226
0.986,0.6329541773751706,0.13984625695749
0.9865,0.5902734779444399,-0.02969995752518888
0.987,0.4942419042252961,-0.2204394488182027
0.9875,0.408880505363835,-0.3793890248957141
0.988,0.3661998059331045,-0.4429688553267188
0.9885,0.6542945270905358,-0.07208651114585861
0.989,0.6222840025174878,0.3623756634660061
0.9895,-0.1352984123779797,-0.1674562567923655
0.99,-0.9035510021311299,-0.5171453241628908
0.9905,-1.277007122150022,-0.08268314955102604
0.991,-0.9889124009925911,0.1928294489833272
0.9915,-0.4980843575391895,0.3199891098453364
0.992,-0.08194753808956648,0.383568940276341
0.9925,0.1848068333524996,0.457745409112513
0.993,0.3235191065023739,0.5425185163538525
0.9935,0.3661998059331045,0.6378882620003594
0.994,0.3661998059331045,0.7332580076468663
0.9945000000000001,0.3448594562177392,0.8180311148882058
0.995,0.3235191065023739,0.8710143069140429
0.9955000000000001,0.3128489316446912,0.92399749893988
0.996,0.3021787567870086,0.9451907757502149
0.9965000000000001,0.2274875327832301,0.849821030103708
0.997,-0.3700422592469978,0.2034260873884947
0.9975000000000001,-1.020922925565639,-0.6019184314042303
0.998,-1.458400094730627,-1.280103289334946
0.9985000000000001,-1.67180359188428,-1.735758740757146
0.999,-1.127624674142465,-1.608599079895136
0.9995000000000001,-0.4020527838200457,-0.9833974139902578
1,0.1314559590640864,-0.4111789401112165
1.0005,0.4408910299368829,-0.04029659593035631
1.001,0.5475927785137094,0.1292496185523226
1.0015,0.5369226036560266,0.1504428953626575
1.002,0.4835717293676135,0.04447651131098315
1.0025,0.5049120790829789,-0.2310360872233701
1.003,0.4835717293676135,-0.3475991096802118
1.0035,0.4195506802215176,-0.3581957480853793
1.004,0.3768699807907871,-0.3370024712750445
1.0045,0.3448594562177392,-0.326405832869877
1.005,0.4835717293676135,-0.1780528951975329
1.0055,0.8036769750980928,0.4047622170866759
1.006,0.2488278824985954,0.4259554938970107
1.0065,-0.5407650569699201,-0.3687923864905467
1.007,-0.8928808272734472,-0.8880276683437509
1.0075,-0.690147504977477,-0.7502713690765743
1.008,-0.3166913849585846,-0.3687923864905467
1.0085,0.00341386077189465,0.01268659609548085
1.009,0.2061471830678648,0.2987958330350016
1.0095,0.3128489316446912,0.4895353243280153
1.01,0.3555296310754218,0.6060983467848571
1.0105,0.3555296310754218,0.6696781772158616
1.011,0.3448594562177392,0.701468092431364
1.0115,0.3235191065023739,0.7120647308365314
1.012,0.3128489316446912,0.7120647308365314
1.0125,0.3128489316446912,0.6908714540261965
1.013,0.3021787567870086,0.6378882620003594
1.0135,-0.007256314085787988,0.2352160026039969
1.014,-0.6794773301197943,-0.6231117082145651
1.0145,-1.244996597576974,-1.42845622700729
1.015,-1.234326422719292,-1.88411167842949
1.0155,-0.6261264558313813,-1.735758740757146
1.016,-0.007256314085787988,-1.152943628472937
1.0165,0.3661998059331045,-0.4959520473525559
1.017,0.5475927785137094,0.002089957690313421
1.0175,0.5902734779444399,0.1928294489833272
1.018,0.5582629533713921,0.2140227257936621
1.0185,0.4835717293676135,0.13984625695749
1.019,0.5902734779444399,-0.1568596183871981
1.0195,0.6649647019482183,-0.3687923864905467
1.02,0.5902734779444399,-0.3475991096802118
1.0205,0.5049120790829789,-0.2416327256285375
1.021,0.4195506802215176,-0.1462629799820306
1.0215,0.3021787567870086,0.03387987290581572
1.022,-0.2526703358124887,0.627291623595192
1.0225,-1.031593100423322,0.6696781772158616
1.023,-1.629122892453549,-0.1674562567923655
1.0235,-2.023919362187807,-0.400582301706049
1.024,-1.703814116457328,-0.08268314955102604
1.0245,-0.9995825758502737,0.1080563417419877
1.025,-0.3593720843893152,0.2140227257936621
1.0255,0.0674349099179905,0.2881991946298341
1.026,0.3021787567870086,0.3623756634660061
1.0265,0.3875401556484697,0.4259554938970107
1.027,0.3982103305061524,0.4895353243280153
1.0275,0.3768699807907871,0.55311515475902
1.028,0.3555296310754218,0.6060983467848571
1.0285,0.3341892813600565,0.6590815388106942
1.029,0.3128489316446912,0.6802748156210291
1.0295,0.3128489316446912,0.6802748156210291
1.03,0.1527963087794516,0.5001319627331828
1.0305,-0.423393133535411,-0.1674562567923655
1.031,-0.9995825758502737,-0.9410108603695881
1.0315,-1.373038695869166,-1.534422611058964
1.032,-0.9675720512772257,-1.534422611058964
1.0325,-0.3273615598162672,-1.078767159636765
1.033,0.1634664836371343,-0.570128516188728
1.0335,0.4408910299368829,-0.09327978795619347
1.034,0.5475927785137094,0.2140227257936621
1.0345,0.5369226036560266,0.3305857482505039
1.035,0.4942419042252961,0.3411823866556712
1.0355,0.5155822539406614,0.3411823866556712
1.036,0.6329541773751706,0.3729723018711736
1.0365,0.5902734779444399,0.2140227257936621
1.037,0.5049120790829789,0.02328323450064829
1.0375,0.4302208550792003,-0.1250697031716958
1.038,0.3768699807907871,-0.2098428104130352
1.0385,0.6222840025174878,0.08686306493165288
1.039,0.6863050516635838,0.55311515475902
1.0395,0.05676473506030786,0.05507314971615059
1.04,-0.5300948821122373,-0.7714646458869092
1.0405,-0.7434983792658902,-0.9304142219644207
1.041,-0.5087545323968721,-0.6019184314042303
1.0415,-0.1886492866663929,-0.1780528951975329
1.042,0.07810508477567314,0.1822328105781598
1.0425,0.2381577076409128,0.4365521323021782
1.043,0.3235191065023739,0.5955017083796896
1.0435,0.3555296310754218,0.6908714540261965
1.044,0.3448594562177392,0.7332580076468663
1.0445,0.3341892813600565,0.7544512844572011
1.045,0.3235191065023739,0.7544512844572011
1.0455,0.3128489316446912,0.7438546460520338
1.046,0.3021787567870086,0.6802748156210291
1.0465,0.2808384070716433,0.5849050699745222
1.047,-0.156638762093345,0.03387987290581572
1.0475,-0.8288597781273515,-0.8350444763179138
1.048,-1.330357996438436,-1.587405803084801
1.0485,-1.095614149569417,-1.915901593644992
1.049,-0.4340633083930936,-1.608599079895136
1.0495,0.1207857842064037,-1.004590690800593
1.05,0.4515612047945656,-0.4959520473525559
1.0505,0.5796033030867573,-0.08268314955102604
1.051,0.5796033030867573,0.1292496185523226
1.0515,0.5475927785137094,0.1716361721729923
1.052,0.5049120790829789,0.1292496185523226
1.0525,0.5902734779444399,0.1822328105781598
1.053,0.5902734779444399,0.13984625695749
1.0535,0.5369226036560266,0.05507314971615059
1.054,0.4515612047945656,-0.05089323433552374
1.0545,0.3875401556484697,-0.1250697031716958
1.055,0.2701682322139607,0.07626642652648545
1.0555,-0.07127736323188383,0.6908714540261965
1.056,-0.6261264558313813,0.5955017083796896
1.0565,-1.255666772434657,-0.2310360872233701
1.057,-1.522421143876723,-0.570128516188728
1.0575,-1.127624674142465,-0.400582301706049
1.058,-0.5621054066852853,-0.1038764263613609
1.0585,-0.09261771294724913,0.1928294489833272
1.059,0.1954770082101822,0.4153588554918433
1.0595,0.3341892813600565,0.5743084315693548
1.06,0.3768699807907871,0.6802748156210291
1.0605,0.3768699807907871,0.7438546460520338
1.061,0.3555296310754218,0.7862411996727035
1.0615,0.3341892813600565,0.8074344764830383
1.062,0.3128489316446912,0.7968378380778709
1.0625,0.3128489316446912,0.7862411996727035
1.063,0.2808384070716433,0.7120647308365314
1.0635,-0.156638762093345,0.13984625695749
1.064,-0.7328282044082075,-0.718481453861072
1.0645,-1.138294849000148,-1.449649503817625
1.065,-1.255666772434657,-1.725162102351978
1.0655,-0.690147504977477,-1.407262950196955
1.066,-0.09261771294724913,-0.8880276683437509
1.0665,0.3021787567870086,-0.4217755785163839
1.067,0.4942419042252961,-0.1356663415768632
1.0675,0.5582629533713921,0.002089957690313421
1.068,0.5475927785137094,0.03387987290581572
1.0685,0.4942419042252961,-0.008506680714854012
1.069,0.5689331282290746,-0.2416327256285375
1.0695,0.6329541773751706,-0.4111789401112165
1.07,0.5689331282290746,-0.3687923864905467
1.0705,0.4835717293676135,-0.2734226408440398
1.071,0.3982103305061524,-0.1780528951975329
1.0715,0.3768699807907871,-0.06148987274069118
1.072,0.7183155762366316,0.4259554938970107
1.0725,0.5796033030867573,0.7544512844572011
1.073,-0.1032878878049318,0.06566978812131802
1.0735,-0.7114878546928423,-0.2734226408440398
1.074,-0.9995825758502737,0.05507314971615059
1.0745,-0.7434983792658902,0.2140227257936621
1.075,-0.3380317346739499,0.2670059178194992
1.0755,-0.007256314085787988,0.309392471440169
1.076,0.2061471830678648,0.3623756634660061
1.0765,0.3235191065023739,0.4365521323021782
1.077,0.3555296310754218,0.5213252395435176
1.0775,0.3555296310754218,0.6166949851900245
1.078,0.3341892813600565,0.6908714540261965
1.0785,0.3235191065023739,0.7544512844572011
1.079,0.3021787567870086,0.7862411996727035
1.0795,0.3021787567870086,0.7968378380778709
1.08,0.1207857842064037,0.5001319627331828
1.0805,-0.5087545323968721,-0.2628260024388724
1.081,-0.9889124009925911,-1.025783967610927
1.0815,-1.277007122150022,-1.481439419033127
1.082,-0.8608703027003992,-1.269506650929778
1.0825,-0.2526703358124887,-0.7290780922662394
1.083,0.2274875327832301,-0.2310360872233701
1.0835,0.4729015545099309,0.08686306493165288
1.084,0.5369226036560266,0.2670059178194992
1.0845,0.5262524287983441,0.3199891098453364
1.085,0.4835717293676135,0.2670059178194992
1.0855,0.4729015545099309,0.1080563417419877
1.086,0.5262524287983441,-0.1038764263613609
1.0865,0.4942419042252961,-0.1886495336027004
1.087,0.4302208550792003,-0.2310360872233701
1.0875,0.3768699807907871,-0.2416327256285375
1.088,0.3448594562177392,-0.2310360872233701
1.0885,0.1954770082101822,0.1504428953626575
1.089,-0.2099896363817582,0.701468092431364
1.0895,-0.8181896032696687,0.2458126410091644
1.09,-1.287677297007705,-0.6760949002404023
1.0905,-1.533091318734406,-0.9092209451540858
1.091,-1.159635198715513,-0.5807251545938954
1.0915,-0.5941159312583333,-0.1886495336027004
1.092,-0.124628237520297,0.13984625695749
1.0925,0.1741366584948169,0.3623756634660061
1.093,0.3235191065023739,0.5107286011383502
1.0935,0.3768699807907871,0.6060983467848571
1.094,0.3768699807907871,0.6590815388106942
1.0945,0.3555296310754218,0.701468092431364
1.095,0.3235191065023739,0.701468092431364
1.0955,0.3021787567870086,0.701468092431364
1.096,0.3021787567870086,0.6908714540261965
1.0965,0.2168173579255475,0.5319218779486851
1.097,-0.3700422592469978,-0.1674562567923655
1.0975,-1.159635198715513,-1.046977244421262
1.098,-1.757164990745741,-1.735758740757146
1.0985,-1.938557963326346,-2.17022091536901
1.099,-1.277007122150022,-1.84172512480882
1.0995,-0.4874141826815069,-1.089363798041932
1.1,0.07810508477567314,-0.4429688553267188
1.1005,0.408880505363835,-0.02969995752518888
1.101,0.5262524287983441,0.1610395337678249
1.1015,0.5262524287983441,0.1928294489833272
1.102,0.4942419042252961,0.13984625695749
1.1025,0.5475927785137094,0.01268659609548085
1.103,0.5369226036560266,-0.07208651114585861
1.1035,0.4835717293676135,-0.1144730647665284
1.104,0.4195506802215176,-0.1462629799820306
1.1045,0.3768699807907871,-0.1674562567923655
1.105,0.4622313796522482,-0.07208651114585861
1.1055,0.8036769750980928,0.457745409112513
1.106,0.291508581929326,0.383568940276341
1.1065,-0.5941159312583333,-0.4641621321370536
1.107,-1.020922925565639,-0.9939940523954253
1.1075,-0.807519428411986,-0.792657922697244
1.108,-0.4020527838200457,-0.326405832869877
1.1085,-0.03926683865883591,0.1080563417419877
1.109,0.1954770082101822,0.4153588554918433
1.1095,0.3128489316446912,0.6166949851900245
1.11,0.3555296310754218,0.7226613692416989
1.1105,0.3661998059331045,0.7650479228623686
1.111,0.3448594562177392,0.775644561267536
1.1115,0.3341892813600565,0.7650479228623686
1.112,0.3128489316446912,0.7332580076468663
1.1125,0.3128489316446912,0.6802748156210291
1.113,0.3021787567870086,0.6060983467848571
1.1135,-0.03926683865883591,0.1716361721729923
1.114,-0.7328282044082075,-0.7078848154559045
1.1145,-1.180975548430879,-1.523825972653797
1.115,-1.405049220442214,-2.074851169722503
1.1155,-0.9889124009925911,-1.937094870455327
1.116,-0.3487019095316325,-1.364876396576285
1.1165,0.1527963087794516,-0.7396747306714069
1.117,0.4515612047945656,-0.2310360872233701
1.1175,0.5475927785137094,0.08686306493165288
1.118,0.5689331282290746,0.1610395337678249
1.1185,0.5262524287983441,0.1292496185523226
1.119,0.5262524287983441,0.1292496185523226
1.1195,0.5049120790829789,0.07626642652648545
1.12,0.4515612047945656,-0.01910331912002144
1.1205,0.3875401556484697,-0.1144730647665284
1.121,0.3555296310754218,-0.1674562567923655
1.1215,0.3661998059331045,-0.1462629799820306
1.122,0.7396559259519968,0.3199891098453364
1.1225,0.5902734779444399,0.627291623595192
1.123,-0.1993194615240755,-0.05089323433552374
1.1235,-1.031593100423322,-0.400582301706049
1.124,-1.330357996438436,-0.05089323433552374
1.1245,-0.9675720512772257,0.1822328105781598
1.125,-0.4554036581084589,0.309392471440169
1.1255,-0.04993701351651855,0.3941655786815084
1.126,0.2061471830678648,0.4683420475176805
1.1265,0.3341892813600565,0.55311515475902
1.127,0.3768699807907871,0.6378882620003594
1.1275,0.3661998059331045,0.7226613692416989
1.128,0.3555296310754218,0.7862411996727035
1.1285,0.3235191065023739,0.8286277532933731
1.129,0.3128489316446912,0.8392243916985406
1.1295,0.3021787567870086,0.8286277532933731
1.13,0.142126133921769,0.55311515475902
1.1305,-0.5087545323968721,-0.2310360872233701
1.131,-1.138294849000148,-1.036380606016095
1.1315,-1.46907026958831,-1.640388995110639
1.132,-1.394379045584531,-1.714565463946811
1.1325,-0.7755089038389382,-1.184733543688439
1.133,-0.1459685872356623,-0.5277419625680583
1.1335,0.2594980573562781,-0.04029659593035631
1.134,0.4408910299368829,0.1716361721729923
1.1345,0.4942419042252961,0.1822328105781598
1.135,0.4729015545099309,0.1080563417419877
1.1355,0.4835717293676135,0.08686306493165288
1.136,0.5582629533713921,0.13984625695749
1.1365,0.5262524287983441,0.03387987290581572
1.137,0.4622313796522482,-0.1144730647665284
1.1375,0.3982103305061524,-0.2416327256285375
1.138,0.3661998059331045,-0.2946159176543747
1.1385,0.3982103305061524,0.03387987290581572
1.139,0.142126133921769,0.6166949851900245
1.1395,-0.5194247072545548,0.2140227257936621
1.14,-1.138294849000148,-0.6231117082145651
1.1405,-1.362368521011484,-0.7502713690765743
1.141,-0.9782422261349084,-0.4429688553267188
1.1415,-0.4554036581084589,-0.06148987274069118
1.142,-0.03926683865883591,0.2670059178194992
1.1425,0.2168173579255475,0.5001319627331828
1.143,0.3448594562177392,0.6590815388106942
1.1435,0.3768699807907871,0.7650479228623686
1.144,0.3768699807907871,0.8286277532933731
1.1445,0.3555296310754218,0.8604176685088755
1.145,0.3341892813600565,0.8710143069140429
1.1455,0.3235191065023739,0.8710143069140429
1.146,0.3128489316446912,0.849821030103708
1.1465,0.3021787567870086,0.7862411996727035
1.147,-0.08194753808956648,0.2776025562246667
1.1475,-0.6794773301197943,-0.6125150698093976
1.148,-1.127624674142465,-1.417859588602123
1.1485,-1.501080794161358,-2.000674700886331
1.149,-1.191645723288561,-1.968884785670829
1.1495,-0.5087545323968721,-1.375473034981453
1.15,0.04609456020262521,-0.7290780922662394
1.1505,0.3555296310754218,-0.2416327256285375
1.151,0.4835717293676135,0.02328323450064829
1.1515,0.5049120790829789,0.1080563417419877
1.152,0.4942419042252961,0.08686306493165288
1.1525,0.6116138276598051,0.08686306493165288
1.153,0.6329541773751706,0.01268659609548085
1.1535,0.5582629533713921,-0.1038764263613609
1.154,0.4622313796522482,-0.2098428104130352
1.1545,0.3875401556484697,-0.2734226408440398
1.155,0.2168173579255475,-0.3158091944647096
1.1555,-0.1886492866663929,-0.5171453241628908
1.156,-0.6047861061160158,-0.8986243067489184
1.1565,-0.9675720512772257,-1.481439419033127
1.157,-1.159635198715513,-1.693372187136476
1.1575,-0.839529952985034,-1.184733543688439
1.158,-0.3807124341046804,-0.4959520473525559
1.1585,-0.007256314085787988,0.07626642652648545
1.159,0.2274875327832301,0.457745409112513
1.1595,0.3341892813600565,0.6696781772158616
1.16,0.3768699807907871,0.7650479228623686
1.1605,0.3661998059331045,0.8074344764830383
1.161,0.3555296310754218,0.7968378380778709
1.1615,0.3341892813600565,0.775644561267536
1.162,0.3235191065023739,0.7332580076468663
1.1625,0.3128489316446912,0.6696781772158616
1.163,0.3021787567870086,0.5955017083796896
1.1635,0.2061471830678648,0.2776025562246667
1.164,-0.01792648894347063,-0.474758770542221
1.1645,-0.4447334832507763,-1.227120097309109
1.165,-0.7434983792658902,-1.746355379162313
1.1655,-0.3060212101009019,-1.88411167842949
1.166,0.1634664836371343,-1.492036057438295
1.1665,0.4408910299368829,-0.9198175835592532
1.167,0.5475927785137094,-0.4641621321370536
1.1675,0.5689331282290746,-0.1780528951975329
1.168,0.5155822539406614,-0.05089323433552374
1.1685,0.4622313796522482,-0.02969995752518888
1.169,0.4835717293676135,0.03387987290581572
1.1695,0.5369226036560266,0.07626642652648545
1.17,0.5049120790829789,0.04447651131098315
1.1705,0.4408910299368829,-0.008506680714854012
1.171,0.3875401556484697,-0.04029659593035631
1.1715,0.3235191065023739,-0.01910331912002144
1.172,-0.124628237520297,-0.1568596183871981
1.1725,-0.9248913518464952,-0.7502713690765743
1.173,-1.501080794161358,-1.449649503817625
1.1735,-1.746494815888059,-1.79933857118815
1.174,-1.479740444445993,-1.311893204550448
1.1745,-0.8608703027003992,-0.5807251545938954
1.175,-0.2953510352432193,0.03387987290581572
1.1755,0.09944543449103843,0.457745409112513
1.176,0.3021787567870086,0.6908714540261965
1.1765,0.3875401556484697,0.7968378380778709
1.177,0.3982103305061524,0.8392243916985406
1.1775,0.3768699807907871,0.8392243916985406
1.178,0.3555296310754218,0.8180311148882058
1.1785,0.3341892813600565,0.775644561267536
1.179,0.3128489316446912,0.7120647308365314
1.1795,0.3128489316446912,0.627291623595192
1.18,0.1954770082101822,0.3411823866556712
1.1805,-0.4447334832507763,-0.4853554089473885
1.181,-1.074273799854052,-1.354279758171118
1.1815,-1.373038695869166,-2.011271339291499
1.182,-1.501080794161358,-2.54110325954987
1.1825,-0.9248913518464952,-2.286783937825852
1.183,-0.2420001609548061,-1.481439419033127
1.1835,0.2381577076409128,-0.7078848154559045
1.184,0.4729015545099309,-0.2098428104130352
1.1845,0.5369226036560266,0.01268659609548085
1.185,0.5262524287983441,0.06566978812131802
1.1855,0.5155822539406614,0.04447651131098315
1.186,0.6009436528021226,0.002089957690313421
1.1865,0.5689331282290746,-0.06148987274069118
1.187,0.4942419042252961,-0.1144730647665284
1.1875,0.4195506802215176,-0.1250697031716958
1.188,0.3661998059331045,-0.09327978795619347
1.1885,0.1741366584948169,0.1716361721729923
1.189,-0.2846808603855366,0.2458126410091644
1.1895,-0.7968492535543035,-0.4323722169215513
1.19,-1.020922925565639,-1.174136905283272
1.1905,-1.06360362499637,-1.364876396576285
1.191,-0.7008176798351597,-0.8668343915334161
1.1915,-0.274010685527854,-0.2310360872233701
1.192,0.05676473506030786,0.2881991946298341
1.1925,0.2594980573562781,0.627291623595192
1.193,0.3448594562177392,0.8074344764830383
1.1935,0.3768699807907871,0.8922075837243778
1.194,0.3661998059331045,0.9134008605347127
1.1945,0.3555296310754218,0.8922075837243778
1.195,0.3341892813600565,0.849821030103708
1.1955,0.3235191065023739,0.7862411996727035
1.196,0.3128489316446912,0.7120647308365314
1.1965,0.291508581929326,0.6060983467848571
1.197,-0.1779791118087102,0.03387987290581572
1.1975,-0.7648387289812555,-0.8350444763179138
1.198,-1.180975548430879,-1.598002441489969
1.1985,-1.06360362499637,-1.968884785670829
1.199,-0.423393133535411,-1.788741932782983
1.1995,0.142126133921769,-1.290699927740113
1.2,0.4622313796522482,-0.718481453861072
1.2005,0.5796033030867573,-0.2840192792492073
1.201,0.5796033030867573,-0.05089323433552374
1.2015,0.5262524287983441,0.04447651131098315
1.202,0.4729015545099309,0.04447651131098315
1.2025,0.5689331282290746,0.1292496185523226
1.203,0.5902734779444399,0.09745970333682032
1.2035,0.5262524287983441,-0.02969995752518888
1.204,0.4515612047945656,-0.1250697031716958
1.2045,0.3875401556484697,-0.1780528951975329
1.205,0.2701682322139607,-0.04029659593035631
1.2055,0.0674349099179905,0.5637117931641874
1.206,-0.3273615598162672,0.7544512844572011
1.2065,-0.7434983792658902,0.05507314971615059
1.207,-1.084943974711735,-0.08268314955102604
1.2075,-0.9248913518464952,0.1080563417419877
1.208,-0.4980843575391895,0.2564092794143318
1.2085,-0.1032878878049318,0.3941655786815084
1.209,0.1634664836371343,0.5213252395435176
1.2095,0.3128489316446912,0.6484849004055269
1.21,0.3661998059331045,0.7650479228623686
1.2105,0.3768699807907871,0.8816109453192104
1.211,0.3555296310754218,0.9769806909657173
1.2115,0.3341892813600565,1.040560521396722
1.212,0.3235191065023739,1.072350436612224
1.2125,0.3128489316446912,1.072350436612224
1.213,0.3128489316446912,1.029963882991555
1.2135,0.01408403562957729,0.5637117931641874
1.214,-0.6794773301197943,-0.2946159176543747
1.2145,-1.1062843244271,-1.046977244421262
1.215,-1.30901764672307,-1.576809164679634
1.2155,-1.116954499284783,-1.88411167842949
1.216,-0.4340633083930936,-1.587405803084801
1.2165,0.142126133921769,-0.8986243067489184
1.217,0.4622313796522482,-0.326405832869877
1.2175,0.5902734779444399,-0.01910331912002144
1.218,0.5796033030867573,0.05507314971615059
1.2185,0.5262524287983441,0.02328323450064829
1.219,0.5262524287983441,0.02328323450064829
1.2195,0.5582629533713921,0.02328323450064829
1.22,0.5155822539406614,-0.1038764263613609
1.2205,0.4515612047945656,-0.2416327256285375
1.221,0.3982103305061524,-0.3475991096802118
1.2215,0.3235191065023739,-0.3475991096802118
1.222,0.01408403562957729,0.1504428953626575
1.2225,-0.274010685527854,0.4153588554918433
1.223,-0.7328282044082075,-0.252229364033705
1.2235,-1.191645723288561,-1.025783967610927
1.224,-1.383708870726849,-0.9304142219644207
1.2245,-0.9889124009925911,-0.4535654937318862
1.225,-0.4660738329661415,0.01268659609548085
1.2255,-0.03926683865883591,0.3623756634660061
1.226,0.2168173579255475,0.6060983467848571
1.2265,0.3448594562177392,0.7650479228623686
1.227,0.3875401556484697,0.8604176685088755
1.2275,0.3768699807907871,0.92399749893988
1.228,0.3555296310754218,0.9557874141553824
1.2285,0.3341892813600565,0.9557874141553824
1.229,0.3235191065023739,0.9451907757502149
1.2295,0.3128489316446912,0.9134008605347127
1.23,0.1954770082101822,0.6802748156210291
1.2305,-0.3807124341046804,-0.09327978795619347
1.231,-0.7968492535543035,-0.8880276683437509
1.2315,-0.9782422261349084,-1.47084278062796
1.232,-0.8928808272734472,-1.650985633515806
1.2325,-0.4020527838200457,-1.258910012524611
1.233,0.09944543449103843,-0.7714646458869092
1.2335,0.408880505363835,-0.3475991096802118
1.234,0.5369226036560266,-0.008506680714854012
1.2345,0.5582629533713921,0.1292496185523226
1.235,0.5262524287983441,0.1080563417419877
1.2355,0.4942419042252961,0.05507314971615059
1.236,0.4942419042252961,0.05507314971615059
1.2365,0.4515612047945656,-0.04029659593035631
1.237,0.408880505363835,-0.1674562567923655
1.2375,0.3768699807907871,-0.252229364033705
1.238,0.3448594562177392,-0.2946159176543747
1.2385,0.1634664836371343,-0.01910331912002144
1.239,-0.4020527838200457,0.5637117931641874
1.2395,-1.095614149569417,0.2352160026039969
1.24,-1.565101843307454,-0.6443049850249
1.2405,-1.661133417026597,-1.0999604364471
1.241,-1.148965023857831,-0.792657922697244
1.2415,-0.5407650569699201,-0.2416327256285375
1.242,-0.06060718837420119,0.2670059178194992
1.2425,0.2274875327832301,0.627291623595192
1.243,0.3661998059331045,0.8604176685088755
1.2435,0.3982103305061524,0.9769806909657173
1.244,0.3982103305061524,1.029963882991555
1.2445,0.3661998059331045,1.029963882991555
1.245,0.3341892813600565,0.9981739677760521
1.2455,0.3128489316446912,0.9451907757502149
1.246,0.3128489316446912,0.8816109453192104
1.2465,0.291508581929326,0.7650479228623686
1.247,-0.1459685872356623,0.2034260873884947
1.2475,-0.807519428411986,-0.7290780922662394
1.248,-1.26633694729234,-1.555615887869299
1.2485,-1.575772018165136,-2.180817553774178
1.249,-1.255666772434657,-2.064254531317336
1.2495,-0.5621054066852853,-1.311893204550448
1.25,0.01408403562957729,-0.6549016234300674
1.2505,0.3768699807907871,-0.2628260024388724
1.251,0.5262524287983441,-0.04029659593035631
1.2515,0.5475927785137094,0.01268659609548085
1.252,0.5155822539406614,-0.01910331912002144
1.2525,0.6222840025174878,0.05507314971615059
1.253,0.6969752265212663,0.06566978812131802
1.2535,0.6329541773751706,-0.008506680714854012
1.254,0.5369226036560266,-0.09327978795619347
1.2545,0.4408910299368829,-0.1568596183871981
1.255,0.4408910299368829,-0.07208651114585861
1.2555,0.7503261008096795,0.4895353243280153
1.256,0.3875401556484697,0.7226613692416989
1.2565,-0.3487019095316325,-0.02969995752518888
1.257,-1.031593100423322,-0.6866915386455698
1.2575,-1.042263275281004,-0.5807251545938954
1.258,-0.6474668055467465,-0.2204394488182027
1.2585,-0.2206598112394408,0.1610395337678249
1.259,0.09944543449103843,0.4683420475176805
1.2595,0.2808384070716433,0.6802748156210291
1.26,0.3555296310754218,0.8180311148882058
1.2605,0.3768699807907871,0.9134008605347127
1.261,0.3661998059331045,0.9557874141553824
1.2615,0.3555296310754218,0.9875773293708847
1.262,0.3341892813600565,0.9663840525605498
1.2625,0.3128489316446912,0.9345941373450475
1.263,0.3128489316446912,0.8710143069140429
1.2635,0.04609456020262521,0.4683420475176805
1.264,-0.6261264558313813,-0.4111789401112165
1.2645,-1.1062843244271,-1.248313374119443
1.265,-1.330357996438436,-1.809935209593318
1.2655,-0.9782422261349084,-1.693372187136476
1.266,-0.3593720843893152,-1.142346990067769
1.2665,0.1314559590640864,-0.6019184314042303
1.267,0.408880505363835,-0.1992461720078678
1.2675,0.5369226036560266,-0.008506680714854012
1.268,0.5689331282290746,0.01268659609548085
1.2685,0.5369226036560266,-0.02969995752518888
1.269,0.5582629533713921,0.01268659609548085
1.2695,0.6009436528021226,0.07626642652648545
1.27,0.5475927785137094,-0.008506680714854012
1.2705,0.4729015545099309,-0.1250697031716958
1.271,0.3982103305061524,-0.2204394488182027
1.2715,0.3661998059331045,-0.2416327256285375
1.272,0.6329541773751706,0.1186529801471552
1.2725,0.5262524287983441,0.5637117931641874
1.273,-0.1779791118087102,0.01268659609548085
1.2735,-0.8181896032696687,-0.4853554089473885
1.274,-1.127624674142465,-0.1674562567923655
1.2745,-0.839529952985034,0.1186529801471552
1.275,-0.4020527838200457,0.2881991946298341
1.2755,-0.02859666380115328,0.4259554938970107
1.276,0.2168173579255475,0.5319218779486851
1.2765,0.3341892813600565,0.6378882620003594
1.277,0.3768699807907871,0.7438546460520338
1.2775,0.3768699807907871,0.8286277532933731
1.278,0.3555296310754218,0.9028042221295453
1.2785,0.3341892813600565,0.9451907757502149
1.279,0.3235191065023739,0.9769806909657173
1.2795,0.3128489316446912,0.9663840525605498
1.28,0.2168173579255475,0.7650479228623686
1.2805,-0.3807124341046804,0.03387987290581572
1.281,-0.9995825758502737,-0.7714646458869092
1.2815,-1.287677297007705,-1.364876396576285
1.282,-0.9142211769888124,-1.364876396576285
1.2825,-0.2633405106701714,-0.9939940523954253
1.283,0.2488278824985954,-0.4959520473525559
1.2835,0.5049120790829789,-0.1144730647665284
1.284,0.5796033030867573,0.1186529801471552
1.2845,0.5582629533713921,0.1716361721729923
1.285,0.5262524287983441,0.1080563417419877
1.2855,0.5049120790829789,0.05507314971615059
1.286,0.6009436528021226,0.07626642652648545
1.2865,0.5902734779444399,0.01268659609548085
1.287,0.5262524287983441,-0.09327978795619347
1.2875,0.4515612047945656,-0.1780528951975329
1.288,0.3875401556484697,-0.2310360872233701
1.2885,0.4195506802215176,-0.05089323433552374
1.289,0.5582629533713921,0.2034260873884947
1.2895,0.05676473506030786,-0.3475991096802118
1.29,-0.5834457564006506,-0.9622041371799229
1.2905,-1.138294849000148,-0.5489352393783931
1.291,-1.042263275281004,-0.04029659593035631
1.2915,-0.6047861061160158,0.2246193641988295
1.292,-0.1779791118087102,0.3623756634660061
1.2925,0.1207857842064037,0.4471487707073456
1.293,0.291508581929326,0.5107286011383502
1.2935,0.3661998059331045,0.5743084315693548
1.294,0.3768699807907871,0.6484849004055269
1.2945,0.3661998059331045,0.7120647308365314
1.295,0.3448594562177392,0.7650479228623686
1.2955,0.3235191065023739,0.8180311148882058
1.296,0.3128489316446912,0.8074344764830383
1.2965,0.2808384070716433,0.7544512844572011
1.297,-0.156638762093345,0.2564092794143318
1.2975,-0.8181896032696687,-0.5489352393783931
1.298,-1.223656247861609,-1.216523458903942
1.2985,-1.501080794161358,-1.650985633515806
1.299,-1.159635198715513,-1.481439419033127
1.2995,-0.4874141826815069,-0.9198175835592532
1.3,0.0674349099179905,-0.326405832869877
1.3005,0.3661998059331045,0.08686306493165288
1.301,0.4835717293676135,0.2987958330350016
1.3015,0.5049120790829789,0.3199891098453364
1.302,0.4729015545099309,0.2458126410091644
1.3025,0.3128489316446912,0.2458126410091644
1.303,0.1954770082101822,0.1822328105781598
1.3035,0.1954770082101822,0.002089957690313421
1.304,0.2381577076409128,-0.1674562567923655
1.3045,0.2808384070716433,-0.2840192792492073
1.305,0.3555296310754218,-0.2840192792492073
1.3055,0.7289857510943143,0.1822328105781598
1.306,0.4408910299368829,0.3305857482505039
1.3065,-0.2633405106701714,-0.3581957480853793
1.307,-1.010252750707956,-0.6019184314042303
1.3075,-1.180975548430879,-0.2098428104130352
1.308,-0.807519428411986,0.07626642652648545
1.3085,-0.3380317346739499,0.2776025562246667
1.309,0.02475421048725994,0.4259554938970107
1.3095,0.2488278824985954,0.5425185163538525
1.31,0.3448594562177392,0.6484849004055269
1.3105,0.3768699807907871,0.7332580076468663
1.311,0.3768699807907871,0.8180311148882058
1.3115,0.3555296310754218,0.8816109453192104
1.312,0.3341892813600565,0.92399749893988
1.3125,0.3235191065023739,0.9345941373450475
1.313,0.3128489316446912,0.92399749893988
1.3135,0.1741366584948169,0.6166949851900245
1.314,-0.2846808603855366,-0.1992461720078678
1.3145,-0.9035510021311299,-1.01518732920576
1.315,-1.383708870726849,-1.608599079895136
1.3155,-1.437059745015262,-1.79933857118815
1.316,-0.8502001278427167,-1.34368311976595
1.3165,-0.2313299860971235,-0.7078848154559045
1.317,0.1954770082101822,-0.1992461720078678
1.3175,0.4302208550792003,0.1292496185523226
1.318,0.5155822539406614,0.2776025562246667
1.3185,0.5155822539406614,0.2352160026039969
1.319,0.5582629533713921,0.1822328105781598
1.3195,0.6436243522328531,0.2034260873884947
1.32,0.6116138276598051,0.07626642652648545
1.3205,0.5262524287983441,-0.06148987274069118
1.321,0.4515612047945656,-0.1886495336027004
1.3215,0.3875401556484697,-0.252229364033705
1.322,0.07810508477567314,0.13984625695749
1.3225,-0.4660738329661415,0.7438546460520338
1.323,-1.06360362499637,0.3623756634660061
1.3235,-1.51175096901904,-0.5065486857577234
1.324,-1.319687821580753,-0.7608680074817418
1.3245,-0.7648387289812555,-0.4641621321370536
1.325,-0.2526703358124887,-0.02969995752518888
1.3255,0.1101156093487211,0.3517790250608387
1.326,0.3021787567870086,0.627291623595192
1.3265,0.3875401556484697,0.7968378380778709
1.327,0.3982103305061524,0.9028042221295453
1.3275,0.3768699807907871,0.9557874141553824
1.328,0.3555296310754218,0.9663840525605498
1.3285,0.3341892813600565,0.9557874141553824
1.329,0.3128489316446912,0.9028042221295453
1.3295,0.3128489316446912,0.8286277532933731
1.33,0.3021787567870086,0.7438546460520338
1.3305,0.2274875327832301,0.2246193641988295
1.331,-0.04993701351651855,-0.6231117082145651
1.3315,-0.4447334832507763,-1.417859588602123
1.332,-0.5407650569699201,-1.714565463946811
1.3325,-0.2099896363817582,-1.354279758171118
1.333,0.1741366584948169,-0.8350444763179138
1.3335,0.408880505363835,-0.400582301706049
1.334,0.5155822539406614,-0.1038764263613609
1.3345,0.5262524287983441,0.02328323450064829
1.335,0.5049120790829789,0.02328323450064829
1.3355,0.4622313796522482,-0.008506680714854012
1.336,0.4302208550792003,0.07626642652648545
1.3365,0.3982103305061524,0.01268659609548085
1.337,0.3661998059331045,-0.1144730647665284
1.3375,0.3448594562177392,-0.2098428104130352
1.338,0.3341892813600565,-0.2416327256285375
1.3385,0.4515612047945656,-0.09327978795619347
1.339,0.7716664505250448,0.5319218779486851
1.3395,0.2808384070716433,0.5213252395435176
1.34,-0.4767440078238243,-0.2946159176543747
1.3405,-0.7861790786966207,-0.7290780922662394
1.341,-0.5834457564006506,-0.4959520473525559
1.3415,-0.2420001609548061,-0.05089323433552374
1.342,0.04609456020262521,0.383568940276341
1.3425,0.2274875327832301,0.701468092431364
1.343,0.3235191065023739,0.9134008605347127
1.3435,0.3555296310754218,1.029963882991555
1.344,0.3555296310754218,1.093543713422559
1.3445,0.3448594562177392,1.104140351827727
1.345,0.3341892813600565,1.082947075017392
1.3455,0.3235191065023739,1.029963882991555
1.346,0.3128489316446912,0.9557874141553824
1.3465,0.291508581929326,0.7968378380778709
1.347,-0.1032878878049318,0.1822328105781598
1.3475,-0.8181896032696687,-0.7502713690765743
1.348,-1.362368521011484,-1.566212526274467
1.3485,-1.341028171296118,-1.820531847998485
1.349,-0.690147504977477,-1.407262950196955
1.3495,-0.02859666380115328,-0.8880276683437509
1.35,0.3768699807907871,-0.474758770542221
1.3505,0.5582629533713921,-0.2416327256285375
1.351,0.5902734779444399,-0.1356663415768632
1.3515,0.5475927785137094,-0.1250697031716958
1.352,0.4942419042252961,-0.1462629799820306
1.3525,0.5369226036560266,-0.07208651114585861
1.353,0.5582629533713921,-0.05089323433552374
1.3535,0.5049120790829789,-0.1250697031716958
1.354,0.4408910299368829,-0.1992461720078678
1.3545,0.3982103305061524,-0.2098428104130352
1.355,0.3982103305061524,-0.1250697031716958
1.3555,0.7289857510943143,0.3941655786815084
1.356,0.4835717293676135,0.5637117931641874
1.3565,-0.274010685527854,-0.1886495336027004
1.357,-0.807519428411986,-0.8986243067489184
1.3575,-0.7328282044082075,-0.8032545611024114
1.358,-0.4020527838200457,-0.2946159176543747
1.3585,-0.07127736323188383,0.2458126410091644
1.359,0.1634664836371343,0.6590815388106942
1.3595,0.291508581929326,0.9451907757502149
1.36,0.3448594562177392,1.104140351827727
1.3605,0.3555296310754218,1.188913459069066
1.361,0.3448594562177392,1.210106735879401
1.3615,0.3341892813600565,1.188913459069066
1.362,0.3128489316446912,1.135930267043229
1.3625,0.3021787567870086,1.019367244586387
1.363,0.291508581929326,0.8922075837243778
1.3635,0.2381577076409128,0.6484849004055269
1.364,0.0674349099179905,-0.1038764263613609
1.3645,-0.391382608962363,-1.036380606016095
1.365,-0.8288597781273515,-1.682775548731308
1.3655,-0.5941159312583333,-1.672178910326141
1.366,-0.1032878878049318,-1.269506650929778
1.3665,0.2701682322139607,-0.8456411147230812
1.367,0.4835717293676135,-0.4959520473525559
1.3675,0.5582629533713921,-0.252229364033705
1.368,0.5475927785137094,-0.1462629799820306
1.3685,0.4942419042252961,-0.1568596183871981
1.369,0.4835717293676135,-0.3052125560595421
1.3695,0.5582629533713921,-0.5277419625680583
1.37,0.5155822539406614,-0.5489352393783931
1.3705,0.4515612047945656,-0.474758770542221
1.371,0.3875401556484697,-0.3687923864905467
1.3715,0.3448594562177392,-0.2416327256285375
1.372,0.5689331282290746,0.08686306493165288
1.3725,0.6542945270905358,0.55311515475902
1.373,0.07810508477567314,0.06566978812131802
1.3735,-0.4660738329661415,-0.5171453241628908
1.374,-0.7968492535543035,-0.2946159176543747
1.3745,-0.6047861061160158,0.01268659609548085
1.375,-0.274010685527854,0.2776025562246667
1.3755,0.01408403562957729,0.4789386859228479
1.376,0.2061471830678648,0.6378882620003594
1.3765,0.3128489316446912,0.7650479228623686
1.377,0.3448594562177392,0.8710143069140429
1.3775,0.3448594562177392,0.9451907757502149
1.378,0.3341892813600565,1.00877060618122
1.3785,0.3235191065023739,1.040560521396722
1.379,0.3021787567870086,1.040560521396722
1.3795,0.3021787567870086,1.00877060618122
1.38,0.2381577076409128,0.8710143069140429
1.3805,-0.3166913849585846,0.2034260873884947
1.381,-0.8822106524157645,-0.6654982618352349
1.3815,-1.212986073003927,-1.333086481360783
1.382,-1.26633694729234,-1.672178910326141
1.3825,-0.7434983792658902,-1.407262950196955
1.383,-0.1459685872356623,-0.8244478379127463
1.3835,0.291508581929326,-0.3475991096802118
1.384,0.5049120790829789,-0.05089323433552374
1.3845,0.5689331282290746,0.08686306493165288
1.385,0.5369226036560266,0.1080563417419877
1.3855,0.4942419042252961,0.02328323450064829
1.386,0.5582629533713921,-0.2416327256285375
1.3865,0.5475927785137094,-0.3687923864905467
1.387,0.4835717293676135,-0.3687923864905467
1.3875,0.4195506802215176,-0.3475991096802118
1.388,0.3661998059331045,-0.3158091944647096
1.3885,0.291508581929326,-0.02969995752518888
1.389,0.00341386077189465,0.6696781772158616
1.3895,-0.6367966306890638,0.7120647308365314
1.39,-1.244996597576974,-0.1462629799820306
1.3905,-1.30901764672307,-0.718481453861072
1.391,-0.8608703027003992,-0.5913217929990628
1.3915,-0.3593720843893152,-0.2204394488182027
1.392,0.02475421048725994,0.1610395337678249
1.3925,0.2381577076409128,0.457745409112513
1.393,0.3448594562177392,0.6378882620003594
1.3935,0.3661998059331045,0.7544512844572011
1.394,0.3661998059331045,0.8180311148882058
1.3945,0.3448594562177392,0.8392243916985406
1.395,0.3235191065023739,0.8286277532933731
1.3955,0.3021787567870086,0.8074344764830383
1.396,0.3021787567870086,0.775644561267536
1.3965,0.291508581929326,0.7226613692416989
1.397,-0.03926683865883591,0.309392471440169
1.3975,-0.7434983792658902,-0.5807251545938954
1.398,-1.244996597576974,-1.417859588602123
1.3985,-1.490410619303675,-1.990078062481164
1.399,-1.074273799854052,-1.852321763213987
1.3995,-0.4127229586777283,-1.227120097309109
1.4,0.09944543449103843,-0.5913217929990628
1.4005,0.408880505363835,-0.1568596183871981
1.401,0.5369226036560266,0.1080563417419877
1.4015,0.5475927785137094,0.1822328105781598
1.402,0.5049120790829789,0.1504428953626575
1.4025,0.5155822539406614,0.1186529801471552
1.403,0.5155822539406614,0.08686306493165288
1.4035,0.4622313796522482,0.002089957690313421
1.404,0.408880505363835,-0.07208651114585861
1.4045,0.3555296310754218,-0.1250697031716958
1.405,0.3448594562177392,-0.1144730647665284
1.4055,0.6542945270905358,0.2987958330350016
1.406,0.3768699807907871,0.5001319627331828
1.4065,-0.2953510352432193,-0.2098428104130352
1.407,-0.8608703027003992,-0.7714646458869092
1.4075,-0.9142211769888124,-0.6019184314042303
1.408,-0.5834457564006506,-0.2416327256285375
1.4085,-0.1993194615240755,0.1080563417419877
1.409,0.08877525963335578,0.3729723018711736
1.4095,0.2594980573562781,0.55311515475902
1.41,0.3341892813600565,0.6802748156210291
1.4105,0.3555296310754218,0.7544512844572011
1.411,0.3448594562177392,0.8074344764830383
1.4115,0.3341892813600565,0.8392243916985406
1.412,0.3128489316446912,0.8392243916985406
1.4125,0.3021787567870086,0.8180311148882058
1.413,0.291508581929326,0.775644561267536
1.4135,0.09944543449103843,0.4683420475176805
1.414,-0.5941159312583333,-0.3581957480853793
1.4145,-1.30901764672307,-1.205926820498774
1.415,-1.693143941599645,-1.746355379162313
1.4155,-1.287677297007705,-1.545019249464132
1.416,-0.5514352318276028,-0.9622041371799229
1.4165,0.05676473506030786,-0.3793890248957141
1.417,0.4195506802215176,0.03387987290581572
1.4175,0.5582629533713921,0.2564092794143318
1.418,0.5475927785137094,0.3305857482505039
1.4185,0.5049120790829789,0.2987958330350016
1.419,0.4942419042252961,0.2458126410091644
1.4195,0.5475927785137094,0.2564092794143318
1.42,0.5155822539406614,0.1186529801471552
1.4205,0.4515612047945656,-0.04029659593035631
1.421,0.3875401556484697,-0.1674562567923655
1.4215,0.3555296310754218,-0.2310360872233701
1.422,0.2381577076409128,0.07626642652648545
1.4225,-0.3166913849585846,0.6166949851900245
1.423,-1.031593100423322,0.1822328105781598
1.4235,-1.522421143876723,-0.3899856633008816
1.424,-1.757164990745741,-0.01910331912002144
1.4245,-1.319687821580753,0.2670059178194992
1.425,-0.6794773301197943,0.3517790250608387
1.4255,-0.156638762093345,0.3729723018711736
1.426,0.1634664836371343,0.4047622170866759
1.4265,0.3341892813600565,0.4683420475176805
1.427,0.3875401556484697,0.55311515475902
1.4275,0.3875401556484697,0.6484849004055269
1.428,0.3555296310754218,0.7438546460520338
1.4285,0.3341892813600565,0.8180311148882058
1.429,0.3128489316446912,0.8710143069140429
1.4295,0.3021787567870086,0.8922075837243778
1.43,0.2274875327832301,0.7332580076468663
1.4305,-0.4020527838200457,0.03387987290581572
1.431,-1.084943974711735,-0.7502713690765743
1.4315,-1.46907026958831,-1.34368311976595
1.432,-1.682473766741963,-1.714565463946811
1.4325,-1.180975548430879,-1.608599079895136
1.433,-0.4554036581084589,-0.9516074987747555
1.4335,0.07810508477567314,-0.2946159176543747
1.434,0.3875401556484697,0.1504428953626575
1.4345,0.5262524287983441,0.3729723018711736
1.435,0.5582629533713921,0.3941655786815084
1.4355,0.5475927785137094,0.2776025562246667
1.436,0.6329541773751706,0.309392471440169
1.4365,0.6222840025174878,0.2034260873884947
1.437,0.5369226036560266,0.002089957690313421
1.4375,0.4408910299368829,-0.1780528951975329
1.438,0.3661998059331045,-0.3052125560595421
1.4385,0.4515612047945656,-0.2310360872233701
1.439,0.8783681991018712,0.383568940276341
1.4395,0.5369226036560266,0.4789386859228479
1.44,-0.2099896363817582,-0.3052125560595421
1.4405,-0.8502001278427167,-0.8562377531282487
1.441,-0.7968492535543035,-0.6972881770507372
1.4415,-0.4554036581084589,-0.3052125560595421
1.442,-0.1032878878049318,0.08686306493165288
1.4425,0.142126133921769,0.3941655786815084
1.443,0.2808384070716433,0.6060983467848571
1.4435,0.3448594562177392,0.7332580076468663
1.444,0.3555296310754218,0.8180311148882058
1.4445,0.3448594562177392,0.8604176685088755
1.445,0.3341892813600565,0.8710143069140429
1.4455,0.3128489316446912,0.8710143069140429
1.446,0.3128489316446912,0.849821030103708
1.4465,0.3021787567870086,0.7968378380778709
1.447,0.291508581929326,0.5107286011383502
1.4475,0.4835717293676135,-0.2946159176543747
1.448,0.09944543449103843,-1.142346990067769
1.4485,-0.6261264558313813,-1.788741932782983
1.449,-0.8288597781273515,-1.926498232050159
1.4495,-0.4660738329661415,-1.364876396576285
1.45,-0.02859666380115328,-0.718481453861072
1.4505,0.291508581929326,-0.2310360872233701
1.451,0.4622313796522482,0.04447651131098315
1.4515,0.5049120790829789,0.1504428953626575
1.452,0.4729015545099309,0.1610395337678249
1.4525,0.5049120790829789,0.02328323450064829
1.453,0.5369226036560266,-0.1144730647665284
1.4535,0.4942419042252961,-0.1674562567923655
1.454,0.4195506802215176,-0.1886495336027004
1.4545,0.3768699807907871,-0.1992461720078678
1.455,0.291508581929326,-0.1144730647665284
1.4555,0.1527963087794516,0.3941655786815084
1.456,-0.06060718837420119,0.6484849004055269
1.4565,-0.5834457564006506,-0.07208651114585861
1.457,-1.191645723288561,-0.9092209451540858
1.4575,-1.127624674142465,-0.9622041371799229
1.458,-0.690147504977477,-0.5383386009732256
1.4585,-0.2420001609548061,-0.04029659593035631
1.459,0.08877525963335578,0.3623756634660061
1.4595,0.2701682322139607,0.627291623595192
1.46,0.3555296310754218,0.775644561267536
1.4605,0.3661998059331045,0.8392243916985406
1.461,0.3555296310754218,0.8604176685088755
1.4615,0.3341892813600565,0.8604176685088755
1.462,0.3235191065023739,0.8286277532933731
1.4625,0.3128489316446912,0.7862411996727035
1.463,0.3021787567870086,0.7332580076468663
1.4635,0.2274875327832301,0.5849050699745222
1.464,-0.3700422592469978,-0.1250697031716958
1.4645,-1.052933450138687,-1.046977244421262
1.465,-1.51175096901904,-1.788741932782983
1.4655,-1.639793067311232,-2.350363768256857
1.466,-0.9782422261349084,-2.106641084938006
1.4665,-0.2633405106701714,-1.34368311976595
1.467,0.2274875327832301,-0.6549016234300674
1.4675,0.4729015545099309,-0.2098428104130352
1.468,0.5475927785137094,0.02328323450064829
1.4685,0.5369226036560266,0.09745970333682032
1.469,0.5369226036560266,0.01268659609548085
1.4695,0.6436243522328531,-0.2416327256285375
1.47,0.6116138276598051,-0.2946159176543747
1.4705,0.5155822539406614,-0.2416327256285375
1.471,0.4302208550792003,-0.1674562567923655
1.4715,0.3661998059331045,-0.08268314955102604
1.472,0.00341386077189465,0.2564092794143318
1.4725,-0.6367966306890638,0.6908714540261965
1.473,-1.255666772434657,0.2140227257936621
1.4735,-1.586442193022819,-0.4323722169215513
1.474,-1.693143941599645,-0.1038764263613609
1.4745,-1.223656247861609,0.1928294489833272
1.475,-0.6047861061160158,0.309392471440169
1.4755,-0.1032878878049318,0.3623756634660061
1.476,0.1954770082101822,0.4153588554918433
1.4765,0.3448594562177392,0.4789386859228479
1.477,0.3875401556484697,0.5637117931641874
1.4775,0.3875401556484697,0.6484849004055269
1.478,0.3661998059331045,0.7226613692416989
1.4785,0.3341892813600565,0.7968378380778709
1.479,0.3235191065023739,0.849821030103708
1.4795,0.3128489316446912,0.8816109453192104
1.48,0.2808384070716433,0.849821030103708
1.4805,0.00341386077189465,0.309392471440169
1.481,-0.4980843575391895,-0.5277419625680583
1.4815,-0.9142211769888124,-1.216523458903942
1.482,-1.148965023857831,-1.576809164679634
1.4825,-0.7755089038389382,-1.322489842955616
1.483,-0.2313299860971235,-0.7290780922662394
1.4835,0.1741366584948169,-0.1992461720078678
1.484,0.408880505363835,0.1292496185523226
1.4845,0.5049120790829789,0.2987958330350016
1.485,0.5049120790829789,0.3305857482505039
1.4855,0.4729015545099309,0.2458126410091644
1.486,0.6116138276598051,-0.04029659593035631
1.4865,0.6329541773751706,-0.1992461720078678
1.487,0.5582629533713921,-0.2310360872233701
1.4875,0.4622313796522482,-0.2310360872233701
1.488,0.3875401556484697,-0.2204394488182027
1.4885,0.3768699807907871,-0.1144730647665284
1.489,0.7183155762366316,0.4471487707073456
1.4895,0.5049120790829789,0.5637117931641874
1.49,-0.2846808603855366,-0.2310360872233701
1.4905,-0.9355615267041777,-0.9516074987747555
1.491,-0.8822106524157645,-0.8880276683437509
1.4915,-0.5194247072545548,-0.4641621321370536
1.492,-0.1352984123779797,-0.02969995752518888
1.4925,0.1314559590640864,0.309392471440169
1.493,0.2808384070716433,0.5213252395435176
1.4935,0.3448594562177392,0.6484849004055269
1.494,0.3661998059331045,0.701468092431364
1.4945,0.3448594562177392,0.7226613692416989
1.495,0.3341892813600565,0.7226613692416989
1.4955,0.3128489316446912,0.701468092431364
1.496,0.3021787567870086,0.6696781772158616
1.4965,0.291508581929326,0.6060983467848571
1.497,-0.08194753808956648,0.1292496185523226
1.4975,-0.7968492535543035,-0.7608680074817418
1.498,-1.298347471865388,-1.555615887869299
1.4985,-1.597112367880501,-2.17022091536901
1.499,-1.373038695869166,-2.25499402261035
1.4995,-0.6474668055467465,-1.555615887869299
1.5,-0.007256314085787988,-0.8032545611024114
1.5005,0.3875401556484697,-0.252229364033705
1.501,0.5475927785137094,0.1080563417419877
1.5015,0.5582629533713921,0.2776025562246667
1.502,0.5049120790829789,0.2776025562246667
1.5025,0.5262524287983441,0.3411823866556712
1.503,0.5796033030867573,0.3729723018711736
1.5035,0.5262524287983441,0.2458126410091644
1.504,0.4622313796522482,0.09745970333682032
1.5045,0.3982103305061524,-0.02969995752518888
1.505,0.3235191065023739,-0.04029659593035631
1.5055,0.0674349099179905,0.3941655786815084
1.506,-0.423393133535411,0.6696781772158616
1.5065,-0.9569018764195432,-0.02969995752518888
1.507,-1.394379045584531,-0.7608680074817418
1.5075,-1.298347471865388,-0.7290780922662394
1.508,-0.7968492535543035,-0.3793890248957141
1.5085,-0.2846808603855366,0.002089957690313421
1.509,0.07810508477567314,0.309392471440169
1.5095,0.2808384070716433,0.5213252395435176
1.51,0.3661998059331045,0.6484849004055269
1.5105,0.3875401556484697,0.7332580076468663
1.511,0.3661998059331045,0.7862411996727035
1.5115,0.3448594562177392,0.8074344764830383
1.512,0.3235191065023739,0.8074344764830383
1.5125,0.3128489316446912,0.7862411996727035
1.513,0.3021787567870086,0.7544512844572011
1.5135,0.2274875327832301,0.6166949851900245
1.514,-0.3487019095316325,-0.07208651114585861
1.5145,-1.020922925565639,-0.9516074987747555
1.515,-1.319687821580753,-1.576809164679634
1.5155,-0.9355615267041777,-1.460246142222792
1.516,-0.274010685527854,-1.036380606016095
1.5165,0.2168173579255475,-0.5807251545938954
1.517,0.4942419042252961,-0.2628260024388724
1.5175,0.5796033030867573,-0.04029659593035631
1.518,0.5582629533713921,0.1080563417419877
1.5185,0.5049120790829789,0.1716361721729923
1.519,0.4729015545099309,0.1504428953626575
1.5195,0.4942419042252961,0.06566978812131802
1.52,0.4622313796522482,-0.008506680714854012
1.5205,0.4195506802215176,-0.04029659593035631
1.521,0.3661998059331045,-0.06148987274069118
1.5215,0.3448594562177392,-0.07208651114585861
1.522,0.2701682322139607,0.2034260873884947
1.5225,-0.08194753808956648,0.7862411996727035
1.523,-0.754168554123573,0.5107286011383502
1.5235,-1.255666772434657,-0.1780528951975329
1.524,-1.46907026958831,-0.04029659593035631
1.5245,-1.074273799854052,0.13984625695749
1.525,-0.5194247072545548,0.2352160026039969
1.5255,-0.07127736323188383,0.2987958330350016
1.526,0.2061471830678648,0.3729723018711736
1.5265,0.3341892813600565,0.4471487707073456
1.527,0.3875401556484697,0.5319218779486851
1.5275,0.3768699807907871,0.6060983467848571
1.528,0.3555296310754218,0.6908714540261965
1.5285,0.3341892813600565,0.7544512844572011
1.529,0.3235191065023739,0.8074344764830383
1.5295,0.3128489316446912,0.8286277532933731
1.53,0.2808384070716433,0.775644561267536
1.5305,-0.1779791118087102,0.2458126410091644
1.531,-0.8288597781273515,-0.5913217929990628
1.5315,-1.148965023857831,-1.205926820498774
1.532,-1.116954499284783,-1.354279758171118
1.5325,-0.5941159312583333,-0.9198175835592532
1.533,-0.01792648894347063,-0.3687923864905467
1.5335,0.3661998059331045,0.05507314971615059
1.534,0.5475927785137094,0.2670059178194992
1.5345,0.5796033030867573,0.3517790250608387
1.535,0.5475927785137094,0.3623756634660061
1.5355,0.4729015545099309,0.2987958330350016
1.536,0.4515612047945656,0.2246193641988295
1.5365,0.4302208550792003,0.1186529801471552
1.537,0.3982103305061524,-0.008506680714854012
1.5375,0.3768699807907871,-0.1144730647665284
1.538,0.3555296310754218,-0.1780528951975329
1.5385,0.2594980573562781,-0.09327978795619347
1.539,-0.09261771294724913,0.4789386859228479
1.5395,-0.722158029550525,0.5425185163538525
1.54,-1.234326422719292,-0.2628260024388724
1.5405,-1.607782542738184,-0.718481453861072
1.541,-1.341028171296118,-0.4853554089473885
1.5415,-0.754168554123573,-0.1674562567923655
1.542,-0.2313299860971235,0.1186529801471552
1.5425,0.1207857842064037,0.3411823866556712
1.543,0.3128489316446912,0.5001319627331828
1.5435,0.3875401556484697,0.6060983467848571
1.544,0.3875401556484697,0.6908714540261965
1.5445,0.3768699807907871,0.7544512844572011
1.545,0.3448594562177392,0.7968378380778709
1.5455,0.3235191065023739,0.8180311148882058
1.546,0.3128489316446912,0.8074344764830383
1.5465,0.3021787567870086,0.7650479228623686
1.547,0.02475421048725994,0.3411823866556712
1.5475,-0.690147504977477,-0.5065486857577234
1.548,-1.084943974711735,-1.248313374119443
1.5485,-1.202315898146244,-1.725162102351978
1.549,-0.8822106524157645,-1.598002441489969
1.5495,-0.2953510352432193,-1.004590690800593
1.55,0.1741366584948169,-0.400582301706049
1.5505,0.4302208550792003,0.01268659609548085
1.551,0.5475927785137094,0.2140227257936621
1.5515,0.5475927785137094,0.2776025562246667
1.552,0.5049120790829789,0.2352160026039969
1.5525,0.4515612047945656,0.2140227257936621
1.553,0.4302208550792003,0.1822328105781598
1.5535,0.3982103305061524,0.03387987290581572
1.554,0.3661998059331045,-0.1144730647665284
1.5545,0.3448594562177392,-0.2310360872233701
1.555,0.3341892813600565,-0.2416327256285375
1.5555,0.6009436528021226,0.1504428953626575
1.556,0.6542945270905358,0.6166949851900245
1.5565,0.05676473506030786,0.09745970333682032
1.557,-0.6047861061160158,-0.3370024712750445
1.5575,-0.9889124009925911,0.01268659609548085
1.558,-0.7755089038389382,0.2352160026039969
1.5585,-0.3807124341046804,0.3517790250608387
1.559,-0.02859666380115328,0.4259554938970107
1.5595,0.2061471830678648,0.5107286011383502
1.56,0.3235191065023739,0.6060983467848571
1.5605,0.3661998059331045,0.701468092431364
1.561,0.3661998059331045,0.8074344764830383
1.5615,0.3555296310754218,0.8922075837243778
1.562,0.3341892813600565,0.9451907757502149
1.5625,0.3235191065023739,0.9875773293708847
1.563,0.3128489316446912,0.9875773293708847
1.5635,0.2808384070716433,0.8816109453192104
1.564,0.4622313796522482,0.2776025562246667
1.5645,0.5689331282290746,-0.5595318777835605
1.565,0.03542438534494258,-1.248313374119443
1.5655,-0.1886492866663929,-1.333086481360783
1.566,0.01408403562957729,-0.9304142219644207
1.5665,0.2488278824985954,-0.4111789401112165
1.567,0.4195506802215176,-0.02969995752518888
1.5675,0.4942419042252961,0.2246193641988295
1.568,0.4942419042252961,0.309392471440169
1.5685,0.4729015545099309,0.2564092794143318
1.569,0.4622313796522482,0.1716361721729923
1.5695,0.5689331282290746,0.1292496185523226
1.57,0.5582629533713921,-0.008506680714854012
1.5705,0.4835717293676135,-0.1674562567923655
1.571,0.4195506802215176,-0.2840192792492073
1.5715,0.3661998059331045,-0.3581957480853793
1.572,0.3661998059331045,-0.1462629799820306
1.5725,0.5475927785137094,0.5001319627331828
1.573,0.1741366584948169,0.457745409112513
1.5735,-0.5407650569699201,-0.3475991096802118
1.574,-0.9248913518464952,-0.7820612842920766
1.5745,-0.7328282044082075,-0.570128516188728
1.575,-0.3593720843893152,-0.1568596183871981
1.5755,-0.02859666380115328,0.2564092794143318
1.576,0.1954770082101822,0.5637117931641874
1.5765,0.3128489316446912,0.7650479228623686
1.577,0.3555296310754218,0.8922075837243778
1.5775,0.3555296310754218,0.9663840525605498
1.578,0.3448594562177392,0.9981739677760521
1.5785,0.3235191065023739,0.9981739677760521
1.579,0.3128489316446912,0.9769806909657173
1.5795,0.3021787567870086,0.9345941373450475
1.58,0.2701682322139607,0.8180311148882058
1.5805,-0.2206598112394408,0.1822328105781598
1.581,-0.8822106524157645,-0.7396747306714069
1.5815,-1.170305373573196,-1.502632695843462
1.582,-0.9675720512772257,-1.862918401619155
1.5825,-0.3700422592469978,-1.598002441489969
1.583,0.1634664836371343,-1.046977244421262
1.5835,0.4622313796522482,-0.5171453241628908
1.584,0.5796033030867573,-0.1674562567923655
1.5845,0.5689331282290746,0.002089957690313421
1.585,0.5155822539406614,0.03387987290581572
1.5855,0.4515612047945656,0.002089957690313421
1.586,0.5796033030867573,0.09745970333682032
1.5865,0.6329541773751706,0.06566978812131802
1.587,0.5689331282290746,-0.08268314955102604
1.5875,0.4622313796522482,-0.2416327256285375
1.588,0.3875401556484697,-0.3370024712750445
1.5885,0.3982103305061524,-0.2840192792492073
1.589,0.7183155762366316,0.2458126410091644
1.5895,0.3448594562177392,0.3199891098453364
1.59,-0.4127229586777283,-0.4323722169215513
1.5905,-1.031593100423322,-1.036380606016095
1.591,-0.9675720512772257,-0.8456411147230812
1.5915,-0.572775581542968,-0.326405832869877
1.592,-0.1673089369510276,0.1928294489833272
1.5925,0.1207857842064037,0.5743084315693548
1.593,0.2701682322139607,0.8286277532933731
1.5935,0.3448594562177392,0.9875773293708847
1.594,0.3555296310754218,1.061753798207057
1.5945,0.3448594562177392,1.082947075017392
1.595,0.3235191065023739,1.072350436612224
1.5955,0.3128489316446912,1.040560521396722
1.596,0.3021787567870086,0.9875773293708847
1.5965,0.3021787567870086,0.92399749893988
1.597,0.08877525963335578,0.6060983467848571
1.5975,-0.5407650569699201,-0.2734226408440398
1.598,-1.042263275281004,-1.195330182093607
1.5985,-1.330357996438436,-1.894708316834657
1.599,-1.159635198715513,-2.106641084938006
1.5995,-0.572775581542968,-1.576809164679634
1.6,-0.01792648894347063,-0.9410108603695881
1.6005,0.3341892813600565,-0.5065486857577234
1.601,0.4942419042252961,-0.1992461720078678
1.6015,0.5369226036560266,-0.04029659593035631
1.602,0.5049120790829789,-0.01910331912002144
1.6025,0.5262524287983441,0.01268659609548085
1.603,0.5902734779444399,0.03387987290581572
1.6035,0.5369226036560266,-0.08268314955102604
1.604,0.4515612047945656,-0.2204394488182027
1.6045,0.3875401556484697,-0.2946159176543747
1.605,0.3661998059331045,-0.2734226408440398
1.6055,0.5369226036560266,0.1716361721729923
1.606,0.4408910299368829,0.775644561267536
1.6065,-0.3380317346739499,0.3729723018711736
1.607,-1.180975548430879,-0.3793890248957141
1.6075,-1.437059745015262,-0.3581957480853793
1.608,-1.031593100423322,-0.08268314955102604
1.6085,-0.4980843575391895,0.2140227257936621
1.609,-0.06060718837420119,0.4789386859228479
1.6095,0.2061471830678648,0.6908714540261965
1.61,0.3341892813600565,0.849821030103708
1.6105,0.3768699807907871,0.9663840525605498
1.611,0.3661998059331045,1.051157159801889
1.6115,0.3448594562177392,1.104140351827727
1.612,0.3235191065023739,1.125333628638062
1.6125,0.3021787567870086,1.114736990232894
1.613,0.3021787567870086,1.061753798207057
1.6135,0.2808384070716433,0.9557874141553824
1.614,0.2594980573562781,0.4047622170866759
1.6145,0.0674349099179905,-0.4853554089473885
1.615,-0.391382608962363,-1.280103289334946
1.6155,-0.6261264558313813,-1.598002441489969
1.616,-0.3380317346739499,-1.333086481360783
1.6165,0.03542438534494258,-0.8880276683437509
1.617,0.3128489316446912,-0.4429688553267188
1.6175,0.4515612047945656,-0.1568596183871981
1.618,0.5049120790829789,-0.008506680714854012
1.6185,0.4942419042252961,0.05507314971615059
1.619,0.4729015545099309,0.04447651131098315
1.6195,0.5582629533713921,0.13984625695749
1.62,0.5475927785137094,0.05507314971615059
1.6205,0.4729015545099309,-0.1250697031716958
1.621,0.3982103305061524,-0.2734226408440398
1.6215,0.3448594562177392,-0.3581957480853793
1.622,0.2381577076409128,-0.1144730647665284
1.6225,-0.2846808603855366,0.55311515475902
1.623,-0.9675720512772257,0.5001319627331828
1.6235,-1.298347471865388,-0.1568596183871981
1.624,-1.490410619303675,0.02328323450064829
1.6245,-1.180975548430879,0.2987958330350016
1.625,-0.6261264558313813,0.4047622170866759
1.6255,-0.156638762093345,0.4471487707073456
1.626,0.1527963087794516,0.5001319627331828
1.6265,0.3128489316446912,0.5849050699745222
1.627,0.3661998059331045,0.6908714540261965
1.6275,0.3661998059331045,0.7968378380778709
1.628,0.3448594562177392,0.8922075837243778
1.6285,0.3235191065023739,0.9769806909657173
1.629,0.3021787567870086,1.00877060618122
1.6295,0.291508581929326,1.019367244586387
1.63,0.2701682322139607,0.9663840525605498
1.6305,-0.1673089369510276,0.5001319627331828
1.631,-0.839529952985034,-0.326405832869877
1.6315,-1.30901764672307,-1.068170521231597
1.632,-1.319687821580753,-1.269506650929778
1.6325,-0.722158029550525,-0.8986243067489184
1.633,-0.09261771294724913,-0.4323722169215513
1.6335,0.3235191065023739,-0.1038764263613609
1.634,0.5262524287983441,0.1080563417419877
1.6345,0.5582629533713921,0.1610395337678249
1.635,0.5369226036560266,0.1504428953626575
1.6355,0.4835717293676135,0.08686306493165288
1.636,0.5049120790829789,0.03387987290581572
1.6365,0.4942419042252961,-0.05089323433552374
1.637,0.4408910299368829,-0.1462629799820306
1.6375,0.3875401556484697,-0.2416327256285375
1.638,0.3448594562177392,-0.3052125560595421
1.6385,0.3768699807907871,-0.252229364033705
1.639,0.6969752265212663,0.2987958330350016
1.6395,0.4195506802215176,0.4895353243280153
1.64,-0.2526703358124887,-0.2416327256285375
1.6405,-0.8608703027003992,-0.9939940523954253
1.641,-0.8502001278427167,-0.9516074987747555
1.6415,-0.5087545323968721,-0.4853554089473885
1.642,-0.1459685872356623,0.02328323450064829
1.6425,0.1207857842064037,0.4153588554918433
1.643,0.2701682322139607,0.6696781772158616
1.6435,0.3341892813600565,0.8180311148882058
1.644,0.3448594562177392,0.8922075837243778
1.6445,0.3448594562177392,0.9134008605347127
1.645,0.3235191065023739,0.9028042221295453
1.6455,0.3128489316446912,0.8816109453192104
1.646,0.3021787567870086,0.8286277532933731
1.6465,0.291508581929326,0.7650479228623686
1.647,0.1101156093487211,0.3199891098453364
1.6475,-0.5514352318276028,-0.570128516188728
1.648,-1.084943974711735,-1.407262950196955
1.6485,-1.298347471865388,-2.053657892912168
1.649,-1.202315898146244,-2.180817553774178
1.6495,-0.6047861061160158,-1.587405803084801
1.65,-0.03926683865883591,-0.8986243067489184
1.6505,0.3235191065023739,-0.326405832869877
1.651,0.4835717293676135,0.002089957690313421
1.6515,0.5049120790829789,0.1186529801471552
1.652,0.4729015545099309,0.08686306493165288
1.6525,0.4729015545099309,0.06566978812131802
1.653,0.4942419042252961,0.09745970333682032
1.6535,0.4622313796522482,-0.008506680714854012
1.654,0.408880505363835,-0.1250697031716958
1.6545,0.3555296310754218,-0.1992461720078678
1.655,0.3128489316446912,-0.1992461720078678
1.6555,0.01408403562957729,0.2246193641988295
1.656,-0.6367966306890638,0.6696781772158616
1.6565,-1.180975548430879,0.1080563417419877
1.657,-1.479740444445993,-0.7290780922662394
1.6575,-1.30901764672307,-0.8562377531282487
1.658,-0.7755089038389382,-0.474758770542221
1.6585,-0.274010685527854,0.002089957690313421
1.659,0.08877525963335578,0.4047622170866759
1.6595,0.2808384070716433,0.6908714540261965
1.66,0.3555296310754218,0.8710143069140429
1.6605,0.3768699807907871,0.9663840525605498
1.661,0.3555296310754218,1.019367244586387
1.6615,0.3341892813600565,1.029963882991555
1.662,0.3128489316446912,1.00877060618122
1.6625,0.291508581929326,0.9345941373450475
1.663,0.291508581929326,0.849821030103708
1.6635,0.2274875327832301,0.5849050699745222
1.664,0.1954770082101822,-0.2098428104130352
1.6645,0.01408403562957729,-1.110557074852267
1.665,-0.4554036581084589,-1.788741932782983
1.6655,-0.6047861061160158,-1.968884785670829
1.666,-0.3060212101009019,-1.545019249464132
1.6665,0.0674349099179905,-0.9728007755850904
1.667,0.3021787567870086,-0.5171453241628908
1.6675,0.4195506802215176,-0.252229364033705
1.668,0.4622313796522482,-0.1144730647665284
1.6685,0.4622313796522482,-0.07208651114585861
1.669,0.4408910299368829,-0.08268314955102604
1.6695,0.5155822539406614,-0.2204394488182027
1.67,0.5049120790829789,-0.2734226408440398
1.6705,0.4515612047945656,-0.2734226408440398
1.671,0.3875401556484697,-0.252229364033705
1.6715,0.3555296310754218,-0.2310360872233701
1.672,0.1741366584948169,-0.06148987274069118
1.6725,-0.5514352318276028,-0.1992461720078678
1.673,-1.138294849000148,-0.8562377531282487
1.6735,-1.458400094730627,-1.481439419033127
1.674,-1.575772018165136,-1.396666311791788
1.6745,-1.148965023857831,-0.7608680074817418
1.675,-0.572775581542968,-0.1568596183871981
1.6755,-0.1032878878049318,0.2881991946298341
1.676,0.1848068333524996,0.5637117931641874
1.6765,0.3341892813600565,0.7226613692416989
1.677,0.3768699807907871,0.8074344764830383
1.6775,0.3768699807907871,0.8392243916985406
1.678,0.3448594562177392,0.849821030103708
1.6785,0.3341892813600565,0.849821030103708
1.679,0.3128489316446912,0.8286277532933731
1.6795,0.3021787567870086,0.7862411996727035
1.68,0.291508581929326,0.7332580076468663
1.6805,-0.007256314085787988,0.2670059178194992
1.681,-0.5514352318276028,-0.6337083466197325
1.6815,-1.042263275281004,-1.407262950196955
1.682,-1.255666772434657,-1.915901593644992
1.6825,-0.9035510021311299,-1.778145294377815
1.683,-0.3166913849585846,-1.216523458903942
1.6835,0.1527963087794516,-0.6654982618352349
1.684,0.4302208550792003,-0.1886495336027004
1.6845,0.5262524287983441,0.06566978812131802
1.685,0.5262524287983441,0.1292496185523226
1.6855,0.4835717293676135,0.08686306493165288
1.686,0.4408910299368829,-0.1356663415768632
1.6865,0.408880505363835,-0.2840192792492073
1.687,0.3768699807907871,-0.2840192792492073
1.6875,0.3555296310754218,-0.2204394488182027
1.688,0.3448594562177392,-0.1568596183871981
1.6885,0.2594980573562781,0.01268659609548085
1.689,-0.2099896363817582,0.6166949851900245
1.6895,-0.9782422261349084,0.9875773293708847
1.69,-1.501080794161358,0.2670059178194992
1.6905,-1.821186039891837,-0.6337083466197325
1.691,-1.447729919872945,-0.7502713690765743
1.6915,-0.7968492535543035,-0.3899856633008816
1.692,-0.2420001609548061,0.06566978812131802
1.6925,0.1207857842064037,0.4471487707073456
1.693,0.3128489316446912,0.701468092431364
1.6935,0.3875401556484697,0.849821030103708
1.694,0.3875401556484697,0.9345941373450475
1.6945,0.3661998059331045,0.9557874141553824
1.695,0.3341892813600565,0.9451907757502149
1.6955,0.3128489316446912,0.9028042221295453
1.696,0.3021787567870086,0.8392243916985406
1.6965,0.3021787567870086,0.7650479228623686
1.697,0.08877525963335578,0.4259554938970107
1.6975,-0.3593720843893152,-0.4535654937318862
1.698,-0.7968492535543035,-1.333086481360783
1.6985,-0.9995825758502737,-1.905304955239825
1.699,-0.5834457564006506,-1.778145294377815
1.6995,-0.01792648894347063,-1.301296566145281
1.7,0.3661998059331045,-0.8138511995075789
1.7005,0.5475927785137094,-0.474758770542221
1.701,0.5689331282290746,-0.2310360872233701
1.7015,0.5155822539406614,-0.1144730647665284
1.702,0.4622313796522482,-0.05089323433552374
1.7025,0.4729015545099309,-0.008506680714854012
1.703,0.5582629533713921,0.02328323450064829
1.7035,0.5262524287983441,-0.02969995752518888
1.704,0.4515612047945656,-0.08268314955102604
1.7045,0.3875401556484697,-0.1038764263613609
1.705,0.3448594562177392,-0.06148987274069118
1.7055,0.1101156093487211,0.3623756634660061
1.706,-0.5621054066852853,0.9028042221295453
1.7065,-1.127624674142465,0.4047622170866759
1.707,-1.51175096901904,-0.1780528951975329
1.7075,-1.618452717595867,0.1186529801471552
1.708,-1.148965023857831,0.3305857482505039
1.7085,-0.5514352318276028,0.4047622170866759
1.709,-0.07127736323188383,0.457745409112513
1.7095,0.2061471830678648,0.5213252395435176
1.71,0.3448594562177392,0.6060983467848571
1.7105,0.3875401556484697,0.7120647308365314
1.711,0.3768699807907871,0.8074344764830383
1.7115,0.3555296310754218,0.9028042221295453
1.712,0.3341892813600565,0.9663840525605498
1.7125,0.3128489316446912,1.00877060618122
1.713,0.3021787567870086,1.00877060618122
1.7135,0.2381577076409128,0.7862411996727035
1.714,-0.2633405106701714,0.07626642652648545
1.7145,-0.7328282044082075,-0.6231117082145651
1.715,-1.095614149569417,-1.205926820498774
1.7155,-0.9355615267041777,-1.364876396576285
1.716,-0.3807124341046804,-0.9728007755850904
1.7165,0.1314559590640864,-0.4959520473525559
1.717,0.4408910299368829,-0.09327978795619347
1.7175,0.5582629533713921,0.1504428953626575
1.718,0.5475927785137094,0.2352160026039969
1.7185,0.5049120790829789,0.2034260873884947
1.719,0.4622313796522482,0.1186529801471552
1.7195,0.4622313796522482,0.04447651131098315
1.72,0.4408910299368829,-0.07208651114585861
1.7205,0.3982103305061524,-0.2098428104130352
1.721,0.3555296310754218,-0.326405832869877
1.7215,0.3341892813600565,-0.3899856633008816
1.722,0.291508581929326,-0.326405832869877
1.7225,0.3982103305061524,0.2034260873884947
1.723,0.05676473506030786,0.309392471440169
1.7235,-0.8502001278427167,-0.4217755785163839
1.724,-1.383708870726849,-0.9939940523954253
1.7245,-1.127624674142465,-0.8138511995075789
1.725,-0.6154562809736985,-0.3158091944647096
1.7255,-0.156638762093345,0.1716361721729923
1.726,0.1527963087794516,0.5319218779486851
1.7265,0.3128489316446912,0.775644561267536
1.727,0.3661998059331045,0.9134008605347127
1.7275,0.3768699807907871,0.9769806909657173
1.728,0.3555296310754218,0.9981739677760521
1.7285,0.3341892813600565,0.9769806909657173
1.729,0.3235191065023739,0.9451907757502149
1.7295,0.3021787567870086,0.8710143069140429
1.73,0.3021787567870086,0.775644561267536
1.7305,-0.007256314085787988,0.3411823866556712
1.731,-0.6794773301197943,-0.5489352393783931
1.7315,-1.191645723288561,-1.417859588602123
1.732,-1.298347471865388,-1.979481424075996
1.7325,-0.7114878546928423,-1.831128486403653
1.733,-0.09261771294724913,-1.205926820498774
1.7335,0.3128489316446912,-0.6231117082145651
1.734,0.5049120790829789,-0.2416327256285375
1.7345,0.5475927785137094,-0.04029659593035631
1.735,0.5369226036560266,0.002089957690313421
1.7355,0.4942419042252961,-0.06148987274069118
1.736,0.5262524287983441,-0.05089323433552374
1.7365,0.5369226036560266,-0.02969995752518888
1.737,0.4835717293676135,-0.07208651114585861
1.7375,0.4302208550792003,-0.1144730647665284
1.738,0.3768699807907871,-0.1250697031716958
1.7385,0.2808384070716433,-0.02969995752518888
1.739,0.2061471830678648,0.5425185163538525
1.7395,0.08877525963335578,1.029963882991555
1.74,-0.4127229586777283,0.4471487707073456
1.7405,-0.9035510021311299,-0.1674562567923655
1.741,-0.8928808272734472,-0.1674562567923655
1.7415,-0.5407650569699201,0.03387987290581572
1.742,-0.1673089369510276,0.2776025562246667
1.7425,0.1207857842064037,0.5107286011383502
1.743,0.2701682322139607,0.6908714540261965
1.7435,0.3448594562177392,0.8286277532933731
1.744,0.3555296310754218,0.9345941373450475
1.7445,0.3555296310754218,0.9981739677760521
1.745,0.3341892813600565,1.040560521396722
1.7455,0.3235191065023739,1.051157159801889
1.746,0.3128489316446912,1.029963882991555
1.7465,0.3021787567870086,0.9663840525605498
1.747,0.1207857842064037,0.5955017083796896
1.7475,-0.4874141826815069,-0.2840192792492073
1.748,-1.052933450138687,-1.131750351662602
1.7485,-1.394379045584531,-1.672178910326141
1.749,-1.074273799854052,-1.523825972653797
1.7495,-0.4340633083930936,-1.05757388282643
1.75,0.08877525963335578,-0.5913217929990628
1.7505,0.3875401556484697,-0.2628260024388724
1.751,0.4942419042252961,-0.08268314955102604
1.7515,0.5155822539406614,-0.05089323433552374
1.752,0.4835717293676135,-0.07208651114585861
1.7525,0.4729015545099309,-0.02969995752518888
1.753,0.5049120790829789,0.06566978812131802
1.7535,0.4729015545099309,-0.01910331912002144
1.754,0.4195506802215176,-0.1462629799820306
1.7545,0.3768699807907871,-0.252229364033705
1.755,0.3448594562177392,-0.3158091944647096
1.7555,0.4195506802215176,-0.2734226408440398
1.756,0.4622313796522482,0.1716361721729923
1.7565,-0.1352984123779797,-0.1674562567923655
1.757,-0.7648387289812555,-0.9092209451540858
1.7575,-0.9248913518464952,-1.068170521231597
1.758,-0.6367966306890638,-0.6231117082145651
1.7585,-0.2526703358124887,-0.07208651114585861
1.759,0.05676473506030786,0.4047622170866759
1.7595,0.2381577076409128,0.7226613692416989
1.76,0.3235191065023739,0.92399749893988
1.7605,0.3555296310754218,1.019367244586387
1.761,0.3555296310754218,1.061753798207057
1.7615,0.3341892813600565,1.061753798207057
1.762,0.3235191065023739,1.029963882991555
1.7625,0.3128489316446912,0.9769806909657173
1.763,0.3021787567870086,0.8922075837243778
1.7635,0.2701682322139607,0.7544512844572011
1.764,-0.1886492866663929,0.1080563417419877
1.7645,-0.7755089038389382,-0.8032545611024114
1.765,-1.170305373573196,-1.576809164679634
1.7655,-1.020922925565639,-1.852321763213987
1.766,-0.4127229586777283,-1.555615887869299
1.7665,0.1101156093487211,-1.036380606016095
1.767,0.4302208550792003,-0.5807251545938954
1.7675,0.5582629533713921,-0.2416327256285375
1.768,0.5475927785137094,-0.08268314955102604
1.7685,0.4942419042252961,-0.04029659593035631
1.769,0.4408910299368829,-0.05089323433552374
1.7695,0.408880505363835,-0.02969995752518888
1.77,0.3875401556484697,-0.07208651114585861
1.7705,0.3555296310754218,-0.1356663415768632
1.771,0.3341892813600565,-0.1780528951975329
1.7715,0.3235191065023739,-0.1886495336027004
1.772,0.1741366584948169,-0.3475991096802118
1.7725,-0.3807124341046804,-0.9516074987747555
1.773,-0.9782422261349084,-1.587405803084801
1.7735,-1.46907026958831,-2.096044446532838
1.774,-1.650463242168915,-2.117237723343173
1.7745,-1.202315898146244,-1.311893204550448
1.775,-0.6047861061160158,-0.4217755785163839
1.7755,-0.1139580626626144,0.2670059178194992
1.776,0.1954770082101822,0.6908714540261965
1.7765,0.3341892813600565,0.9028042221295453
1.777,0.3875401556484697,0.9663840525605498
1.7775,0.3875401556484697,0.9557874141553824
1.778,0.3555296310754218,0.8922075837243778
1.7785,0.3341892813600565,0.8180311148882058
1.779,0.3128489316446912,0.7226613692416989
1.7795,0.3021787567870086,0.6378882620003594
1.78,0.291508581929326,0.5107286011383502
1.7805,0.1848068333524996,0.06566978812131802
1.781,-0.04993701351651855,-0.7820612842920766
1.7815,-0.5514352318276028,-1.555615887869299
1.782,-1.052933450138687,-2.117237723343173
1.7825,-0.9782422261349084,-1.958288147265661
1.783,-0.4660738329661415,-1.290699927740113
1.7835,0.00341386077189465,-0.6443049850249
1.784,0.3021787567870086,-0.2310360872233701
1.7845,0.4408910299368829,-0.01910331912002144
1.785,0.4729015545099309,0.06566978812131802
1.7855,0.4515612047945656,0.05507314971615059
1.786,0.4942419042252961,-0.06148987274069118
1.7865,0.5369226036560266,-0.1886495336027004
1.787,0.4942419042252961,-0.2098428104130352
1.7875,0.4302208550792003,-0.1886495336027004
1.788,0.3768699807907871,-0.1462629799820306
1.7885,0.3235191065023739,-0.01910331912002144
1.789,0.04609456020262521,0.5425185163538525
1.7895,-0.6047861061160158,0.7332580076468663
1.79,-1.180975548430879,-0.04029659593035631
1.7905,-1.597112367880501,-0.7820612842920766
1.791,-1.415719395299897,-0.7078848154559045
1.7915,-0.8502001278427167,-0.3158091944647096
1.792,-0.2953510352432193,0.09745970333682032
1.7925,0.07810508477567314,0.4259554938970107
1.793,0.291508581929326,0.6590815388106942
1.7935,0.3661998059331045,0.7968378380778709
1.794,0.3875401556484697,0.8816109453192104
1.7945,0.3661998059331045,0.92399749893988
1.795,0.3448594562177392,0.9451907757502149
1.7955,0.3235191065023739,0.9451907757502149
1.796,0.3128489316446912,0.92399749893988
1.7965,0.3021787567870086,0.8604176685088755
1.797,0.2488278824985954,0.5955017083796896
1.7975,0.3448594562177392,-0.2098428104130352
1.798,0.08877525963335578,-1.0999604364471
1.7985,-0.4447334832507763,-1.725162102351978
1.799,-0.4447334832507763,-1.661582271920973
1.7995,-0.1032878878049318,-1.142346990067769
1.8,0.2168173579255475,-0.5913217929990628
1.8005,0.4302208550792003,-0.2416327256285375
1.801,0.5155822539406614,-0.02969995752518888
1.8015,0.5155822539406614,0.07626642652648545
1.802,0.4835717293676135,0.08686306493165288
1.8025,0.4622313796522482,0.1080563417419877
1.803,0.4835717293676135,0.1292496185523226
1.8035,0.4622313796522482,0.04447651131098315
1.804,0.408880505363835,-0.06148987274069118
1.8045,0.3661998059331045,-0.1462629799820306
1.805,0.3341892813600565,-0.1886495336027004
1.8055,0.5155822539406614,0.03387987290581572
1.806,0.6649647019482183,0.5319218779486851
1.8065,0.04609456020262521,0.1292496185523226
1.807,-0.6794773301197943,-0.6019184314042303
1.8075,-1.148965023857831,-0.5065486857577234
1.808,-0.9462317015618604,-0.1780528951975329
1.8085,-0.4980843575391895,0.1080563417419877
1.809,-0.1032878878049318,0.3305857482505039
1.8095,0.1634664836371343,0.5001319627331828
1.81,0.3021787567870086,0.627291623595192
1.8105,0.3555296310754218,0.7332580076468663
1.811,0.3555296310754218,0.8074344764830383
1.8115,0.3448594562177392,0.8816109453192104
1.812,0.3235191065023739,0.9134008605347127
1.8125,0.3021787567870086,0.9134008605347127
1.813,0.291508581929326,0.8922075837243778
1.8135,0.2594980573562781,0.7862411996727035
1.814,-0.1459685872356623,0.1292496185523226
1.8145,-0.690147504977477,-0.7078848154559045
1.815,-1.06360362499637,-1.396666311791788
1.8155,-1.287677297007705,-1.84172512480882
1.816,-0.9248913518464952,-1.661582271920973
1.8165,-0.3166913849585846,-1.01518732920576
1.817,0.1527963087794516,-0.3899856633008816
1.8175,0.4195506802215176,0.02328323450064829
1.818,0.5049120790829789,0.2140227257936621
1.8185,0.5049120790829789,0.2670059178194992
1.819,0.4729015545099309,0.1928294489833272
1.8195,0.5262524287983441,-0.09327978795619347
1.82,0.5262524287983441,-0.2734226408440398
1.8205,0.4729015545099309,-0.326405832869877
1.821,0.408880505363835,-0.326405832869877
1.8215,0.3661998059331045,-0.3052125560595421
1.822,0.2808384070716433,-0.1462629799820306
1.8225,0.3661998059331045,0.5001319627331828
1.823,0.2061471830678648,1.114736990232894
1.8235,-0.5407650569699201,0.6696781772158616
1.824,-1.074273799854052,-0.1568596183871981
1.8245,-0.9142211769888124,-0.3370024712750445
1.825,-0.4980843575391895,-0.1568596183871981
1.8255,-0.1139580626626144,0.13984625695749
1.826,0.1527963087794516,0.4259554938970107
1.8265,0.291508581929326,0.6378882620003594
1.827,0.3555296310754218,0.7862411996727035
1.8275,0.3555296310754218,0.8922075837243778
1.828,0.3448594562177392,0.9451907757502149
1.8285,0.3235191065023739,0.9769806909657173
1.829,0.3128489316446912,0.9663840525605498
1.8295,0.3021787567870086,0.92399749893988
1.83,0.291508581929326,0.8604176685088755
1.8305,-0.03926683865883591,0.3517790250608387
1.831,-0.7328282044082075,-0.5489352393783931
1.8315,-1.287677297007705,-1.322489842955616
1.832,-1.46907026958831,-1.820531847998485
1.8325,-1.010252750707956,-1.703968825541643
1.833,-0.3487019095316325,-1.216523458903942
1.8335,0.1634664836371343,-0.6866915386455698
1.834,0.4515612047945656,-0.2098428104130352
1.8345,0.5582629533713921,0.1080563417419877
1.835,0.5689331282290746,0.2034260873884947
1.8355,0.5155822539406614,0.1292496185523226
1.836,0.5475927785137094,-0.09327978795619347
1.8365,0.6009436528021226,-0.326405832869877
1.837,0.5475927785137094,-0.3793890248957141
1.8375,0.4515612047945656,-0.3581957480853793
1.838,0.3875401556484697,-0.3158091944647096
1.8385,0.3235191065023739,-0.252229364033705
1.839,0.4408910299368829,0.09745970333682032
1.8395,0.2808384070716433,0.4047622170866759
1.84,-0.3060212101009019,-0.2098428104130352
1.8405,-0.9462317015618604,-1.025783967610927
1.841,-1.06360362499637,-1.131750351662602
1.8415,-0.7114878546928423,-0.6549016234300674
1.842,-0.2846808603855366,-0.07208651114585861
1.8425,0.04609456020262521,0.383568940276341
1.843,0.2381577076409128,0.6908714540261965
1.8435,0.3341892813600565,0.8710143069140429
1.844,0.3555296310754218,0.9451907757502149
1.8445,0.3555296310754218,0.9769806909657173
1.845,0.3341892813600565,0.9557874141553824
1.8455,0.3128489316446912,0.92399749893988
1.846,0.3021787567870086,0.8604176685088755
1.8465,0.3021787567870086,0.7968378380778709
1.847,0.142126133921769,0.5001319627331828
1.8475,-0.5300948821122373,-0.326405832869877
1.848,-1.074273799854052,-1.174136905283272
1.8485,-1.405049220442214,-1.84172512480882
1.849,-1.46907026958831,-2.25499402261035
1.8495,-0.8822106524157645,-1.873515040024322
1.85,-0.2099896363817582,-1.184733543688439
1.8505,0.2381577076409128,-0.5913217929990628
1.851,0.4622313796522482,-0.1886495336027004
1.8515,0.5262524287983441,-0.008506680714854012
1.852,0.5155822539406614,0.01268659609548085
1.8525,0.5049120790829789,-0.04029659593035631
1.853,0.5475927785137094,-0.1886495336027004
1.8535,0.5155822539406614,-0.2098428104130352
1.854,0.4515612047945656,-0.1674562567923655
1.8545,0.3875401556484697,-0.1250697031716958
1.855,0.3448594562177392,-0.08268314955102604
1.8555,0.08877525963335578,0.2881991946298341
1.856,-0.4767440078238243,0.6908714540261965
1.8565,-1.074273799854052,0.09745970333682032
1.857,-1.554431668449771,-0.8244478379127463
1.8575,-1.501080794161358,-1.184733543688439
1.858,-0.9675720512772257,-0.8138511995075789
1.8585,-0.391382608962363,-0.2416327256285375
1.859,0.01408403562957729,0.2458126410091644
1.8595,0.2594980573562781,0.5849050699745222
1.86,0.3661998059331045,0.7862411996727035
1.8605,0.3875401556484697,0.8710143069140429
1.861,0.3768699807907871,0.9028042221295453
1.8615,0.3448594562177392,0.8922075837243778
1.862,0.3235191065023739,0.8604176685088755
1.8625,0.3128489316446912,0.7968378380778709
1.863,0.3021787567870086,0.7332580076468663
1.8635,0.2594980573562781,0.6166949851900245
1.864,-0.2526703358124887,-0.02969995752518888
1.8645,-0.9142211769888124,-0.9304142219644207
1.865,-1.362368521011484,-1.693372187136476
1.8655,-1.533091318734406,-2.307977214636187
1.866,-1.010252750707956,-2.244397384205182
1.8665,-0.2953510352432193,-1.47084278062796
1.867,0.2168173579255475,-0.7396747306714069
1.8675,0.4729015545099309,-0.2098428104130352
1.868,0.5475927785137094,0.03387987290581572
1.8685,0.5369226036560266,0.09745970333682032
1.869,0.4942419042252961,0.07626642652648545
1.8695,0.5475927785137094,0.2034260873884947
1.87,0.5475927785137094,0.2140227257936621
1.8705,0.4835717293676135,0.09745970333682032
1.871,0.4195506802215176,-0.02969995752518888
1.8715,0.3768699807907871,-0.08268314955102604
1.872,0.3235191065023739,0.06566978812131802
1.8725,0.3768699807907871,0.6590815388106942
1.873,0.01408403562957729,0.627291623595192
1.8735,-0.5514352318276028,-0.2098428104130352
1.874,-1.010252750707956,-0.6231117082145651
1.8745,-0.9035510021311299,-0.400582301706049
1.875,-0.5087545323968721,-0.04029659593035631
1.8755,-0.124628237520297,0.2987958330350016
1.876,0.142126133921769,0.5637117931641874
1.8765,0.291508581929326,0.7438546460520338
1.877,0.3555296310754218,0.8710143069140429
1.8775,0.3661998059331045,0.9557874141553824
1.878,0.3448594562177392,1.00877060618122
1.8785,0.3341892813600565,1.029963882991555
1.879,0.3128489316446912,1.019367244586387
1.8795,0.3128489316446912,0.9875773293708847
1.88,0.291508581929326,0.92399749893988
1.8805,-0.07127736323188383,0.4047622170866759
1.881,-0.7968492535543035,-0.4853554089473885
1.8815,-1.244996597576974,-1.280103289334946
1.882,-1.362368521011484,-1.682775548731308
1.8825,-0.8608703027003992,-1.38606967338662
1.883,-0.2206598112394408,-0.8456411147230812
1.8835,0.2274875327832301,-0.326405832869877
1.884,0.4515612047945656,0.02328323450064829
1.8845,0.5049120790829789,0.1716361721729923
1.885,0.4942419042252961,0.1610395337678249
1.8855,0.4622313796522482,0.05507314971615059
1.886,0.5262524287983441,0.03387987290581572
1.8865,0.5902734779444399,0.02328323450064829
1.887,0.5369226036560266,-0.08268314955102604
1.8875,0.4622313796522482,-0.1992461720078678
1.888,0.3875401556484697,-0.252229364033705
1.8885,0.3555296310754218,-0.252229364033705
1.889,0.6329541773751706,0.13984625695749
1.8895,0.5796033030867573,0.5849050699745222
1.89,-0.1779791118087102,0.05507314971615059
1.8905,-0.9569018764195432,-0.5489352393783931
1.891,-1.202315898146244,-0.3793890248957141
1.8915,-0.8608703027003992,-0.06148987274069118
1.892,-0.391382608962363,0.2458126410091644
1.8925,-0.01792648894347063,0.4895353243280153
1.893,0.2168173579255475,0.6696781772158616
1.8935,0.3341892813600565,0.8074344764830383
1.894,0.3661998059331045,0.9134008605347127
1.8945,0.3661998059331045,0.9875773293708847
1.895,0.3448594562177392,1.029963882991555
1.8955,0.3235191065023739,1.051157159801889
1.896,0.3128489316446912,1.061753798207057
1.8965,0.3021787567870086,1.019367244586387
1.897,0.3448594562177392,0.8286277532933731
1.8975,0.6222840025174878,0.1610395337678249
1.898,0.4835717293676135,-0.5277419625680583
1.8985,-0.1139580626626144,-1.163540266878104
1.899,-0.6474668055467465,-1.587405803084801
1.8995,-0.4874141826815069,-1.322489842955616
1.9,-0.1032878878049318,-0.7396747306714069
1.9005,0.2061471830678648,-0.2628260024388724
1.901,0.3768699807907871,0.03387987290581572
1.9015,0.4515612047945656,0.1292496185523226
1.902,0.4622313796522482,0.08686306493165288
1.9025,0.4622313796522482,-0.02969995752518888
1.903,0.5582629533713921,-0.2416327256285375
1.9035,0.5369226036560266,-0.3158091944647096
1.904,0.4729015545099309,-0.3158091944647096
1.9045,0.408880505363835,-0.2946159176543747
1.905,0.3661998059331045,-0.252229364033705
1.9055,0.5262524287983441,0.002089957690313421
1.906,0.707645401378949,0.5743084315693548
1.9065,0.1527963087794516,0.2458126410091644
1.907,-0.5941159312583333,-0.5807251545938954
1.9075,-0.9782422261349084,-0.8456411147230812
1.908,-0.7648387289812555,-0.5277419625680583
1.9085,-0.3700422592469978,-0.07208651114585861
1.909,-0.02859666380115328,0.3305857482505039
1.9095,0.1954770082101822,0.6166949851900245
1.91,0.3021787567870086,0.7968378380778709
1.9105,0.3448594562177392,0.9028042221295453
1.911,0.3448594562177392,0.9451907757502149
1.9115,0.3341892813600565,0.9663840525605498
1.912,0.3128489316446912,0.9451907757502149
1.9125,0.3021787567870086,0.9028042221295453
1.913,0.291508581929326,0.8604176685088755
1.9135,0.2594980573562781,0.7544512844572011
1.914,-0.2313299860971235,0.1504428953626575
1.9145,-0.8928808272734472,-0.7502713690765743
1.915,-1.244996597576974,-1.534422611058964
1.9155,-1.522421143876723,-2.127834361748341
1.916,-1.234326422719292,-2.074851169722503
1.9165,-0.5834457564006506,-1.364876396576285
1.917,-0.02859666380115328,-0.6443049850249
1.9175,0.3128489316446912,-0.1356663415768632
1.918,0.4729015545099309,0.1292496185523226
1.9185,0.4942419042252961,0.1610395337678249
1.919,0.4729015545099309,0.09745970333682032
1.9195,0.5475927785137094,-0.1038764263613609
1.92,0.5689331282290746,-0.2416327256285375
1.9205,0.5049120790829789,-0.2734226408440398
1.921,0.4302208550792003,-0.252229364033705
1.9215,0.3661998059331045,-0.1992461720078678
1.922,0.3448594562177392,0.002089957690313421
1.9225,0.6222840025174878,0.6590815388106942
1.923,0.3448594562177392,0.9663840525605498
1.9235,-0.4660738329661415,0.2034260873884947
1.924,-1.074273799854052,-0.6125150698093976
1.9245,-0.9995825758502737,-0.6337083466197325
1.925,-0.5834457564006506,-0.252229364033705
1.9255,-0.1779791118087102,0.1928294489833272
1.926,0.1101156093487211,0.55311515475902
1.9265,0.2701682322139607,0.7968378380778709
1.927,0.3448594562177392,0.9451907757502149
1.9275,0.3555296310754218,1.019367244586387
1.928,0.3448594562177392,1.040560521396722
1.9285,0.3235191065023739,1.029963882991555
1.929,0.3128489316446912,0.9875773293708847
1.9295,0.3021787567870086,0.92399749893988
1.93,0.291508581929326,0.8392243916985406
1.9305,0.2808384070716433,0.6060983467848571
1.931,0.2274875327832301,-0.1356663415768632
1.9315,-0.2420001609548061,-1.025783967610927
1.932,-0.7648387289812555,-1.746355379162313
1.9325,-0.7434983792658902,-1.79933857118815
1.933,-0.3166913849585846,-1.311893204550448
1.9335,0.08877525963335578,-0.7502713690765743
1.934,0.3555296310754218,-0.326405832869877
1.9345,0.4835717293676135,-0.08268314955102604
1.935,0.5155822539406614,0.02328323450064829
1.9355,0.4835717293676135,0.002089957690313421
1.936,0.5155822539406614,-0.02969995752518888
1.9365,0.5689331282290746,-0.07208651114585861
1.937,0.5155822539406614,-0.09327978795619347
1.9375,0.4408910299368829,-0.1144730647665284
1.938,0.3768699807907871,-0.1144730647665284
1.9385,0.3235191065023739,-0.09327978795619347
1.939,0.4195506802215176,0.2987958330350016
1.9395,0.3341892813600565,0.8392243916985406
1.94,-0.2633405106701714,0.383568940276341
1.9405,-0.839529952985034,-0.3793890248957141
1.941,-1.1062843244271,-0.4323722169215513
1.9415,-0.8181896032696687,-0.1674562567923655
1.942,-0.391382608962363,0.1292496185523226
1.9425,-0.02859666380115328,0.383568940276341
1.943,0.1954770082101822,0.5743084315693548
1.9435,0.3128489316446912,0.7120647308365314
1.944,0.3555296310754218,0.8180311148882058
1.9445,0.3448594562177392,0.8816109453192104
1.945,0.3341892813600565,0.9345941373450475
1.9455,0.3128489316446912,0.9451907757502149
1.946,0.3021787567870086,0.9451907757502149
1.9465,0.291508581929326,0.8816109453192104
1.947,0.2274875327832301,0.7226613692416989
1.9475,-0.3060212101009019,0.06566978812131802
1.948,-0.8288597781273515,-0.7608680074817418
1.9485,-1.234326422719292,-1.439052865412457
1.949,-1.116954499284783,-1.640388995110639
1.9495,-0.5194247072545548,-1.301296566145281
1.95,0.02475421048725994,-0.7290780922662394
1.9505,0.3555296310754218,-0.2204394488182027
1.951,0.4942419042252961,0.1080563417419877
1.9515,0.5049120790829789,0.2034260873884947
1.952,0.4622313796522482,0.1716361721729923
1.9525,0.4408910299368829,0.08686306493165288
1.953,0.5262524287983441,0.1080563417419877
1.9535,0.5155822539406614,0.04447651131098315
1.954,0.4515612047945656,-0.06148987274069118
1.9545,0.3875401556484697,-0.1568596183871981
1.955,0.3341892813600565,-0.1992461720078678
1.9555,0.1634664836371343,0.09745970333682032
1.956,0.08877525963335578,0.6696781772158616
1.9565,-0.4127229586777283,0.3517790250608387
1.957,-0.9782422261349084,-0.4217755785163839
1.9575,-1.341028171296118,-0.3052125560595421
1.958,-1.074273799854052,0.01268659609548085
1.9585,-0.572775581542968,0.2352160026039969
1.959,-0.1352984123779797,0.3941655786815084
1.9595,0.1527963087794516,0.5213252395435176
1.96,0.3021787567870086,0.6378882620003594
1.9605,0.3555296310754218,0.7332580076468663
1.961,0.3555296310754218,0.8180311148882058
1.9615,0.3341892813600565,0.8922075837243778
1.962,0.3128489316446912,0.9451907757502149
1.9625,0.3021787567870086,0.9557874141553824
1.963,0.291508581929326,0.9557874141553824
1.9635,0.2701682322139607,0.8922075837243778
1.964,-0.124628237520297,0.3517790250608387
1.9645,-0.7968492535543035,-0.5065486857577234
1.965,-1.116954499284783,-1.131750351662602
1.9655,-1.458400094730627,-1.576809164679634
1.966,-1.212986073003927,-1.555615887869299
1.9665,-0.5621054066852853,-1.05757388282643
1.967,0.00341386077189465,-0.4853554089473885
1.9675,0.3448594562177392,-0.09327978795619347
1.968,0.4942419042252961,0.1186529801471552
1.9685,0.5155822539406614,0.1716361721729923
1.969,0.4835717293676135,0.1504428953626575
1.9695,0.5262524287983441,-0.06148987274069118
1.97,0.5369226036560266,-0.2204394488182027
1.9705,0.4729015545099309,-0.2628260024388724
1.971,0.408880505363835,-0.2628260024388724
1.9715,0.3555296310754218,-0.252229364033705
1.972,0.3875401556484697,-0.1674562567923655
1.9725,0.79300680024041,0.3623756634660061
1.973,0.6863050516635838,0.309392471440169
1.9735,-0.08194753808956648,-0.4853554089473885
1.974,-0.9248913518464952,-1.004590690800593
1.9745,-1.095614149569417,-0.718481453861072
1.975,-0.7434983792658902,-0.2946159176543747
1.9755,-0.3166913849585846,0.08686306493165288
1.976,0.02475421048725994,0.3517790250608387
1.9765,0.2274875327832301,0.5213252395435176
1.977,0.3235191065023739,0.6166949851900245
1.9775,0.3555296310754218,0.6802748156210291
1.978,0.3448594562177392,0.7226613692416989
1.9785,0.3235191065023739,0.7438546460520338
1.979,0.3128489316446912,0.7438546460520338
1.9795,0.291508581929326,0.7332580076468663
1.98,0.291508581929326,0.6908714540261965
1.9805,0.2808384070716433,0.55311515475902
1.981,0.6756348768059011,-0.04029659593035631
1.9815,0.7289857510943143,-0.8668343915334161
1.982,0.1741366584948169,-1.492036057438295
1.9825,-0.1779791118087102,-1.576809164679634
1.983,-0.06060718837420119,-1.131750351662602
1.9835,0.1741366584948169,-0.570128516188728
1.984,0.3555296310754218,-0.07208651114585861
1.9845,0.4408910299368829,0.2034260873884947
1.985,0.4622313796522482,0.2987958330350016
1.9855,0.4408910299368829,0.2670059178194992
1.986,0.4835717293676135,0.1080563417419877
1.9865,0.5689331282290746,-0.1250697031716958
1.987,0.5369226036560266,-0.1780528951975329
1.9875,0.4622313796522482,-0.1356663415768632
1.988,0.3875401556484697,-0.09327978795619347
1.9885,0.3555296310754218,-0.008506680714854012
1.989,0.5689331282290746,0.4789386859228479
1.9895,0.5689331282290746,0.9663840525605498
1.99,-0.07127736323188383,0.4047622170866759
1.9905,-0.6474668055467465,-0.5171453241628908
1.991,-0.690147504977477,-0.7502713690765743
1.9915,-0.423393133535411,-0.4535654937318862
1.992,-0.1139580626626144,-0.04029659593035631
1.9925,0.1101156093487211,0.309392471440169
1.993,0.2488278824985954,0.5637117931641874
1.9935,0.3128489316446912,0.7120647308365314
1.994,0.3235191065023739,0.7968378380778709
1.9945,0.3235191065023739,0.8286277532933731
1.995,0.3021787567870086,0.8392243916985406
1.9955,0.291508581929326,0.8180311148882058
1.996,0.2808384070716433,0.7862411996727035
1.9965,0.2808384070716433,0.7438546460520338
1.997,0.2488278824985954,0.6696781772158616
1.9975,-0.2099896363817582,0.09745970333682032
1.998,-0.8181896032696687,-0.7608680074817418
1.9985,-1.234326422719292,-1.502632695843462
1.999,-1.06360362499637,-1.629792356705471
1.9995,-0.4980843575391895,-1.174136905283272
2,0.01408403562957729,-0.6337083466197325
2.0005,0.3341892813600565,-0.2098428104130352
2.001,0.4622313796522482,0.03387987290581572
2.0015,0.4942419042252961,0.1080563417419877
2.002,0.4622313796522482,0.1080563417419877
2.0025,0.4515612047945656,0.002089957690313421
2.003,0.5369226036560266,-0.2204394488182027
2.0035,0.5262524287983441,-0.252229364033705
2.004,0.4515612047945656,-0.1886495336027004
2.0045,0.3875401556484697,-0.1038764263613609
2.005,0.3341892813600565,-0.02969995752518888
2.0055,0.05676473506030786,0.2034260873884947
2.006,-0.7328282044082075,0.6908714540261965
2.0065,-1.383708870726849,0.2776025562246667
2.007,-1.693143941599645,-0.5595318777835605
2.0075,-1.778505340461106,-0.718481453861072
2.008,-1.298347471865388,-0.3687923864905467
2.0085,-0.658136980404429,0.002089957690313421
2.009,-0.1459685872356623,0.2881991946298341
2.0095,0.1634664836371343,0.4895353243280153
2.01,0.3235191065023739,0.6166949851900245
2.0105,0.3661998059331045,0.6908714540261965
2.011,0.3661998059331045,0.7332580076468663
2.0115,0.3341892813600565,0.7650479228623686
2.012,0.3128489316446912,0.775644561267536
2.0125,0.3021787567870086,0.775644561267536
2.013,0.291508581929326,0.7650479228623686
2.0135,0.2808384070716433,0.7332580076468663
2.014,-0.07127736323188383,0.309392471440169
2.0145,-0.7434983792658902,-0.5595318777835605
2.015,-1.277007122150022,-1.375473034981453
2.0155,-1.629122892453549,-1.958288147265661
2.016,-1.30901764672307,-2.000674700886331
2.0165,-0.6154562809736985,-1.38606967338662
2.017,-0.01792648894347063,-0.718481453861072
2.0175,0.3448594562177392,-0.1568596183871981
2.018,0.4835717293676135,0.1716361721729923
2.0185,0.5155822539406614,0.2881991946298341
2.019,0.4835717293676135,0.2564092794143318
2.0195,0.5475927785137094,0.2034260873884947
2.02,0.5796033030867573,0.13984625695749
2.0205,0.5155822539406614,0.04447651131098315
2.021,0.4408910299368829,-0.04029659593035631
2.0215,0.3768699807907871,-0.09327978795619347
2.022,0.2808384070716433,-0.01910331912002144
2.0225,-0.2526703358124887,0.4365521323021782
2.023,-0.9782422261349084,0.2776025562246667
2.0235,-1.501080794161358,-0.5595318777835605
2.024,-1.757164990745741,-1.269506650929778
2.0245,-1.383708870726849,-1.163540266878104
2.025,-0.754168554123573,-0.5807251545938954
2.0255,-0.2206598112394408,0.02328323450064829
2.026,0.1314559590640864,0.4683420475176805
2.0265,0.3021787567870086,0.7438546460520338
2.027,0.3661998059331045,0.8816109453192104
2.0275,0.3768699807907871,0.9345941373450475
2.028,0.3555296310754218,0.9345941373450475
2.0285,0.3235191065023739,0.9028042221295453
2.029,0.3128489316446912,0.849821030103708
2.0295,0.3021787567870086,0.7862411996727035
2.03,0.291508581929326,0.6802748156210291
2.0305,0.1207857842064037,0.383568940276341
2.031,-0.5194247072545548,-0.4323722169215513
2.0315,-1.031593100423322,-1.248313374119443
2.032,-1.074273799854052,-1.746355379162313
2.0325,-0.6047861061160158,-1.598002441489969
2.033,-0.02859666380115328,-1.05757388282643
2.0335,0.3448594562177392,-0.5383386009732256
2.034,0.5155822539406614,-0.1674562567923655
2.0345,0.5582629533713921,0.03387987290581572
2.035,0.5369226036560266,0.08686306493165288
2.0355,0.4729015545099309,0.02328323450064829
2.036,0.4729015545099309,0.002089957690313421
2.0365,0.5369226036560266,0.06566978812131802
2.037,0.5049120790829789,0.01268659609548085
2.0375,0.4408910299368829,-0.05089323433552374
2.038,0.3768699807907871,-0.07208651114585861
2.0385,0.3448594562177392,-0.04029659593035631
2.039,0.6009436528021226,0.2987958330350016
2.0395,0.8997085488172365,0.849821030103708
2.04,0.2594980573562781,0.4259554938970107
2.0405,-0.5407650569699201,-0.400582301706049
2.041,-0.9889124009925911,-0.474758770542221
2.0415,-0.807519428411986,-0.1568596183871981
2.042,-0.423393133535411,0.2034260873884947
2.0425,-0.07127736323188383,0.5107286011383502
2.043,0.1634664836371343,0.7438546460520338
2.0435,0.291508581929326,0.9028042221295453
2.044,0.3341892813600565,1.00877060618122
2.0445,0.3448594562177392,1.072350436612224
2.045,0.3235191065023739,1.104140351827727
2.0455,0.3128489316446912,1.104140351827727
2.046,0.291508581929326,1.082947075017392
2.0465,0.291508581929326,1.029963882991555
2.047,0.2168173579255475,0.8710143069140429
2.0475,-0.3807124341046804,0.1610395337678249
2.048,-1.052933450138687,-0.7502713690765743
2.0485,-1.383708870726849,-1.492036057438295
2.049,-1.074273799854052,-1.703968825541643
2.0495,-0.4127229586777283,-1.34368311976595
2.05,0.1314559590640864,-0.7820612842920766
2.0505,0.4408910299368829,-0.2946159176543747
2.051,0.5689331282290746,0.002089957690313421
2.0515,0.5582629533713921,0.07626642652648545
2.052,0.5049120790829789,0.01268659609548085
2.0525,0.4515612047945656,-0.04029659593035631
2.053,0.5155822539406614,0.03387987290581572
2.0535,0.5049120790829789,0.002089957690313421
2.054,0.4515612047945656,-0.1144730647665284
2.0545,0.3875401556484697,-0.2204394488182027
2.055,0.3448594562177392,-0.2734226408440398
2.0555,0.3128489316446912,-0.04029659593035631
2.056,0.3661998059331045,0.6060983467848571
2.0565,-0.04993701351651855,0.5213252395435176
2.057,-0.6688071552621118,-0.326405832869877
2.0575,-0.9995825758502737,-0.8986243067489184
2.058,-0.7755089038389382,-0.6866915386455698
2.0585,-0.3807124341046804,-0.1992461720078678
2.059,-0.03926683865883591,0.2881991946298341
2.0595,0.1848068333524996,0.6484849004055269
2.06,0.291508581929326,0.8816109453192104
2.0605,0.3341892813600565,1.019367244586387
2.061,0.3448594562177392,1.082947075017392
2.0615,0.3235191065023739,1.093543713422559
2.062,0.3021787567870086,1.082947075017392
2.0625,0.291508581929326,1.019367244586387
2.063,0.2808384070716433,0.9345941373450475
2.0635,0.2701682322139607,0.8286277532933731
2.064,-0.1139580626626144,0.3199891098453364
2.0645,-0.7114878546928423,-0.570128516188728
2.065,-0.9142211769888124,-1.311893204550448
2.0655,-0.9569018764195432,-1.693372187136476
2.066,-0.4980843575391895,-1.407262950196955
2.0665,0.01408403562957729,-0.9516074987747555
2.067,0.3555296310754218,-0.5065486857577234
2.0675,0.5049120790829789,-0.2204394488182027
2.068,0.5262524287983441,-0.1038764263613609
2.0685,0.4942419042252961,-0.1144730647665284
2.069,0.4408910299368829,-0.1462629799820306
2.0695,0.4302208550792003,-0.1250697031716958
2.07,0.4195506802215176,-0.1144730647665284
2.0705,0.3875401556484697,-0.1144730647665284
2.071,0.3555296310754218,-0.1250697031716958
2.0715,0.3341892813600565,-0.1144730647665284
2.072,0.291508581929326,0.002089957690313421
2.0725,-0.07127736323188383,0.6060983467848571
2.073,-0.722158029550525,0.8816109453192104
2.0735,-1.170305373573196,0.13984625695749
2.074,-1.426389570157579,-0.1992461720078678
2.0745,-1.351698346153801,0.1080563417419877
2.075,-0.8502001278427167,0.2987958330350016
2.0755,-0.3380317346739499,0.4153588554918433
2.076,0.03542438534494258,0.5001319627331828
2.0765,0.2488278824985954,0.5955017083796896
2.077,0.3448594562177392,0.6908714540261965
2.0775,0.3661998059331045,0.7968378380778709
2.078,0.3448594562177392,0.8816109453192104
2.0785,0.3235191065023739,0.9557874141553824
2.079,0.3021787567870086,1.00877060618122
2.0795,0.291508581929326,1.029963882991555
2.08,0.291508581929326,1.00877060618122
2.0805,0.1207857842064037,0.8074344764830383
2.081,-0.5514352318276028,0.05507314971615059
2.0815,-0.9142211769888124,-0.718481453861072
2.082,-1.095614149569417,-1.280103289334946
2.0825,-1.06360362499637,-1.42845622700729
2.083,-0.5514352318276028,-1.068170521231597
2.0835,-0.03926683865883591,-0.5065486857577234
2.084,0.291508581929326,-0.06148987274069118
2.0845,0.4515612047945656,0.1504428953626575
2.085,0.5049120790829789,0.1822328105781598
2.0855,0.4835717293676135,0.1292496185523226
2.086,0.4942419042252961,0.1186529801471552
2.0865,0.5689331282290746,0.1610395337678249
2.087,0.5369226036560266,0.05507314971615059
2.0875,0.4622313796522482,-0.09327978795619347
2.088,0.3982103305061524,-0.2098428104130352
2.0885,0.3448594562177392,-0.2628260024388724
2.089,0.1954770082101822,0.06566978812131802
2.0895,-0.2420001609548061,0.7120647308365314
2.09,-0.8822106524157645,0.4471487707073456
2.0905,-1.319687821580753,-0.1992461720078678
2.091,-1.575772018165136,0.03387987290581572
2.0915,-1.202315898146244,0.2670059178194992
2.092,-0.6261264558313813,0.3517790250608387
2.0925,-0.1459685872356623,0.3941655786815084
2.093,0.1527963087794516,0.4471487707073456
2.0935,0.3128489316446912,0.5319218779486851
2.094,0.3661998059331045,0.627291623595192
2.0945,0.3661998059331045,0.7226613692416989
2.095,0.3448594562177392,0.8180311148882058
2.0955,0.3235191065023739,0.8922075837243778
2.096,0.3021787567870086,0.9345941373450475
2.0965,0.291508581929326,0.9663840525605498
2.097,0.2061471830678648,0.8392243916985406
2.0975,-0.4127229586777283,0.1610395337678249
2.098,-0.9995825758502737,-0.6231117082145651
2.0985,-1.277007122150022,-1.205926820498774
2.099,-0.9889124009925911,-1.280103289334946
2.0995,-0.3487019095316325,-0.8774310299385835
2.1,0.1527963087794516,-0.3475991096802118
2.1005,0.4408910299368829,0.04447651131098315
2.101,0.5475927785137094,0.2458126410091644
2.1015,0.5475927785137094,0.3199891098453364
2.102,0.4942419042252961,0.2987958330350016
2.1025,0.4408910299368829,0.1928294489833272
2.103,0.4622313796522482,-0.04029659593035631
2.1035,0.4622313796522482,-0.1780528951975329
2.104,0.4195506802215176,-0.252229364033705
2.1045,0.3768699807907871,-0.2840192792492073
2.105,0.3448594562177392,-0.3052125560595421
2.1055,0.4302208550792003,-0.1568596183871981
2.106,0.7396559259519968,0.4471487707073456
2.1065,0.291508581929326,0.3623756634660061
2.107,-0.423393133535411,-0.3475991096802118
2.1075,-1.095614149569417,-0.2310360872233701
2.108,-1.095614149569417,0.09745970333682032
2.1085,-0.690147504977477,0.2352160026039969
2.109,-0.2526703358124887,0.309392471440169
2.1095,0.0674349099179905,0.3623756634660061
2.11,0.2488278824985954,0.4259554938970107
2.1105,0.3341892813600565,0.5213252395435176
2.111,0.3448594562177392,0.6166949851900245
2.1115,0.3341892813600565,0.7120647308365314
2.112,0.3235191065023739,0.7968378380778709
2.1125,0.3021787567870086,0.849821030103708
2.113,0.291508581929326,0.8816109453192104
2.1135,0.2701682322139607,0.849821030103708
2.114,-0.08194753808956648,0.3941655786815084
2.1145,-0.7008176798351597,-0.400582301706049
2.115,-1.127624674142465,-1.078767159636765
2.1155,-1.277007122150022,-1.51322933424863
2.116,-0.9035510021311299,-1.227120097309109
2.1165,-0.3060212101009019,-0.5489352393783931
2.117,0.1741366584948169,0.01268659609548085
2.1175,0.4302208550792003,0.3199891098453364
2.118,0.5262524287983441,0.3941655786815084
2.1185,0.5262524287983441,0.309392471440169
2.119,0.4729015545099309,0.2034260873884947
2.1195,0.5369226036560266,0.2246193641988295
2.12,0.6009436528021226,0.2246193641988295
2.1205,0.5475927785137094,0.06566978812131802
2.121,0.4622313796522482,-0.1038764263613609
2.1215,0.3875401556484697,-0.2310360872233701
2.122,0.3768699807907871,-0.2310360872233701
2.1225,0.7396559259519968,0.2564092794143318
2.123,0.5582629533713921,0.6166949851900245
2.1235,-0.2633405106701714,-0.01910331912002144
2.124,-1.084943974711735,-0.6231117082145651
2.1245,-1.298347471865388,-0.4641621321370536
2.125,-0.9248913518464952,-0.1356663415768632
2.1255,-0.423393133535411,0.1610395337678249
2.126,-0.03926683865883591,0.4047622170866759
2.1265,0.2061471830678648,0.5849050699745222
2.127,0.3235191065023739,0.7120647308365314
2.1275,0.3555296310754218,0.8074344764830383
2.128,0.3448594562177392,0.8710143069140429
2.1285,0.3235191065023739,0.92399749893988
2.129,0.3128489316446912,0.9451907757502149
2.1295,0.291508581929326,0.92399749893988
2.13,0.2808384070716433,0.8922075837243778
2.1305,0.0674349099179905,0.5743084315693548
2.131,-0.6154562809736985,-0.2416327256285375
2.1315,-1.30901764672307,-1.05757388282643
2.132,-1.618452717595867,-1.587405803084801
2.1325,-1.170305373573196,-1.417859588602123
2.133,-0.4660738329661415,-0.8350444763179138
2.1335,0.1101156093487211,-0.2734226408440398
2.134,0.4408910299368829,0.07626642652648545
2.1345,0.5475927785137094,0.2246193641988295
2.135,0.5475927785137094,0.2034260873884947
2.1355,0.4942419042252961,0.1080563417419877
2.136,0.4622313796522482,0.06566978812131802
2.1365,0.4942419042252961,0.1186529801471552
2.137,0.4622313796522482,0.002089957690313421
2.1375,0.408880505363835,-0.1568596183871981
2.138,0.3555296310754218,-0.2734226408440398
2.1385,0.3235191065023739,-0.326405832869877
2.139,0.5582629533713921,-0.04029659593035631
2.1395,0.9103787236749192,0.6166949851900245
2.14,0.2488278824985954,0.4259554938970107
2.1405,-0.6367966306890638,-0.2628260024388724
2.141,-1.191645723288561,-0.1568596183871981
2.1415,-1.020922925565639,0.09745970333682032
2.142,-0.572775581542968,0.2776025562246667
2.1425,-0.156638762093345,0.4259554938970107
2.143,0.1314559590640864,0.55311515475902
2.1435,0.2808384070716433,0.6802748156210291
2.144,0.3448594562177392,0.7968378380778709
2.1445,0.3448594562177392,0.8922075837243778
2.145,0.3341892813600565,0.9875773293708847
2.1455,0.3128489316446912,1.040560521396722
2.146,0.3021787567870086,1.061753798207057
2.1465,0.291508581929326,1.051157159801889
2.147,0.2381577076409128,0.9451907757502149
2.1475,-0.2953510352432193,0.2881991946298341
2.148,-0.8928808272734472,-0.5489352393783931
2.1485,-1.351698346153801,-1.248313374119443
2.149,-1.575772018165136,-1.608599079895136
2.1495,-1.127624674142465,-1.311893204550448
2.15,-0.423393133535411,-0.7820612842920766
2.1505,0.1207857842064037,-0.3687923864905467
2.151,0.4195506802215176,-0.06148987274069118
2.1515,0.5369226036560266,0.08686306493165288
2.152,0.5262524287983441,0.1186529801471552
2.1525,0.4835717293676135,0.07626642652648545
2.153,0.4835717293676135,0.09745970333682032
2.1535,0.4515612047945656,0.02328323450064829
2.154,0.3982103305061524,-0.1250697031716958
2.1545,0.3555296310754218,-0.2628260024388724
2.155,0.3235191065023739,-0.3475991096802118
2.1555,0.3875401556484697,-0.2946159176543747
2.156,0.8143471499557753,0.2881991946298341
2.1565,0.5902734779444399,0.6378882620003594
2.157,0.1207857842064037,-0.01910331912002144
2.1575,-0.3166913849585846,-0.6231117082145651
2.158,-0.3593720843893152,-0.6125150698093976
2.1585,-0.1779791118087102,-0.3158091944647096
2.159,0.02475421048725994,0.03387987290581572
2.1595,0.1741366584948169,0.3199891098453364
2.16,0.2594980573562781,0.5425185163538525
2.1605,0.3021787567870086,0.701468092431364
2.161,0.3128489316446912,0.8074344764830383
2.1615,0.3128489316446912,0.8816109453192104
2.162,0.3021787567870086,0.92399749893988
2.1625,0.291508581929326,0.9345941373450475
2.163,0.2808384070716433,0.9345941373450475
2.1635,0.2808384070716433,0.8604176685088755
2.164,0.01408403562957729,0.4789386859228479
2.1645,-0.5300948821122373,-0.2946159176543747
2.165,-0.658136980404429,-0.8244478379127463
2.1655,-0.6474668055467465,-1.121153713257435
2.166,-0.3166913849585846,-0.9516074987747555
2.1665,0.1101156093487211,-0.6231117082145651
2.167,0.408880505363835,-0.3052125560595421
2.1675,0.5369226036560266,-0.04029659593035631
2.168,0.5582629533713921,0.1080563417419877
2.1685,0.5262524287983441,0.1292496185523226
2.169,0.4622313796522482,0.06566978812131802
2.1695,0.4835717293676135,0.04447651131098315
2.17,0.5262524287983441,0.07626642652648545
2.1705,0.4835717293676135,0.002089957690313421
2.171,0.4195506802215176,-0.09327978795619347
2.1715,0.3555296310754218,-0.1674562567923655
2.172,0.2808384070716433,-0.2310360872233701
2.1725,0.07810508477567314,-0.2840192792492073
2.173,-0.423393133535411,-0.6019184314042303
2.1735,-1.020922925565639,-1.237716735714276
2.174,-1.330357996438436,-1.629792356705471
2.1745,-1.1062843244271,-1.258910012524611
2.175,-0.6261264558313813,-0.5913217929990628
2.1755,-0.1779791118087102,-0.008506680714854012
2.176,0.1207857842064037,0.4047622170866759
2.1765,0.2808384070716433,0.6378882620003594
2.177,0.3341892813600565,0.7650479228623686
2.1775,0.3448594562177392,0.8180311148882058
2.178,0.3341892813600565,0.8180311148882058
2.1785,0.3128489316446912,0.8074344764830383
2.179,0.291508581929326,0.775644561267536
2.1795,0.2808384070716433,0.7332580076468663
2.18,0.2808384070716433,0.6696781772158616
2.1805,0.1954770082101822,0.5001319627331828
2.181,-0.3166913849585846,-0.1992461720078678
2.1815,-0.8715404775580819,-1.046977244421262
2.182,-1.095614149569417,-1.619195718300304
2.1825,-1.191645723288561,-1.990078062481164
2.183,-0.7008176798351597,-1.703968825541643
2.1835,-0.1459685872356623,-1.05757388282643
2.184,0.2488278824985954,-0.4641621321370536
2.1845,0.4515612047945656,-0.09327978795619347
2.185,0.5262524287983441,0.07626642652648545
2.1855,0.5155822539406614,0.1292496185523226
2.186,0.4942419042252961,0.1292496185523226
2.1865,0.5689331282290746,0.1292496185523226
2.187,0.5369226036560266,0.07626642652648545
2.1875,0.4515612047945656,0.01268659609548085
2.188,0.3768699807907871,-0.04029659593035631
2.1885,0.3235191065023739,-0.07208651114585861
2.189,-0.03926683865883591,-0.2310360872233701
2.1895,-0.7648387289812555,-0.792657922697244
2.19,-1.458400094730627,-1.47084278062796
2.1905,-2.045259711903173,-2.000674700886331
2.191,-1.885207089037933,-1.79933857118815
2.1915,-1.180975548430879,-1.004590690800593
2.192,-0.4980843575391895,-0.252229364033705
2.1925,-0.01792648894347063,0.2881991946298341
2.193,0.2488278824985954,0.6060983467848571
2.1935,0.3555296310754218,0.7438546460520338
2.194,0.3768699807907871,0.7862411996727035
2.1945,0.3661998059331045,0.7544512844572011
2.195,0.3341892813600565,0.7120647308365314
2.1955,0.3128489316446912,0.6484849004055269
2.196,0.291508581929326,0.5849050699745222
2.1965,0.2808384070716433,0.5107286011383502
2.197,0.2701682322139607,0.383568940276341
2.1975,0.2808384070716433,-0.01910331912002144
2.198,0.09944543449103843,-0.8032545611024114
2.1985,-0.423393133535411,-1.545019249464132
2.199,-0.6154562809736985,-1.873515040024322
2.1995,-0.3166913849585846,-1.492036057438295
2.2,0.07810508477567314,-0.8986243067489184
2.2005,0.3448594562177392,-0.4217755785163839
2.201,0.4729015545099309,-0.1144730647665284
2.2015,0.4942419042252961,0.05507314971615059
2.202,0.4729015545099309,0.13984625695749
2.2025,0.4515612047945656,0.1504428953626575
2.203,0.6436243522328531,0.2987958330350016
2.2035,0.707645401378949,0.2881991946298341
2.204,0.6222840025174878,0.13984625695749
2.2045,0.4942419042252961,-0.01910331912002144
2.205,0.3982103305061524,-0.1144730647665284
2.2055,0.2168173579255475,-0.01910331912002144
2.206,-0.4340633083930936,0.4259554938970107
2.2065,-1.223656247861609,0.2670059178194992
2.207,-1.789175515318789,-0.5489352393783931
2.2075,-1.703814116457328,-0.9622041371799229
2.208,-1.084943974711735,-0.6654982618352349
2.2085,-0.4554036581084589,-0.1462629799820306
2.209,-0.007256314085787988,0.3411823866556712
2.2095,0.2381577076409128,0.701468092431364
2.21,0.3448594562177392,0.9345941373450475
2.2105,0.3768699807907871,1.072350436612224
2.211,0.3555296310754218,1.135930267043229
2.2115,0.3341892813600565,1.157123543853563
2.212,0.3128489316446912,1.146526905448396
2.2125,0.291508581929326,1.104140351827727
2.213,0.291508581929326,1.040560521396722
2.2135,0.2808384070716433,0.9345941373450475
2.214,0.0674349099179905,0.5743084315693548
2.2145,-0.6688071552621118,-0.3370024712750445
2.215,-1.394379045584531,-1.237716735714276
2.2155,-1.810515865034154,-1.905304955239825
2.216,-1.67180359188428,-2.25499402261035
2.2165,-0.9248913518464952,-1.746355379162313
2.217,-0.2313299860971235,-1.025783967610927
2.2175,0.2274875327832301,-0.5277419625680583
2.218,0.4515612047945656,-0.2098428104130352
2.2185,0.5155822539406614,-0.05089323433552374
2.219,0.4942419042252961,-0.01910331912002144
2.2195,0.4835717293676135,-0.02969995752518888
2.22,0.4942419042252961,-0.06148987274069118
2.2205,0.4515612047945656,-0.1250697031716958
2.221,0.3982103305061524,-0.1992461720078678
2.2215,0.3555296310754218,-0.2310360872233701
2.222,0.3235191065023739,-0.2204394488182027
2.2225,-0.08194753808956648,-0.09327978795619347
2.223,-0.839529952985034,-0.008506680714854012
2.2235,-1.212986073003927,-0.570128516188728
2.224,-1.362368521011484,-1.121153713257435
2.2245,-1.351698346153801,-0.8244478379127463
2.225,-0.8928808272734472,-0.326405832869877
2.2255,-0.3700422592469978,0.08686306493165288
2.226,0.01408403562957729,0.383568940276341
2.2265,0.2381577076409128,0.5743084315693548
2.227,0.3448594562177392,0.7120647308365314
2.2275,0.3661998059331045,0.8074344764830383
2.228,0.3555296310754218,0.8710143069140429
2.2285,0.3341892813600565,0.9134008605347127
2.229,0.3128489316446912,0.9451907757502149
2.2295,0.3021787567870086,0.9451907757502149
2.23,0.291508581929326,0.9028042221295453
2.2305,0.1634664836371343,0.6696781772158616
2.231,-0.4874141826815069,-0.08268314955102604
2.2315,-0.9355615267041777,-0.8350444763179138
2.232,-1.042263275281004,-1.333086481360783
2.2325,-0.7434983792658902,-1.269506650929778
2.233,-0.1779791118087102,-0.8244478379127463
2.2335,0.2701682322139607,-0.3793890248957141
2.234,0.5155822539406614,-0.09327978795619347
2.2345,0.6009436528021226,0.07626642652648545
2.235,0.5902734779444399,0.13984625695749
2.2355,0.5262524287983441,0.1186529801471552
2.236,0.4729015545099309,0.1292496185523226
2.2365,0.5689331282290746,0.2458126410091644
2.237,0.5475927785137094,0.1716361721729923
2.2375,0.4729015545099309,0.02328323450064829
2.238,0.408880505363835,-0.1250697031716958
2.2385,0.3555296310754218,-0.2204394488182027
2.239,0.4195506802215176,-0.07208651114585861
2.2395,0.6649647019482183,0.5319218779486851
2.24,0.2061471830678648,0.4365521323021782
2.2405,-0.5834457564006506,-0.4111789401112165
2.241,-0.9355615267041777,-0.8774310299385835
2.2415,-0.7114878546928423,-0.6443049850249
2.242,-0.3380317346739499,-0.1992461720078678
2.2425,-0.01792648894347063,0.2246193641988295
2.243,0.1954770082101822,0.5425185163538525
2.2435,0.3021787567870086,0.7332580076468663
2.244,0.3341892813600565,0.849821030103708
2.2445,0.3448594562177392,0.9028042221295453
2.245,0.3235191065023739,0.92399749893988
2.2455,0.3128489316446912,0.9028042221295453
2.246,0.3021787567870086,0.8710143069140429
2.2465,0.291508581929326,0.8392243916985406
2.247,0.2701682322139607,0.7544512844572011
2.2475,-0.1459685872356623,0.1928294489833272
2.248,-0.722158029550525,-0.6654982618352349
2.2485,-1.180975548430879,-1.449649503817625
2.249,-1.277007122150022,-1.693372187136476
2.2495,-0.7328282044082075,-1.322489842955616
2.25,-0.1352984123779797,-0.7820612842920766
2.2505,0.2808384070716433,-0.3052125560595421
2.251,0.4835717293676135,-0.008506680714854012
2.2515,0.5369226036560266,0.1186529801471552
2.252,0.5155822539406614,0.1080563417419877
2.2525,0.4622313796522482,0.05507314971615059
2.253,0.5155822539406614,0.1292496185523226
2.2535,0.5262524287983441,0.1292496185523226
2.254,0.4729015545099309,0.04447651131098315
2.2545,0.4195506802215176,-0.04029659593035631
2.255,0.3661998059331045,-0.09327978795619347
2.2555,0.3555296310754218,-0.02969995752518888
2.256,0.6222840025174878,0.4895353243280153
2.2565,0.4622313796522482,0.55311515475902
2.257,-0.2526703358124887,-0.2204394488182027
2.2575,-0.9782422261349084,-0.3581957480853793
2.258,-1.095614149569417,0.002089957690313421
2.2585,-0.7328282044082075,0.2246193641988295
2.259,-0.3060212101009019,0.3623756634660061
2.2595,0.03542438534494258,0.4683420475176805
2.26,0.2274875327832301,0.55311515475902
2.2605,0.3235191065023739,0.6484849004055269
2.261,0.3448594562177392,0.7332580076468663
2.2615,0.3448594562177392,0.8074344764830383
2.262,0.3235191065023739,0.8710143069140429
2.2625,0.3021787567870086,0.9134008605347127
2.263,0.291508581929326,0.92399749893988
2.2635,0.291508581929326,0.92399749893988
2.264,0.142126133921769,0.6590815388106942
2.2645,-0.1032878878049318,-0.1250697031716958
2.265,-0.5834457564006506,-0.9092209451540858
2.2655,-0.9889124009925911,-1.417859588602123
2.266,-0.6794773301197943,-1.248313374119443
2.2665,-0.1779791118087102,-0.7502713690765743
2.267,0.2061471830678648,-0.252229364033705
2.2675,0.3982103305061524,0.09745970333682032
2.268,0.4622313796522482,0.2881991946298341
2.2685,0.4622313796522482,0.309392471440169
2.269,0.4408910299368829,0.2352160026039969
2.2695,0.4622313796522482,0.2034260873884947
2.27,0.5262524287983441,0.1928294489833272
2.2705,0.4835717293676135,0.04447651131098315
2.271,0.4195506802215176,-0.1250697031716958
2.2715,0.3555296310754218,-0.2416327256285375
2.272,0.2808384070716433,-0.2628260024388724
2.2725,-0.2633405106701714,-0.2204394488182027
2.273,-0.8715404775580819,-0.6337083466197325
2.2735,-1.116954499284783,-1.290699927740113
2.274,-1.341028171296118,-1.51322933424863
2.2745,-1.212986073003927,-0.9728007755850904
2.275,-0.7434983792658902,-0.3475991096802118
2.2755,-0.2633405106701714,0.1292496185523226
2.276,0.07810508477567314,0.4471487707073456
2.2765,0.2594980573562781,0.6378882620003594
2.277,0.3448594562177392,0.7438546460520338
2.2775,0.3555296310754218,0.7968378380778709
2.278,0.3448594562177392,0.8180311148882058
2.2785,0.3235191065023739,0.8286277532933731
2.279,0.3021787567870086,0.8180311148882058
2.2795,0.291508581929326,0.7862411996727035
2.28,0.2808384070716433,0.7438546460520338
2.2805,0.2168173579255475,0.55311515475902
2.281,-0.274010685527854,-0.1462629799820306
2.2815,-0.8181896032696687,-0.9833974139902578
2.282,-1.212986073003927,-1.619195718300304
2.2825,-1.095614149569417,-1.608599079895136
2.283,-0.5300948821122373,-1.036380606016095
2.2835,0.00341386077189465,-0.4641621321370536
2.284,0.3555296310754218,-0.1144730647665284
2.2845,0.5155822539406614,0.04447651131098315
2.285,0.5475927785137094,0.09745970333682032
2.2855,0.5155822539406614,0.06566978812131802
2.286,0.4835717293676135,0.04447651131098315
2.2865,0.5369226036560266,0.13984625695749
2.287,0.5155822539406614,0.1186529801471552
2.2875,0.4515612047945656,0.01268659609548085
2.288,0.3875401556484697,-0.06148987274069118
2.2885,0.3448594562177392,-0.09327978795619347
2.289,0.1741366584948169,0.04447651131098315
2.2895,-0.5194247072545548,-0.3158091944647096
2.29,-1.084943974711735,-1.036380606016095
2.2905,-1.244996597576974,-1.47084278062796
2.291,-1.437059745015262,-0.8456411147230812
2.2915,-1.127624674142465,-0.1250697031716958
2.292,-0.5941159312583333,0.2670059178194992
2.2925,-0.1459685872356623,0.457745409112513
2.293,0.1527963087794516,0.5637117931641874
2.2935,0.3021787567870086,0.627291623595192
2.294,0.3555296310754218,0.6802748156210291
2.2945,0.3661998059331045,0.7332580076468663
2.295,0.3448594562177392,0.7862411996727035
2.2955,0.3235191065023739,0.8286277532933731
2.296,0.3021787567870086,0.849821030103708
2.2965,0.291508581929326,0.8392243916985406
2.297,0.2808384070716433,0.7862411996727035
2.2975,0.07810508477567314,0.3305857482505039
2.298,-0.3166913849585846,-0.4535654937318862
2.2985,-0.5514352318276028,-1.01518732920576
2.299,-0.7861790786966207,-1.38606967338662
2.2995,-0.658136980404429,-1.311893204550448
2.3,-0.2099896363817582,-0.8774310299385835
2.3005,0.1848068333524996,-0.4323722169215513
2.301,0.4195506802215176,-0.02969995752518888
2.3015,0.5155822539406614,0.1610395337678249
2.302,0.5262524287983441,0.2246193641988295
2.3025,0.4942419042252961,0.2140227257936621
2.303,0.5582629533713921,-0.01910331912002144
2.3035,0.5902734779444399,-0.2098428104130352
2.304,0.5155822539406614,-0.2416327256285375
2.3045,0.4302208550792003,-0.2204394488182027
2.305,0.3661998059331045,-0.2098428104130352
2.3055,0.3661998059331045,-0.1250697031716958
2.306,0.7823366253827275,0.4153588554918433
2.3065,0.6863050516635838,1.125333628638062
2.307,-0.02859666380115328,0.92399749893988
2.3075,-0.7008176798351597,0.13984625695749
2.308,-0.7434983792658902,-0.1780528951975329
2.3085,-0.4554036581084589,-0.1250697031716958
2.309,-0.1352984123779797,0.06566978812131802
2.3095,0.1101156093487211,0.2776025562246667
2.31,0.2488278824985954,0.4683420475176805
2.3105,0.3128489316446912,0.6060983467848571
2.311,0.3341892813600565,0.7120647308365314
2.3115,0.3235191065023739,0.7862411996727035
2.312,0.3128489316446912,0.8392243916985406
2.3125,0.3021787567870086,0.8604176685088755
2.313,0.291508581929326,0.849821030103708
2.3135,0.2808384070716433,0.8286277532933731
2.314,0.1741366584948169,0.5849050699745222
2.3145,-0.09261771294724913,-0.1568596183871981
2.315,-0.4554036581084589,-0.9304142219644207
2.3155,-0.8608703027003992,-1.42845622700729
2.316,-0.5941159312583333,-1.290699927740113
2.3165,-0.1139580626626144,-0.8774310299385835
2.317,0.2594980573562781,-0.3899856633008816
2.3175,0.4729015545099309,-0.08268314955102604
2.318,0.5475927785137094,0.08686306493165288
2.3185,0.5262524287983441,0.1928294489833272
2.319,0.4729015545099309,0.2246193641988295
2.3195,0.4729015545099309,0.1292496185523226
2.32,0.5262524287983441,-0.04029659593035631
2.3205,0.4835717293676135,-0.1144730647665284
2.321,0.4195506802215176,-0.1250697031716958
2.3215,0.3661998059331045,-0.1356663415768632
2.322,0.3341892813600565,-0.1250697031716958
2.3225,0.6329541773751706,0.2352160026039969
2.323,0.7716664505250448,0.7120647308365314
2.3235,0.1207857842064037,0.2034260873884947
2.324,-0.5834457564006506,-0.3158091944647096
2.3245,-1.052933450138687,0.03387987290581572
2.325,-0.8822106524157645,0.2352160026039969
2.3255,-0.4767440078238243,0.2881991946298341
2.326,-0.1139580626626144,0.309392471440169
2.3265,0.142126133921769,0.3411823866556712
2.327,0.2701682322139607,0.3941655786815084
2.3275,0.3235191065023739,0.4789386859228479
2.328,0.3341892813600565,0.5637117931641874
2.3285,0.3128489316446912,0.6590815388106942
2.329,0.3021787567870086,0.7332580076468663
2.3295,0.291508581929326,0.7862411996727035
2.33,0.2808384070716433,0.8074344764830383
2.3305,0.1954770082101822,0.7438546460520338
2.331,-0.423393133535411,0.1080563417419877
2.3315,-1.170305373573196,-0.6972881770507372
2.332,-1.597112367880501,-1.301296566145281
2.3325,-1.522421143876723,-1.523825972653797
2.333,-0.8822106524157645,-1.174136905283272
2.3335,-0.2313299860971235,-0.5383386009732256
2.334,0.2061471830678648,-0.02969995752518888
2.3345,0.4302208550792003,0.2776025562246667
2.335,0.5049120790829789,0.4259554938970107
2.3355,0.4835717293676135,0.4259554938970107
2.336,0.4515612047945656,0.3517790250608387
2.3365,0.5262524287983441,0.3411823866556712
2.337,0.5049120790829789,0.2034260873884947
2.3375,0.4408910299368829,0.002089957690313421
2.338,0.3768699807907871,-0.1674562567923655
2.3385,0.3341892813600565,-0.2734226408440398
2.339,0.1634664836371343,-0.05089323433552374
2.3395,-0.3807124341046804,0.5425185163538525
2.34,-1.084943974711735,0.3199891098453364
2.3405,-1.575772018165136,-0.5595318777835605
2.341,-1.693143941599645,-1.004590690800593
2.3415,-1.202315898146244,-0.7396747306714069
2.342,-0.5834457564006506,-0.252229364033705
2.3425,-0.1032878878049318,0.1928294489833272
2.343,0.1848068333524996,0.5213252395435176
2.3435,0.3235191065023739,0.7226613692416989
2.344,0.3661998059331045,0.8286277532933731
2.3445,0.3555296310754218,0.8922075837243778
2.345,0.3341892813600565,0.9028042221295453
2.3455,0.3128489316446912,0.8922075837243778
2.346,0.291508581929326,0.8604176685088755
2.3465,0.2808384070716433,0.8180311148882058
2.347,0.2594980573562781,0.6908714540261965
2.3475,-0.007256314085787988,0.06566978812131802
2.348,-0.4554036581084589,-0.8456411147230812
2.3485,-1.031593100423322,-1.619195718300304
2.349,-1.223656247861609,-1.778145294377815
2.3495,-0.7434983792658902,-1.280103289334946
2.35,-0.1673089369510276,-0.7396747306714069
2.3505,0.2381577076409128,-0.3581957480853793
2.351,0.4408910299368829,-0.1356663415768632
2.3515,0.5155822539406614,-0.02969995752518888
2.352,0.5049120790829789,0.02328323450064829
2.3525,0.4515612047945656,0.01268659609548085
2.353,0.5262524287983441,0.09745970333682032
2.3535,0.5689331282290746,0.1080563417419877
2.354,0.5155822539406614,0.002089957690313421
2.3545,0.4302208550792003,-0.1144730647665284
2.355,0.3661998059331045,-0.1886495336027004
2.3555,0.2808384070716433,-0.09327978795619347
2.356,0.08877525963335578,0.4895353243280153
2.3565,-0.3273615598162672,0.9451907757502149
2.357,-0.8822106524157645,0.2987958330350016
2.3575,-1.26633694729234,-0.5489352393783931
2.358,-1.042263275281004,-0.6337083466197325
2.3585,-0.572775581542968,-0.2628260024388724
2.359,-0.1459685872356623,0.1928294489833272
2.3595,0.1314559590640864,0.5849050699745222
2.36,0.291508581929326,0.8604176685088755
2.3605,0.3448594562177392,1.029963882991555
2.361,0.3448594562177392,1.125333628638062
2.3615,0.3341892813600565,1.167720182258731
2.362,0.3128489316446912,1.167720182258731
2.3625,0.3021787567870086,1.125333628638062
2.363,0.291508581929326,1.061753798207057
2.3635,0.2808384070716433,0.9663840525605498
2.364,0.1314559590640864,0.6696781772158616
2.3645,-0.5087545323968721,-0.1568596183871981
2.365,-1.042263275281004,-1.05757388282643
2.3655,-1.234326422719292,-1.746355379162313
2.366,-0.8502001278427167,-1.862918401619155
2.3665,-0.274010685527854,-1.407262950196955
2.367,0.1634664836371343,-0.8880276683437509
2.3675,0.4408910299368829,-0.4959520473525559
2.368,0.5369226036560266,-0.252229364033705
2.3685,0.5369226036560266,-0.1462629799820306
2.369,0.4942419042252961,-0.1250697031716958
2.3695,0.4515612047945656,-0.1674562567923655
2.37,0.4515612047945656,-0.2310360872233701
2.3705,0.4195506802215176,-0.2734226408440398
2.371,0.3661998059331045,-0.2946159176543747
2.3715,0.3341892813600565,-0.2734226408440398
2.372,0.3235191065023739,-0.2310360872233701
2.3725,0.3768699807907871,0.1822328105781598
2.373,0.04609456020262521,0.701468092431364
2.3735,-0.5087545323968721,0.1928294489833272
2.374,-0.9569018764195432,-0.4217755785163839
2.3745,-1.148965023857831,-0.2310360872233701
2.375,-0.8181896032696687,0.04447651131098315
2.3755,-0.3807124341046804,0.2670059178194992
2.376,-0.01792648894347063,0.4471487707073456
2.3765,0.2061471830678648,0.5849050699745222
2.377,0.3128489316446912,0.7120647308365314
2.3775,0.3448594562177392,0.8074344764830383
2.378,0.3448594562177392,0.8922075837243778
2.3785,0.3235191065023739,0.9663840525605498
2.379,0.3021787567870086,0.9981739677760521
2.3795,0.291508581929326,1.00877060618122
2.38,0.2808384070716433,0.9769806909657173
2.3805,0.2381577076409128,0.8816109453192104
2.381,-0.2420001609548061,0.309392471440169
2.3815,-0.754168554123573,-0.5595318777835605
2.382,-0.9995825758502737,-1.280103289334946
2.3825,-0.9462317015618604,-1.481439419033127
2.383,-0.4660738329661415,-1.036380606016095
2.3835,0.00341386077189465,-0.4641621321370536
2.384,0.3021787567870086,-0.09327978795619347
2.3845,0.4622313796522482,0.07626642652648545
2.385,0.5049120790829789,0.1186529801471552
2.3855,0.4729015545099309,0.04447651131098315
2.386,0.4515612047945656,-0.04029659593035631
2.3865,0.5262524287983441,-0.05089323433552374
2.387,0.5155822539406614,-0.1144730647665284
2.3875,0.4622313796522482,-0.1886495336027004
2.388,0.3982103305061524,-0.2416327256285375
2.3885,0.3448594562177392,-0.2628260024388724
2.389,0.2594980573562781,-0.1038764263613609
2.3895,-0.1673089369510276,0.4153588554918433
2.39,-0.7648387289812555,0.1822328105781598
2.3905,-1.341028171296118,-0.570128516188728
2.391,-1.767835165603424,-0.5065486857577234
2.3915,-1.479740444445993,-0.08268314955102604
2.392,-0.8502001278427167,0.2034260873884947
2.3925,-0.2846808603855366,0.3941655786815084
2.393,0.08877525963335578,0.5213252395435176
2.3935,0.2808384070716433,0.627291623595192
2.394,0.3661998059331045,0.7120647308365314
2.3945,0.3661998059331045,0.7968378380778709
2.395,0.3555296310754218,0.8604176685088755
2.3955,0.3235191065023739,0.9134008605347127
2.396,0.3021787567870086,0.9345941373450475
2.3965,0.291508581929326,0.9451907757502149
2.397,0.2808384070716433,0.8710143069140429
2.3975,0.3555296310754218,0.55311515475902
2.398,0.3768699807907871,-0.1886495336027004
2.3985,-0.3593720843893152,-0.9939940523954253
2.399,-0.8822106524157645,-1.258910012524611
2.3995,-0.658136980404429,-0.9092209451540858
2.4,-0.1886492866663929,-0.474758770542221
2.4005,0.1954770082101822,-0.1356663415768632
2.401,0.408880505363835,0.03387987290581572
2.4015,0.4942419042252961,0.1186529801471552
2.402,0.4942419042252961,0.1292496185523226
2.4025,0.4515612047945656,0.05507314971615059
2.403,0.4942419042252961,-0.02969995752518888
2.4035,0.5262524287983441,-0.09327978795619347
2.404,0.4729015545099309,-0.1568596183871981
2.4045,0.408880505363835,-0.2098428104130352
2.405,0.3555296310754218,-0.2416327256285375
2.4055,0.3021787567870086,-0.2310360872233701
2.406,-0.08194753808956648,-0.1462629799820306
2.4065,-0.7114878546928423,-0.4853554089473885
2.407,-1.255666772434657,-1.163540266878104
2.4075,-1.629122892453549,-1.290699927740113
2.408,-1.533091318734406,-0.6337083466197325
2.4085,-0.9782422261349084,-0.08268314955102604
2.409,-0.4020527838200457,0.2670059178194992
2.4095,0.01408403562957729,0.4789386859228479
2.41,0.2488278824985954,0.5955017083796896
2.4105,0.3448594562177392,0.6802748156210291
2.411,0.3661998059331045,0.7332580076468663
2.4115,0.3555296310754218,0.775644561267536
2.412,0.3341892813600565,0.8074344764830383
2.4125,0.3128489316446912,0.8180311148882058
2.413,0.291508581929326,0.8074344764830383
2.4135,0.2808384070716433,0.7544512844572011
2.414,0.1741366584948169,0.5425185163538525
2.4145,-0.3807124341046804,-0.1992461720078678
2.415,-1.116954499284783,-1.046977244421262
2.4155,-1.821186039891837,-1.703968825541643
2.416,-1.789175515318789,-1.947691508860494
2.4165,-1.052933450138687,-1.492036057438295
2.417,-0.3273615598162672,-0.7714646458869092
2.4175,0.1848068333524996,-0.1674562567923655
2.418,0.4302208550792003,0.2034260873884947
2.4185,0.5155822539406614,0.3517790250608387
2.419,0.4942419042252961,0.309392471440169
2.4195,0.5049120790829789,0.2140227257936621
2.42,0.5689331282290746,0.1186529801471552
2.4205,0.5262524287983441,0.002089957690313421
2.421,0.4515612047945656,-0.1038764263613609
2.4215,0.3875401556484697,-0.1780528951975329
2.422,0.3448594562177392,-0.2098428104130352
2.4225,0.5475927785137094,0.04447651131098315
2.423,0.9210488985326017,0.627291623595192
2.4235,0.4408910299368829,0.3411823866556712
2.424,-0.3487019095316325,-0.5277419625680583
2.4245,-0.6688071552621118,-0.8562377531282487
2.425,-0.4980843575391895,-0.570128516188728
2.4255,-0.2099896363817582,-0.1250697031716958
2.426,0.04609456020262521,0.2670059178194992
2.4265,0.2061471830678648,0.55311515475902
2.427,0.291508581929326,0.7332580076468663
2.4275,0.3235191065023739,0.8286277532933731
2.428,0.3341892813600565,0.8710143069140429
2.4285,0.3235191065023739,0.8816109453192104
2.429,0.3021787567870086,0.8710143069140429
2.4295,0.291508581929326,0.8286277532933731
2.43,0.2808384070716433,0.7544512844572011
2.4305,0.2061471830678648,0.5743084315693548
2.431,0.09944543449103843,-0.1674562567923655
2.4315,-0.1779791118087102,-1.068170521231597
2.432,-0.8822106524157645,-1.788741932782983
2.4325,-1.020922925565639,-1.75695201756748
2.433,-0.572775581542968,-1.152943628472937
2.4335,-0.07127736323188383,-0.5489352393783931
2.434,0.291508581929326,-0.1250697031716958
2.4345,0.4835717293676135,0.04447651131098315
2.435,0.5475927785137094,0.08686306493165288
2.4355,0.5262524287983441,0.05507314971615059
2.436,0.4729015545099309,-0.008506680714854012
2.4365,0.5689331282290746,0.06566978812131802
2.437,0.5796033030867573,0.04447651131098315
2.4375,0.5049120790829789,-0.04029659593035631
2.438,0.4195506802215176,-0.1144730647665284
2.4385,0.3555296310754218,-0.1462629799820306
2.439,0.4515612047945656,0.03387987290581572
2.4395,0.857027849386506,0.6802748156210291
2.44,0.3875401556484697,0.7438546460520338
2.4405,-0.2953510352432193,-0.02969995752518888
2.441,-0.9675720512772257,-0.08268314955102604
2.4415,-1.1062843244271,0.2670059178194992
2.442,-0.754168554123573,0.4047622170866759
2.4425,-0.3273615598162672,0.4683420475176805
2.443,0.01408403562957729,0.5213252395435176
2.4435,0.2168173579255475,0.6060983467848571
2.444,0.3128489316446912,0.701468092431364
2.4445,0.3448594562177392,0.8074344764830383
2.445,0.3341892813600565,0.9028042221295453
2.4455,0.3235191065023739,0.9875773293708847
2.446,0.3021787567870086,1.029963882991555
2.4465,0.291508581929326,1.051157159801889
2.447,0.2808384070716433,1.019367244586387
2.4475,0.3021787567870086,0.5425185163538525
2.448,0.4942419042252961,-0.3052125560595421
2.4485,-0.07127736323188383,-1.046977244421262
2.449,-0.5407650569699201,-1.407262950196955
2.4495,-0.3593720843893152,-1.258910012524611
2.45,-0.007256314085787988,-0.7820612842920766
2.4505,0.2701682322139607,-0.2204394488182027
2.451,0.4302208550792003,0.1822328105781598
2.4515,0.4835717293676135,0.3411823866556712
2.452,0.4729015545099309,0.2987958330350016
2.4525,0.4302208550792003,0.1610395337678249
2.453,0.4515612047945656,0.08686306493165288
2.4535,0.4729015545099309,-0.008506680714854012
2.454,0.4302208550792003,-0.1674562567923655
2.4545,0.3768699807907871,-0.3052125560595421
2.455,0.3341892813600565,-0.400582301706049
2.4555,0.2808384070716433,-0.3475991096802118
2.456,-0.1032878878049318,0.2352160026039969
2.4565,-0.690147504977477,0.6166949851900245
2.457,-1.26633694729234,-0.02969995752518888
2.4575,-1.522421143876723,-0.6654982618352349
2.458,-1.244996597576974,-0.6019184314042303
2.4585,-0.7008176798351597,-0.2416327256285375
2.459,-0.2099896363817582,0.13984625695749
2.4595,0.1101156093487211,0.457745409112513
2.46,0.2808384070716433,0.6802748156210291
2.4605,0.3448594562177392,0.8392243916985406
2.461,0.3555296310754218,0.9345941373450475
2.4615,0.3341892813600565,0.9981739677760521
2.462,0.3128489316446912,1.019367244586387
2.4625,0.291508581929326,1.019367244586387
2.463,0.2808384070716433,0.9769806909657173
2.4635,0.2701682322139607,0.9028042221295453
2.464,0.09944543449103843,0.5743084315693548
2.4645,-0.6474668055467465,-0.2734226408440398
2.465,-1.426389570157579,-1.142346990067769
2.4655,-1.906547438753298,-1.788741932782983
2.466,-1.522421143876723,-1.862918401619155
2.4665,-0.7328282044082075,-1.407262950196955
2.467,-0.07127736323188383,-0.8244478379127463
2.4675,0.3555296310754218,-0.3793890248957141
2.468,0.5475927785137094,-0.07208651114585861
2.4685,0.5689331282290746,0.06566978812131802
2.469,0.5262524287983441,0.07626642652648545
2.4695,0.4835717293676135,0.02328323450064829
2.47,0.5155822539406614,0.03387987290581572
2.4705,0.4835717293676135,-0.06148987274069118
2.471,0.4195506802215176,-0.1674562567923655
2.4715,0.3661998059331045,-0.252229364033705
2.472,0.3341892813600565,-0.2840192792492073
2.4725,0.2381577076409128,-0.05089323433552374
2.473,-0.1032878878049318,0.457745409112513
2.4735,-0.4554036581084589,0.1186529801471552
2.474,-0.722158029550525,-0.7078848154559045
2.4745,-0.6794773301197943,-0.9410108603695881
2.475,-0.391382608962363,-0.6019184314042303
2.4755,-0.08194753808956648,-0.1144730647665284
2.476,0.142126133921769,0.2987958330350016
2.4765,0.2701682322139607,0.6060983467848571
2.477,0.3128489316446912,0.7968378380778709
2.4775,0.3341892813600565,0.9028042221295453
2.478,0.3235191065023739,0.9557874141553824
2.4785,0.3021787567870086,0.9769806909657173
2.479,0.291508581929326,0.9663840525605498
2.4795,0.2808384070716433,0.92399749893988
2.48,0.2808384070716433,0.8710143069140429
2.4805,0.2381577076409128,0.7332580076468663
2.481,-0.1779791118087102,0.09745970333682032
2.4815,-0.9142211769888124,-0.8350444763179138
2.482,-1.629122892453549,-1.608599079895136
2.4825,-1.565101843307454,-1.831128486403653
2.483,-0.8715404775580819,-1.38606967338662
2.4835,-0.2206598112394408,-0.7714646458869092
2.484,0.2274875327832301,-0.326405832869877
2.4845,0.4408910299368829,-0.09327978795619347
2.485,0.5049120790829789,0.002089957690313421
2.4855,0.4835717293676135,0.01268659609548085
2.486,0.4515612047945656,-0.04029659593035631
2.4865,0.5049120790829789,-0.1038764263613609
2.487,0.5049120790829789,-0.1462629799820306
2.4875,0.4408910299368829,-0.1674562567923655
2.488,0.3875401556484697,-0.1886495336027004
2.4885,0.3448594562177392,-0.1780528951975329
2.489,0.2274875327832301,-0.1038764263613609
2.4895,-0.4127229586777283,-0.252229364033705
2.49,-1.234326422719292,-0.8668343915334161
2.4905,-1.746494815888059,-1.47084278062796
2.491,-1.895877263895616,-1.0999604364471
2.4915,-1.501080794161358,-0.3581957480853793
2.492,-0.8288597781273515,0.09745970333682032
2.4925,-0.2633405106701714,0.3517790250608387
2.493,0.1101156093487211,0.4789386859228479
2.4935,0.3021787567870086,0.5637117931641874
2.494,0.3661998059331045,0.6166949851900245
2.4945,0.3768699807907871,0.6696781772158616
2.495,0.3555296310754218,0.7226613692416989
2.4955,0.3235191065023739,0.7650479228623686
2.496,0.3021787567870086,0.7862411996727035
2.4965,0.291508581929326,0.7862411996727035
2.497,0.2808384070716433,0.7650479228623686
2.4975,0.08877525963335578,0.4683420475176805
2.498,-0.4660738329661415,-0.3158091944647096
2.4985,-0.9995825758502737,-1.0999604364471
2.499,-1.212986073003927,-1.555615887869299
2.4995,-0.7648387289812555,-1.301296566145281
2.5,-0.1779791118087102,-0.7608680074817418
2.5005,0.2274875327832301,-0.2734226408440398
2.501,0.4515612047945656,0.06566978812131802
2.5015,0.5155822539406614,0.2246193641988295
2.502,0.5049120790829789,0.2881991946298341
2.5025,0.4515612047945656,0.2458126410091644
2.503,0.4515612047945656,0.2564092794143318
2.5035,0.4622313796522482,0.2458126410091644
2.504,0.4195506802215176,0.13984625695749
2.5045,0.3768699807907871,0.002089957690313421
2.505,0.3448594562177392,-0.1038764263613609
2.5055,0.3341892813600565,-0.1568596183871981
2.506,0.6542945270905358,0.1928294489833272
2.5065,0.6969752265212663,0.6060983467848571
2.507,0.09944543449103843,0.04447651131098315
2.5075,-0.6047861061160158,-0.6019184314042303
2.508,-0.7861790786966207,-0.570128516188728
2.5085,-0.5407650569699201,-0.2840192792492073
2.509,-0.2099896363817582,0.04447651131098315
2.5095,0.05676473506030786,0.309392471440169
2.51,0.2274875327832301,0.5001319627331828
2.5105,0.3128489316446912,0.627291623595192
2.511,0.3341892813600565,0.701468092431364
2.5115,0.3341892813600565,0.7544512844572011
2.512,0.3128489316446912,0.7862411996727035
2.5125,0.3021787567870086,0.7968378380778709
2.513,0.291508581929326,0.7968378380778709
2.5135,0.2808384070716433,0.7544512844572011
2.514,0.1314559590640864,0.5319218779486851
2.5145,-0.4660738329661415,-0.2416327256285375
2.515,-1.244996597576974,-1.110557074852267
2.5155,-1.767835165603424,-1.693372187136476
2.516,-1.447729919872945,-1.640388995110639
2.5165,-0.7008176798351597,-1.131750351662602
2.517,-0.07127736323188383,-0.570128516188728
2.5175,0.3235191065023739,-0.1568596183871981
2.518,0.4942419042252961,0.13984625695749
2.5185,0.5262524287983441,0.2881991946298341
2.519,0.4835717293676135,0.2670059178194992
2.5195,0.4729015545099309,0.13984625695749
2.52,0.5475927785137094,-0.09327978795619347
2.5205,0.5155822539406614,-0.1992461720078678
2.521,0.4515612047945656,-0.2204394488182027
2.5215,0.3875401556484697,-0.2204394488182027
2.522,0.3341892813600565,-0.1992461720078678
2.5225,0.4515612047945656,0.1292496185523226
2.523,0.8356874996711408,0.7650479228623686
2.5235,0.4515612047945656,0.55311515475902
2.524,-0.2953510352432193,-0.1038764263613609
2.5245,-0.9248913518464952,0.07626642652648545
2.525,-0.8608703027003992,0.2564092794143318
2.5255,-0.5087545323968721,0.309392471440169
2.526,-0.1352984123779797,0.3411823866556712
2.5265,0.1207857842064037,0.383568940276341
2.527,0.2701682322139607,0.4471487707073456
2.5275,0.3235191065023739,0.5319218779486851
2.528,0.3341892813600565,0.627291623595192
2.5285,0.3235191065023739,0.7120647308365314
2.529,0.3128489316446912,0.7862411996727035
2.5295,0.3021787567870086,0.8392243916985406
2.53,0.291508581929326,0.8710143069140429
2.5305,0.2701682322139607,0.8286277532933731
2.531,0.08877525963335578,0.309392471440169
2.5315,-0.06060718837420119,-0.4535654937318862
2.532,-0.3380317346739499,-1.036380606016095
2.5325,-0.4660738329661415,-1.301296566145281
2.533,-0.1993194615240755,-1.025783967610927
2.5335,0.1314559590640864,-0.5277419625680583
2.534,0.3448594562177392,-0.008506680714854012
2.5345,0.4622313796522482,0.2564092794143318
2.535,0.4942419042252961,0.3411823866556712
2.5355,0.4729015545099309,0.3199891098453364
2.536,0.4408910299368829,0.2246193641988295
2.5365,0.5155822539406614,0.2458126410091644
2.537,0.5369226036560266,0.1716361721729923
2.5375,0.4729015545099309,0.02328323450064829
2.538,0.408880505363835,-0.1356663415768632
2.5385,0.3448594562177392,-0.2416327256285375
2.539,0.3982103305061524,-0.1886495336027004
2.5395,0.8890383739595538,0.3623756634660061
2.54,0.7289857510943143,0.383568940276341
2.5405,-0.07127736323188383,-0.4111789401112165
2.541,-0.7008176798351597,-1.078767159636765
2.5415,-0.7114878546928423,-0.9410108603695881
2.542,-0.423393133535411,-0.4429688553267188
2.5425,-0.1139580626626144,0.06566978812131802
2.543,0.1207857842064037,0.4471487707073456
2.5435,0.2488278824985954,0.6802748156210291
2.544,0.3021787567870086,0.8180311148882058
2.5445,0.3235191065023739,0.8816109453192104
2.545,0.3128489316446912,0.8922075837243778
2.5455,0.3021787567870086,0.8710143069140429
2.546,0.2808384070716433,0.8392243916985406
2.5465,0.2808384070716433,0.7862411996727035
2.547,0.2701682322139607,0.7120647308365314
2.5475,0.3448594562177392,0.5107286011383502
2.548,0.5262524287983441,-0.1674562567923655
2.5485,-0.1352984123779797,-1.068170521231597
2.549,-0.690147504977477,-1.650985633515806
2.5495,-0.4874141826815069,-1.51322933424863
2.55,-0.08194753808956648,-0.9939940523954253
2.5505,0.2274875327832301,-0.4641621321370536
2.551,0.3982103305061524,-0.1356663415768632
2.5515,0.4622313796522482,0.02328323450064829
2.552,0.4622313796522482,0.03387987290581572
2.5525,0.4195506802215176,-0.008506680714854012
2.553,0.4302208550792003,-0.04029659593035631
2.5535,0.4622313796522482,-0.09327978795619347
2.554,0.4302208550792003,-0.1568596183871981
2.5545,0.3768699807907871,-0.1992461720078678
2.555,0.3341892813600565,-0.2098428104130352
2.5555,0.2808384070716433,-0.1144730647665284
2.556,-0.2313299860971235,0.383568940276341
2.5565,-0.807519428411986,0.2776025562246667
2.557,-1.1062843244271,-0.5277419625680583
2.5575,-1.255666772434657,-0.792657922697244
2.558,-1.30901764672307,-0.1992461720078678
2.5585,-0.9035510021311299,0.1822328105781598
2.559,-0.4020527838200457,0.3517790250608387
2.5595,-0.01792648894347063,0.4471487707073456
2.56,0.2061471830678648,0.5107286011383502
2.5605,0.3128489316446912,0.5849050699745222
2.561,0.3448594562177392,0.6802748156210291
2.5615,0.3341892813600565,0.7650479228623686
2.562,0.3128489316446912,0.849821030103708
2.5625,0.291508581929326,0.9134008605347127
2.563,0.2808384070716433,0.9451907757502149
2.5635,0.2701682322139607,0.9345941373450475
2.564,0.1848068333524996,0.7862411996727035
2.5645,-0.4447334832507763,0.1080563417419877
2.565,-0.9142211769888124,-0.6549016234300674
2.5655,-1.052933450138687,-1.216523458903942
2.566,-0.7968492535543035,-1.237716735714276
2.5665,-0.2633405106701714,-0.8244478379127463
2.567,0.1848068333524996,-0.4111789401112165
2.5675,0.4408910299368829,-0.01910331912002144
2.568,0.5262524287983441,0.2034260873884947
2.5685,0.5262524287983441,0.2881991946298341
2.569,0.4729015545099309,0.2776025562246667
2.5695,0.4515612047945656,0.2458126410091644
2.57,0.5582629533713921,0.2987958330350016
2.5705,0.5369226036560266,0.1610395337678249
2.571,0.4729015545099309,-0.05089323433552374
2.5715,0.3982103305061524,-0.2416327256285375
2.572,0.3448594562177392,-0.3475991096802118
2.5725,0.05676473506030786,-0.04029659593035631
2.573,-0.6367966306890638,0.1610395337678249
2.5735,-1.127624674142465,-0.474758770542221
2.574,-1.212986073003927,-1.131750351662602
2.5745,-1.298347471865388,-0.8244478379127463
2.575,-0.9569018764195432,-0.3052125560595421
2.5755,-0.4660738329661415,0.06566978812131802
2.576,-0.07127736323188383,0.2881991946298341
2.5765,0.1741366584948169,0.4365521323021782
2.577,0.3021787567870086,0.5319218779486851
2.5775,0.3448594562177392,0.6060983467848571
2.578,0.3341892813600565,0.6696781772158616
2.5785,0.3235191065023739,0.7226613692416989
2.579,0.3021787567870086,0.7650479228623686
2.5795,0.2808384070716433,0.7862411996727035
2.58,0.2808384070716433,0.775644561267536
2.5805,0.2488278824985954,0.701468092431364
2.581,-0.2420001609548061,0.1186529801471552
2.5815,-1.095614149569417,-0.7396747306714069
2.582,-1.533091318734406,-1.42845622700729
2.5825,-1.202315898146244,-1.576809164679634
2.583,-0.5194247072545548,-1.152943628472937
2.5835,0.0674349099179905,-0.6125150698093976
2.584,0.4195506802215176,-0.1038764263613609
2.5845,0.5582629533713921,0.2246193641988295
2.585,0.5689331282290746,0.3517790250608387
2.5855,0.5369226036560266,0.3517790250608387
2.586,0.4622313796522482,0.2458126410091644
2.5865,0.3982103305061524,0.1080563417419877
2.587,0.3555296310754218,-0.008506680714854012
2.5875,0.3235191065023739,-0.1038764263613609
2.588,0.3021787567870086,-0.1674562567923655
2.5885,0.291508581929326,-0.2098428104130352
2.589,0.1634664836371343,-0.07208651114585861
2.5895,-0.2846808603855366,0.5001319627331828
2.59,-0.8928808272734472,0.4153588554918433
2.5905,-1.383708870726849,-0.4429688553267188
2.591,-1.639793067311232,-1.121153713257435
2.5915,-1.26633694729234,-0.9728007755850904
2.592,-0.6688071552621118,-0.474758770542221
2.5925,-0.1779791118087102,0.03387987290581572
2.593,0.142126133921769,0.4047622170866759
2.5935,0.3021787567870086,0.627291623595192
2.594,0.3555296310754218,0.7544512844572011
2.5945,0.3555296310754218,0.7968378380778709
2.595,0.3341892813600565,0.8074344764830383
2.5955,0.3128489316446912,0.7862411996727035
2.596,0.291508581929326,0.7438546460520338
2.5965,0.2808384070716433,0.6908714540261965
2.597,0.2701682322139607,0.627291623595192
2.5975,-0.01792648894347063,0.2564092794143318
2.598,-0.7755089038389382,-0.6125150698093976
2.5985,-1.501080794161358,-1.47084278062796
2.599,-1.778505340461106,-1.84172512480882
2.5995,-1.287677297007705,-1.407262950196955
2.6,-0.5300948821122373,-0.9410108603695881
2.6005,0.04609456020262521,-0.4535654937318862
2.601,0.3661998059331045,-0.1462629799820306
2.6015,0.4835717293676135,-0.008506680714854012
2.602,0.4942419042252961,0.01268659609548085
2.6025,0.4622313796522482,-0.01910331912002144
2.603,0.5049120790829789,0.002089957690313421
2.6035,0.6116138276598051,0.07626642652648545
2.604,0.5689331282290746,0.01268659609548085
2.6045,0.4729015545099309,-0.06148987274069118
2.605,0.3875401556484697,-0.1038764263613609
2.6055,0.3448594562177392,-0.05089323433552374
2.606,0.5582629533713921,0.4259554938970107
2.6065,0.6222840025174878,0.701468092431364
2.607,-0.03926683865883591,0.002089957690313421
2.6075,-0.7008176798351597,-0.5913217929990628
2.608,-0.9675720512772257,-0.3793890248957141
2.6085,-0.7114878546928423,-0.04029659593035631
2.609,-0.3273615598162672,0.2670059178194992
2.6095,-0.007256314085787988,0.5001319627331828
2.61,0.1954770082101822,0.6802748156210291
2.6105,0.3021787567870086,0.8180311148882058
2.611,0.3341892813600565,0.9134008605347127
2.6115,0.3341892813600565,0.9769806909657173
2.612,0.3128489316446912,1.029963882991555
2.6125,0.3021787567870086,1.040560521396722
2.613,0.291508581929326,1.029963882991555
2.6135,0.2808384070716433,0.9769806909657173
2.614,0.2274875327832301,0.775644561267536
2.6145,0.0674349099179905,0.08686306493165288
2.615,-0.2420001609548061,-0.7396747306714069
2.6155,-0.5941159312583333,-1.354279758171118
2.616,-0.391382608962363,-1.47084278062796
2.6165,0.04609456020262521,-1.0999604364471
2.617,0.3661998059331045,-0.6125150698093976
2.6175,0.5155822539406614,-0.1780528951975329
2.618,0.5582629533713921,0.09745970333682032
2.6185,0.5369226036560266,0.1292496185523226
2.619,0.4622313796522482,0.04447651131098315
2.6195,0.4408910299368829,-0.02969995752518888
2.62,0.5796033030867573,0.01268659609548085
2.6205,0.5689331282290746,-0.08268314955102604
2.621,0.4942419042252961,-0.2204394488182027
2.6215,0.408880505363835,-0.326405832869877
2.622,0.3448594562177392,-0.3793890248957141
2.6225,0.2168173579255475,-0.1250697031716958
2.623,-0.156638762093345,0.5319218779486851
2.6235,-0.6474668055467465,0.3517790250608387
2.624,-1.148965023857831,-0.3158091944647096
2.6245,-1.373038695869166,-0.252229364033705
2.625,-1.010252750707956,0.002089957690313421
2.6255,-0.4980843575391895,0.2352160026039969
2.626,-0.08194753808956648,0.4471487707073456
2.6265,0.1741366584948169,0.6166949851900245
2.627,0.3021787567870086,0.7544512844572011
2.6275,0.3448594562177392,0.8710143069140429
2.628,0.3448594562177392,0.9663840525605498
2.6285,0.3235191065023739,1.029963882991555
2.629,0.3021787567870086,1.061753798207057
2.6295,0.2808384070716433,1.072350436612224
2.63,0.2808384070716433,1.051157159801889
2.6305,0.2594980573562781,0.9451907757502149
2.631,-0.1886492866663929,0.383568940276341
2.6315,-0.9142211769888124,-0.4959520473525559
2.632,-1.180975548430879,-1.237716735714276
2.6325,-1.052933450138687,-1.439052865412457
2.633,-0.4980843575391895,-1.046977244421262
2.6335,0.04609456020262521,-0.5595318777835605
2.634,0.3875401556484697,-0.2098428104130352
2.6345,0.5155822539406614,-0.02969995752518888
2.635,0.5155822539406614,0.02328323450064829
2.6355,0.4729015545099309,-0.008506680714854012
2.636,0.4195506802215176,-0.08268314955102604
2.6365,0.5155822539406614,-0.1992461720078678
2.637,0.5582629533713921,-0.2946159176543747
2.6375,0.4942419042252961,-0.3475991096802118
2.638,0.4195506802215176,-0.3581957480853793
2.6385,0.3555296310754218,-0.3475991096802118
2.639,0.3021787567870086,-0.2204394488182027
2.6395,0.4195506802215176,0.383568940276341
2.64,0.05676473506030786,1.167720182258731
2.6405,-0.6474668055467465,1.29487984312074
2.641,-1.223656247861609,0.6484849004055269
2.6415,-1.138294849000148,0.3199891098453364
2.642,-0.7008176798351597,0.2246193641988295
2.6425,-0.2526703358124887,0.2670059178194992
2.643,0.0674349099179905,0.4047622170866759
2.6435,0.2488278824985954,0.5637117931641874
2.644,0.3235191065023739,0.7226613692416989
2.6445,0.3448594562177392,0.8604176685088755
2.645,0.3341892813600565,0.9769806909657173
2.6455,0.3128489316446912,1.051157159801889
2.646,0.291508581929326,1.104140351827727
2.6465,0.2808384070716433,1.104140351827727
2.647,0.2701682322139607,1.029963882991555
2.6475,0.02475421048725994,0.6590815388106942
2.648,-0.7755089038389382,-0.1886495336027004
2.6485,-1.575772018165136,-1.01518732920576
2.649,-1.906547438753298,-1.534422611058964
2.6495,-1.277007122150022,-1.396666311791788
2.65,-0.4767440078238243,-0.8986243067489184
2.6505,0.09944543449103843,-0.3793890248957141
2.651,0.408880505363835,-0.02969995752518888
2.6515,0.5262524287983441,0.13984625695749
2.652,0.5369226036560266,0.1610395337678249
2.6525,0.4835717293676135,0.06566978812131802
2.653,0.4942419042252961,-0.1462629799820306
2.6535,0.5689331282290746,-0.3899856633008816
2.654,0.5262524287983441,-0.4535654937318862
2.6545,0.4408910299368829,-0.4323722169215513
2.655,0.3661998059331045,-0.400582301706049
2.6555,0.3021787567870086,-0.3158091944647096
2.656,-0.07127736323188383,0.2246193641988295
2.6565,-0.7114878546928423,0.6802748156210291
2.657,-1.223656247861609,0.08686306493165288
2.6575,-1.46907026958831,-0.6654982618352349
2.658,-1.362368521011484,-0.6866915386455698
2.6585,-0.8502001278427167,-0.3687923864905467
2.659,-0.3273615598162672,-0.01910331912002144
2.6595,0.03542438534494258,0.2670059178194992
2.66,0.2488278824985954,0.4789386859228479
2.6605,0.3341892813600565,0.627291623595192
2.661,0.3555296310754218,0.7226613692416989
2.6615,0.3448594562177392,0.7862411996727035
2.662,0.3235191065023739,0.8180311148882058
2.6625,0.3021787567870086,0.8392243916985406
2.663,0.291508581929326,0.8286277532933731
2.6635,0.2808384070716433,0.8074344764830383
2.664,0.2061471830678648,0.6590815388106942
2.6645,-0.4020527838200457,-0.04029659593035631
2.665,-0.9995825758502737,-0.8456411147230812
2.6655,-1.394379045584531,-1.502632695843462
2.666,-1.415719395299897,-1.84172512480882
2.6665,-0.8608703027003992,-1.523825972653797
2.667,-0.2313299860971235,-0.9516074987747555
2.6675,0.2274875327832301,-0.400582301706049
2.668,0.4515612047945656,0.02328323450064829
2.6685,0.5155822539406614,0.1928294489833272
2.669,0.5049120790829789,0.2352160026039969
2.6695,0.4622313796522482,0.1610395337678249
2.67,0.5049120790829789,-0.08268314955102604
2.6705,0.4835717293676135,-0.2310360872233701
2.671,0.4195506802215176,-0.2840192792492073
2.6715,0.3661998059331045,-0.3052125560595421
2.672,0.3341892813600565,-0.3052125560595421
2.6725,0.1954770082101822,-0.04029659593035631
2.673,-0.02859666380115328,0.5319218779486851
2.6735,-0.5514352318276028,0.3623756634660061
2.674,-0.9248913518464952,-0.4959520473525559
2.6745,-0.9889124009925911,-1.004590690800593
2.675,-0.658136980404429,-0.792657922697244
2.6755,-0.2633405106701714,-0.3370024712750445
2.676,0.04609456020262521,0.1080563417419877
2.6765,0.2274875327832301,0.4365521323021782
2.677,0.3128489316446912,0.6484849004055269
2.6775,0.3448594562177392,0.775644561267536
2.678,0.3341892813600565,0.8392243916985406
2.6785,0.3128489316446912,0.8604176685088755
2.679,0.3021787567870086,0.8710143069140429
2.6795,0.291508581929326,0.8392243916985406
2.68,0.2808384070716433,0.7862411996727035
2.6805,0.2701682322139607,0.6908714540261965
2.681,-0.07127736323188383,0.2034260873884947
2.6815,-0.5834457564006506,-0.6125150698093976
2.682,-0.9142211769888124,-1.364876396576285
2.6825,-0.8928808272734472,-1.809935209593318
2.683,-0.391382608962363,-1.672178910326141
2.6835,0.09944543449103843,-1.152943628472937
2.684,0.408880505363835,-0.5807251545938954
2.6845,0.5155822539406614,-0.1462629799820306
2.685,0.5369226036560266,0.09745970333682032
2.6855,0.5049120790829789,0.13984625695749
2.686,0.4515612047945656,0.07626642652648545
2.6865,0.4195506802215176,0.02328323450064829
2.687,0.3875401556484697,-0.04029659593035631
2.6875,0.3555296310754218,-0.09327978795619347
2.688,0.3341892813600565,-0.1356663415768632
2.6885,0.3128489316446912,-0.1568596183871981
2.689,0.2488278824985954,-0.02969995752518888
2.6895,-0.03926683865883591,0.5637117931641874
2.69,-0.423393133535411,0.6378882620003594
2.6905,-0.8715404775580819,-0.1780528951975329
2.691,-1.287677297007705,-0.4853554089473885
2.6915,-1.202315898146244,-0.1780528951975329
2.692,-0.7434983792658902,0.07626642652648545
2.6925,-0.274010685527854,0.2670059178194992
2.693,0.0674349099179905,0.4047622170866759
2.6935,0.2594980573562781,0.5213252395435176
2.694,0.3341892813600565,0.6166949851900245
2.6945,0.3555296310754218,0.701468092431364
2.695,0.3448594562177392,0.7650479228623686
2.6955,0.3235191065023739,0.8180311148882058
2.696,0.3021787567870086,0.849821030103708
2.6965,0.291508581929326,0.849821030103708
2.697,0.2808384070716433,0.8180311148882058
2.6975,0.02475421048725994,0.5001319627331828
2.698,-0.7755089038389382,-0.326405832869877
2.6985,-1.586442193022819,-1.152943628472937
2.699,-2.023919362187807,-1.650985633515806
2.6995,-1.458400094730627,-1.47084278062796
2.7,-0.6474668055467465,-0.9516074987747555
2.7005,0.01408403562957729,-0.3581957480853793
2.701,0.3982103305061524,0.05507314971615059
2.7015,0.5582629533713921,0.2352160026039969
2.702,0.5689331282290746,0.2458126410091644
2.7025,0.5155822539406614,0.1504428953626575
2.703,0.5049120790829789,0.06566978812131802
2.7035,0.5582629533713921,0.02328323450064829
2.704,0.5155822539406614,-0.06148987274069118
2.7045,0.4408910299368829,-0.1568596183871981
2.705,0.3768699807907871,-0.2204394488182027
2.7055,0.3235191065023739,-0.2416327256285375
2.706,0.1314559590640864,0.13984625695749
2.7065,-0.1993194615240755,0.3623756634660061
2.707,-0.4554036581084589,-0.3158091944647096
2.7075,-0.7861790786966207,-0.792657922697244
2.708,-0.9462317015618604,-0.4429688553267188
2.7085,-0.6688071552621118,-0.09327978795619347
2.709,-0.274010685527854,0.1610395337678249
2.7095,0.03542438534494258,0.3411823866556712
2.71,0.2168173579255475,0.4683420475176805
2.7105,0.3128489316446912,0.5637117931641874
2.711,0.3448594562177392,0.6378882620003594
2.7115,0.3341892813600565,0.701468092431364
2.712,0.3235191065023739,0.7544512844572011
2.7125,0.3021787567870086,0.7862411996727035
2.713,0.291508581929326,0.7968378380778709
2.7135,0.291508581929326,0.7862411996727035
2.714,0.2701682322139607,0.701468092431364
2.7145,0.3555296310754218,0.2458126410091644
2.715,0.2701682322139607,-0.5595318777835605
2.7155,-0.5300948821122373,-1.322489842955616
2.716,-1.042263275281004,-1.746355379162313
2.7165,-0.7434983792658902,-1.47084278062796
2.717,-0.2420001609548061,-0.8668343915334161
2.7175,0.1634664836371343,-0.3581957480853793
2.718,0.3875401556484697,-0.02969995752518888
2.7185,0.4729015545099309,0.1504428953626575
2.719,0.4622313796522482,0.2034260873884947
2.7195,0.4408910299368829,0.1610395337678249
2.72,0.4729015545099309,0.06566978812131802
2.7205,0.4622313796522482,-0.05089323433552374
2.721,0.408880505363835,-0.1356663415768632
2.7215,0.3661998059331045,-0.2098428104130352
2.722,0.3341892813600565,-0.252229364033705
2.7225,0.2061471830678648,-0.008506680714854012
2.723,-0.2313299860971235,0.6484849004055269
2.7235,-0.7861790786966207,0.5637117931641874
2.724,-1.095614149569417,-0.3158091944647096
2.7245,-1.031593100423322,-0.8244478379127463
2.725,-0.6261264558313813,-0.6549016234300674
2.7255,-0.2099896363817582,-0.2416327256285375
2.726,0.08877525963335578,0.1504428953626575
2.7265,0.2594980573562781,0.457745409112513
2.727,0.3341892813600565,0.6484849004055269
2.7275,0.3448594562177392,0.7650479228623686
2.728,0.3341892813600565,0.8286277532933731
2.7285,0.3235191065023739,0.849821030103708
2.729,0.3021787567870086,0.849821030103708
2.7295,0.291508581929326,0.8286277532933731
2.73,0.2808384070716433,0.775644561267536
2.7305,0.2594980573562781,0.6590815388106942
2.731,-0.01792648894347063,0.06566978812131802
2.7315,-0.5300948821122373,-0.8456411147230812
2.732,-1.138294849000148,-1.640388995110639
2.7325,-1.405049220442214,-2.021867977696666
2.733,-0.9995825758502737,-1.640388995110639
2.7335,-0.3807124341046804,-0.9939940523954253
2.734,0.1101156093487211,-0.4535654937318862
2.7345,0.3768699807907871,-0.1250697031716958
2.735,0.4942419042252961,0.02328323450064829
2.7355,0.5049120790829789,0.06566978812131802
2.736,0.4729015545099309,0.03387987290581572
2.7365,0.4622313796522482,-0.008506680714854012
2.737,0.4729015545099309,-0.06148987274069118
2.7375,0.4302208550792003,-0.1356663415768632
2.738,0.3875401556484697,-0.1886495336027004
2.7385,0.3448594562177392,-0.2098428104130352
2.739,0.2808384070716433,-0.1462629799820306
2.7395,-0.007256314085787988,0.2670059178194992
2.74,-0.6047861061160158,0.6908714540261965
2.7405,-1.255666772434657,0.1080563417419877
2.741,-1.767835165603424,-0.6231117082145651
2.7415,-1.778505340461106,-0.4641621321370536
2.742,-1.191645723288561,-0.1356663415768632
2.7425,-0.5407650569699201,0.1610395337678249
2.743,-0.06060718837420119,0.383568940276341
2.7435,0.2168173579255475,0.55311515475902
2.744,0.3448594562177392,0.6802748156210291
2.7445,0.3768699807907871,0.775644561267536
2.745,0.3661998059331045,0.8392243916985406
2.7455,0.3448594562177392,0.8816109453192104
2.746,0.3235191065023739,0.9028042221295453
2.7465,0.3021787567870086,0.8922075837243778
2.747,0.291508581929326,0.8392243916985406
2.7475,0.142126133921769,0.5319218779486851
2.748,-0.5300948821122373,-0.2734226408440398
2.7485,-1.180975548430879,-1.0999604364471
2.749,-1.30901764672307,-1.576809164679634
2.7495,-0.807519428411986,-1.534422611058964
2.75,-0.1779791118087102,-1.068170521231597
2.7505,0.2701682322139607,-0.4959520473525559
2.751,0.4942419042252961,-0.04029659593035631
2.7515,0.5582629533713921,0.2034260873884947
2.752,0.5475927785137094,0.2140227257936621
2.7525,0.4942419042252961,0.1080563417419877
2.753,0.4942419042252961,-0.04029659593035631
2.7535,0.5902734779444399,-0.1992461720078678
2.754,0.5582629533713921,-0.2734226408440398
2.7545,0.4729015545099309,-0.3052125560595421
2.755,0.3982103305061524,-0.3052125560595421
2.7555,0.3555296310754218,-0.2840192792492073
2.756,0.3555296310754218,0.09745970333682032
2.7565,0.3021787567870086,0.8286277532933731
2.757,-0.156638762093345,0.849821030103708
2.7575,-0.6794773301197943,-0.05089323433552374
2.758,-0.9142211769888124,-0.6337083466197325
2.7585,-0.6688071552621118,-0.5171453241628908
2.759,-0.2953510352432193,-0.1356663415768632
2.7595,0.01408403562957729,0.2458126410091644
2.76,0.2168173579255475,0.5637117931641874
2.7605,0.3128489316446912,0.775644561267536
2.761,0.3448594562177392,0.9028042221295453
2.7615,0.3448594562177392,0.9769806909657173
2.762,0.3235191065023739,1.00877060618122
2.7625,0.3021787567870086,0.9981739677760521
2.763,0.291508581929326,0.9557874141553824
2.7635,0.291508581929326,0.8922075837243778
2.764,0.2168173579255475,0.7120647308365314
2.7645,-0.3593720843893152,-0.008506680714854012
2.765,-0.9142211769888124,-0.9092209451540858
2.7655,-1.116954499284783,-1.619195718300304
2.766,-1.170305373573196,-2.106641084938006
2.7665,-0.6794773301197943,-1.873515040024322
2.767,-0.1139580626626144,-1.248313374119443
2.7675,0.291508581929326,-0.7078848154559045
2.768,0.4835717293676135,-0.3475991096802118
2.7685,0.5369226036560266,-0.1356663415768632
2.769,0.5049120790829789,-0.06148987274069118
2.7695,0.4622313796522482,-0.1038764263613609
2.77,0.5155822539406614,-0.2734226408440398
2.7705,0.4942419042252961,-0.3475991096802118
2.771,0.4408910299368829,-0.3475991096802118
2.7715,0.3768699807907871,-0.3052125560595421
2.772,0.3341892813600565,-0.2628260024388724
2.7725,0.1314559590640864,-0.1780528951975329
2.773,-0.6474668055467465,-0.5383386009732256
2.7735,-1.501080794161358,-1.227120097309109
2.774,-1.981238662757077,-1.852321763213987
2.7745,-2.066600061618538,-1.968884785670829
2.775,-1.447729919872945,-1.258910012524611
2.7755,-0.7114878546928423,-0.4429688553267188
2.776,-0.156638762093345,0.2034260873884947
2.7765,0.1848068333524996,0.6166949851900245
2.777,0.3448594562177392,0.8286277532933731
2.7775,0.3982103305061524,0.9134008605347127
2.778,0.3875401556484697,0.92399749893988
2.7785,0.3555296310754218,0.8816109453192104
2.779,0.3235191065023739,0.8286277532933731
2.7795,0.3128489316446912,0.7544512844572011
2.78,0.291508581929326,0.6590815388106942
2.7805,0.2808384070716433,0.5425185163538525
2.781,0.07810508477567314,0.08686306493165288
2.7815,-0.3700422592469978,-0.7396747306714069
2.782,-0.9142211769888124,-1.481439419033127
2.7825,-1.042263275281004,-1.947691508860494
2.783,-0.5941159312583333,-1.820531847998485
2.7835,-0.04993701351651855,-1.333086481360783
2.784,0.3235191065023739,-0.7820612842920766
2.7845,0.5155822539406614,-0.4217755785163839
2.785,0.5689331282290746,-0.2310360872233701
2.7855,0.5369226036560266,-0.1250697031716958
2.786,0.4835717293676135,-0.06148987274069118
2.7865,0.4942419042252961,-0.05089323433552374
2.787,0.5049120790829789,-0.06148987274069118
2.7875,0.4515612047945656,-0.08268314955102604
2.788,0.3982103305061524,-0.09327978795619347
2.7885,0.3555296310754218,-0.1038764263613609
2.789,0.2701682322139607,-0.008506680714854012
2.7895,0.05676473506030786,0.4683420475176805
2.79,-0.274010685527854,0.8286277532933731
2.7905,-0.8288597781273515,0.1610395337678249
2.791,-1.373038695869166,-0.5065486857577234
2.7915,-1.341028171296118,-0.3899856633008816
2.792,-0.8502001278427167,-0.1144730647665284
2.7925,-0.3380317346739499,0.1716361721729923
2.793,0.03542438534494258,0.4047622170866759
2.7935,0.2594980573562781,0.5743084315693548
2.794,0.3448594562177392,0.701468092431364
2.7945,0.3768699807907871,0.7862411996727035
2.795,0.3555296310754218,0.849821030103708
2.7955,0.3341892813600565,0.8816109453192104
2.796,0.3128489316446912,0.8922075837243778
2.7965,0.3021787567870086,0.8816109453192104
2.797,0.291508581929326,0.8392243916985406
2.7975,0.1634664836371343,0.5637117931641874
2.798,0.2168173579255475,-0.1144730647665284
2.7985,-0.274010685527854,-0.9516074987747555
2.799,-0.9889124009925911,-1.51322933424863
2.7995,-0.8822106524157645,-1.322489842955616
2.8,-0.391382608962363,-0.8244478379127463
2.8005,0.05676473506030786,-0.3793890248957141
2.801,0.3448594562177392,-0.04029659593035631
2.8015,0.4729015545099309,0.09745970333682032
2.802,0.5049120790829789,0.06566978812131802
2.8025,0.4835717293676135,0.002089957690313421
2.803,0.4622313796522482,-0.02969995752518888
2.8035,0.4835717293676135,0.002089957690313421
2.804,0.4515612047945656,-0.06148987274069118
2.8045,0.3982103305061524,-0.1462629799820306
2.805,0.3555296310754218,-0.2204394488182027
2.8055,0.3235191065023739,-0.2310360872233701
2.806,0.2168173579255475,0.1186529801471552
2.8065,-0.06060718837420119,0.55311515475902
2.807,-0.572775581542968,0.002089957690313421
2.8075,-0.9782422261349084,-0.6337083466197325
2.808,-1.223656247861609,-0.3370024712750445
2.8085,-0.9248913518464952,0.01268659609548085
2.809,-0.4554036581084589,0.2246193641988295
2.8095,-0.06060718837420119,0.383568940276341
2.81,0.1848068333524996,0.5001319627331828
2.8105,0.3128489316446912,0.6060983467848571
2.811,0.3555296310754218,0.701468092431364
2.8115,0.3555296310754218,0.7968378380778709
2.812,0.3341892813600565,0.8710143069140429
2.8125,0.3235191065023739,0.92399749893988
2.813,0.3021787567870086,0.9557874141553824
2.8135,0.291508581929326,0.9451907757502149
2.814,0.2594980573562781,0.849821030103708
2.8145,-0.2420001609548061,0.2670059178194992
2.815,-0.8181896032696687,-0.5383386009732256
2.8155,-1.26633694729234,-1.248313374119443
2.816,-1.447729919872945,-1.661582271920973
2.8165,-0.9889124009925911,-1.407262950196955
2.817,-0.3273615598162672,-0.8456411147230812
2.8175,0.1848068333524996,-0.3687923864905467
2.818,0.4622313796522482,0.01268659609548085
2.8185,0.5369226036560266,0.2246193641988295
2.819,0.5262524287983441,0.2564092794143318
2.8195,0.4942419042252961,0.1610395337678249
2.82,0.5582629533713921,-0.06148987274069118
2.8205,0.5369226036560266,-0.2204394488182027
2.821,0.4729015545099309,-0.3052125560595421
2.8215,0.3982103305061524,-0.3475991096802118
2.822,0.3555296310754218,-0.3581957480853793
2.8225,0.3982103305061524,-0.2416327256285375
2.823,0.7396559259519968,0.2670059178194992
2.8235,0.3128489316446912,0.07626642652648545
2.824,-0.690147504977477,-0.718481453861072
2.8245,-1.373038695869166,-1.152943628472937
2.825,-1.191645723288561,-0.8350444763179138
2.8255,-0.7008176798351597,-0.3158091944647096
2.826,-0.2206598112394408,0.1504428953626575
2.8265,0.1101156093487211,0.4895353243280153
2.827,0.2808384070716433,0.6908714540261965
2.8275,0.3555296310754218,0.7968378380778709
2.828,0.3661998059331045,0.849821030103708
2.8285,0.3555296310754218,0.8604176685088755
2.829,0.3341892813600565,0.8392243916985406
2.8295,0.3128489316446912,0.7968378380778709
2.83,0.3021787567870086,0.7438546460520338
2.8305,0.2808384070716433,0.6590815388106942
2.831,-0.06060718837420119,0.1928294489833272
2.8315,-0.5941159312583333,-0.6019184314042303
2.832,-0.9675720512772257,-1.333086481360783
2.8325,-1.191645723288561,-1.937094870455327
2.833,-0.8822106524157645,-1.937094870455327
2.8335,-0.3380317346739499,-1.333086481360783
2.834,0.1101156093487211,-0.718481453861072
2.8345,0.3555296310754218,-0.2734226408440398
2.835,0.4622313796522482,-0.02969995752518888
2.8355,0.4835717293676135,0.04447651131098315
2.836,0.4515612047945656,0.03387987290581572
2.8365,0.4942419042252961,0.04447651131098315
2.837,0.5369226036560266,0.01268659609548085
2.8375,0.4942419042252961,-0.05089323433552374
2.838,0.4302208550792003,-0.1144730647665284
2.8385,0.3768699807907871,-0.1568596183871981
2.839,0.3555296310754218,-0.1462629799820306
2.8395,0.6436243522328531,0.2246193641988295
2.84,0.6649647019482183,0.4789386859228479
2.8405,0.05676473506030786,-0.1992461720078678
2.841,-0.6688071552621118,-0.9410108603695881
2.8415,-0.7434983792658902,-0.9198175835592532
2.842,-0.4660738329661415,-0.474758770542221
2.8425,-0.1352984123779797,0.02328323450064829
2.843,0.1101156093487211,0.4259554938970107
2.8435,0.2594980573562781,0.6802748156210291
2.844,0.3235191065023739,0.8286277532933731
2.8445,0.3448594562177392,0.9028042221295453
2.845,0.3341892813600565,0.9345941373450475
2.8455,0.3235191065023739,0.92399749893988
2.846,0.3128489316446912,0.8922075837243778
2.8465,0.291508581929326,0.8392243916985406
2.847,0.291508581929326,0.7544512844572011
2.8475,0.08877525963335578,0.457745409112513
2.848,-0.658136980404429,-0.3899856633008816
2.8485,-1.437059745015262,-1.290699927740113
2.849,-1.938557963326346,-1.937094870455327
2.8495,-1.447729919872945,-1.926498232050159
2.85,-0.6154562809736985,-1.34368311976595
2.8505,0.03542438534494258,-0.7290780922662394
2.851,0.4195506802215176,-0.326405832869877
2.8515,0.5689331282290746,-0.1144730647665284
2.852,0.5796033030867573,-0.02969995752518888
2.8525,0.5155822539406614,-0.02969995752518888
2.853,0.4835717293676135,-0.04029659593035631
2.8535,0.5475927785137094,0.07626642652648545
2.854,0.5155822539406614,0.06566978812131802
2.8545,0.4515612047945656,-0.008506680714854012
2.855,0.3875401556484697,-0.06148987274069118
2.8555,0.3341892813600565,-0.09327978795619347
2.856,-0.07127736323188383,-0.2628260024388724
2.8565,-0.7968492535543035,-0.8986243067489184
2.857,-1.202315898146244,-1.576809164679634
2.8575,-1.714484291315011,-2.021867977696666
2.858,-1.821186039891837,-1.545019249464132
2.8585,-1.26633694729234,-0.7290780922662394
2.859,-0.6047861061160158,-0.06148987274069118
2.8595,-0.1032878878049318,0.383568940276341
2.86,0.2061471830678648,0.6378882620003594
2.8605,0.3448594562177392,0.7438546460520338
2.861,0.3875401556484697,0.7862411996727035
2.8615,0.3768699807907871,0.7862411996727035
2.862,0.3555296310754218,0.7650479228623686
2.8625,0.3235191065023739,0.7226613692416989
2.863,0.3128489316446912,0.6802748156210291
2.8635,0.3021787567870086,0.627291623595192
2.864,0.2381577076409128,0.4471487707073456
2.8645,-0.274010685527854,-0.2734226408440398
2.865,-0.7328282044082075,-1.089363798041932
2.8655,-1.052933450138687,-1.778145294377815
2.866,-0.9248913518464952,-2.127834361748341
2.8665,-0.4447334832507763,-1.767548655972648
2.867,0.05676473506030786,-1.174136905283272
2.8675,0.3875401556484697,-0.5807251545938954
2.868,0.5369226036560266,-0.1568596183871981
2.8685,0.5689331282290746,0.04447651131098315
2.869,0.5155822539406614,0.09745970333682032
2.8695,0.4622313796522482,0.08686306493165288
2.87,0.4942419042252961,0.02328323450064829
2.8705,0.4942419042252961,-0.01910331912002144
2.871,0.4408910299368829,-0.02969995752518888
2.8715,0.3982103305061524,-0.01910331912002144
2.872,0.3555296310754218,0.002089957690313421
2.8725,0.408880505363835,0.09745970333682032
2.873,0.79300680024041,0.5849050699745222
2.8735,0.5689331282290746,0.4047622170866759
2.874,-0.1886492866663929,-0.4535654937318862
2.8745,-0.9782422261349084,-0.7714646458869092
2.875,-1.031593100423322,-0.4535654937318862
2.8755,-0.658136980404429,-0.09327978795619347
2.876,-0.2420001609548061,0.2140227257936621
2.8765,0.0674349099179905,0.4153588554918433
2.877,0.2594980573562781,0.55311515475902
2.8775,0.3341892813600565,0.6484849004055269
2.878,0.3555296310754218,0.701468092431364
2.8785,0.3448594562177392,0.7332580076468663
2.879,0.3341892813600565,0.7544512844572011
2.8795,0.3128489316446912,0.7544512844572011
2.88,0.3021787567870086,0.7438546460520338
2.8805,0.291508581929326,0.6802748156210291
2.881,-0.08194753808956648,0.2034260873884947
2.8815,-0.9355615267041777,-0.6654982618352349
2.882,-1.725154466172693,-1.449649503817625
2.8825,-1.981238662757077,-1.820531847998485
2.883,-1.26633694729234,-1.449649503817625
2.8835,-0.4447334832507763,-0.8138511995075789
2.884,0.142126133921769,-0.2946159176543747
2.8845,0.4515612047945656,0.03387987290581572
2.885,0.5689331282290746,0.1716361721729923
2.8855,0.5796033030867573,0.2246193641988295
2.886,0.5262524287983441,0.1822328105781598
2.8865,0.5262524287983441,0.1504428953626575
2.887,0.5369226036560266,0.1186529801471552
2.8875,0.4835717293676135,0.05507314971615059
2.888,0.4195506802215176,-0.01910331912002144
2.8885,0.3661998059331045,-0.06148987274069118
2.889,0.3021787567870086,-0.01910331912002144
2.8895,0.04609456020262521,0.4895353243280153
2.89,-0.274010685527854,0.8816109453192104
2.8905,-1.031593100423322,0.2140227257936621
2.891,-1.607782542738184,-0.718481453861072
2.8915,-1.426389570157579,-0.9304142219644207
2.892,-0.8502001278427167,-0.5595318777835605
2.8925,-0.2953510352432193,-0.07208651114585861
2.893,0.07810508477567314,0.3411823866556712
2.8935,0.291508581929326,0.6166949851900245
2.894,0.3661998059331045,0.7862411996727035
2.8945,0.3875401556484697,0.8604176685088755
2.895,0.3661998059331045,0.8922075837243778
2.8955,0.3448594562177392,0.8816109453192104
2.896,0.3235191065023739,0.849821030103708
2.8965,0.3021787567870086,0.7968378380778709
2.897,0.3021787567870086,0.7332580076468663
2.8975,0.2061471830678648,0.5319218779486851
2.898,-0.3273615598162672,-0.2204394488182027
2.8985,-1.052933450138687,-1.110557074852267
2.899,-1.789175515318789,-1.852321763213987
2.8995,-2.098610586191586,-2.382153683472359
2.9,-1.362368521011484,-2.074851169722503
2.9005,-0.5194247072545548,-1.333086481360783
2.901,0.09944543449103843,-0.6760949002404023
2.9015,0.4195506802215176,-0.2204394488182027
2.902,0.5475927785137094,-0.008506680714854012
2.9025,0.5582629533713921,0.05507314971615059
2.903,0.5369226036560266,0.07626642652648545
2.9035,0.6436243522328531,0.1504428953626575
2.904,0.6116138276598051,0.08686306493165288
2.9045,0.5262524287983441,-0.01910331912002144
2.905,0.4408910299368829,-0.1038764263613609
2.9055,0.3768699807907871,-0.1674562567923655
2.906,0.4729015545099309,-0.01910331912002144
2.9065,0.6542945270905358,0.5001319627331828
2.907,0.09944543449103843,0.2246193641988295
2.9075,-0.6688071552621118,-0.4641621321370536
2.908,-1.212986073003927,-0.2946159176543747
2.9085,-1.042263275281004,0.03387987290581572
2.909,-0.5834457564006506,0.2352160026039969
2.9095,-0.156638762093345,0.383568940276341
2.91,0.142126133921769,0.5001319627331828
2.9105,0.3021787567870086,0.6060983467848571
2.911,0.3661998059331045,0.701468092431364
2.9115,0.3661998059331045,0.7862411996727035
2.912,0.3555296310754218,0.8604176685088755
2.9125,0.3341892813600565,0.9134008605347127
2.913,0.3235191065023739,0.9451907757502149
2.9135,0.3128489316446912,0.9663840525605498
2.914,0.2594980573562781,0.8710143069140429
2.9145,-0.274010685527854,0.2352160026039969
2.915,-0.754168554123573,-0.570128516188728
2.9155,-0.9889124009925911,-1.216523458903942
2.916,-0.9782422261349084,-1.417859588602123
2.9165,-0.4554036581084589,-1.046977244421262
2.917,0.07810508477567314,-0.474758770542221
2.9175,0.4302208550792003,-0.05089323433552374
2.918,0.5689331282290746,0.1716361721729923
2.9185,0.5796033030867573,0.2140227257936621
2.919,0.5262524287983441,0.1716361721729923
2.9195,0.4622313796522482,0.08686306493165288
2.92,0.5475927785137094,0.1080563417419877
2.9205,0.5689331282290746,0.03387987290581572
2.921,0.5049120790829789,-0.1144730647665284
2.9215,0.4302208550792003,-0.2416327256285375
2.922,0.3768699807907871,-0.326405832869877
2.9225,0.3661998059331045,-0.2310360872233701
2.923,0.1954770082101822,0.3941655786815084
2.9235,-0.3060212101009019,0.7968378380778709
2.924,-0.8502001278427167,0.1186529801471552
2.9245,-1.394379045584531,-0.570128516188728
2.925,-1.287677297007705,-0.4959520473525559
2.9255,-0.7755089038389382,-0.1780528951975329
2.926,-0.274010685527854,0.1716361721729923
2.9265,0.07810508477567314,0.457745409112513
2.927,0.2808384070716433,0.6696781772158616
2.9275,0.3661998059331045,0.8286277532933731
2.928,0.3768699807907871,0.9345941373450475
2.9285,0.3661998059331045,0.9981739677760521
2.929,0.3448594562177392,1.040560521396722
2.9295,0.3235191065023739,1.051157159801889
2.93,0.3128489316446912,1.019367244586387
2.9305,0.3021787567870086,0.9557874141553824
2.931,0.07810508477567314,0.5319218779486851
2.9315,-0.3380317346739499,-0.3581957480853793
2.932,-1.042263275281004,-1.205926820498774
2.9325,-1.522421143876723,-1.714565463946811
2.933,-1.1062843244271,-1.523825972653797
2.9335,-0.423393133535411,-0.9833974139902578
2.934,0.1207857842064037,-0.4641621321370536
2.9345,0.4622313796522482,-0.1568596183871981
2.935,0.5902734779444399,0.02328323450064829
2.9355,0.5902734779444399,0.06566978812131802
2.936,0.5262524287983441,0.04447651131098315
2.9365,0.5369226036560266,0.08686306493165288
2.937,0.5902734779444399,0.1292496185523226
2.9375,0.5369226036560266,-0.008506680714854012
2.938,0.4622313796522482,-0.1674562567923655
2.9385,0.3982103305061524,-0.2946159176543747
2.939,0.3661998059331045,-0.3370024712750445
2.9395,0.6756348768059011,0.02328323450064829
2.94,0.6863050516635838,0.3623756634660061
2.9405,-0.06060718837420119,-0.2204394488182027
2.941,-0.807519428411986,-0.6443049850249
2.9415,-1.138294849000148,-0.2628260024388724
2.942,-0.8502001278427167,0.06566978812131802
2.9425,-0.4020527838200457,0.2881991946298341
2.943,-0.02859666380115328,0.4471487707073456
2.9435,0.2061471830678648,0.5637117931641874
2.944,0.3235191065023739,0.6590815388106942
2.9445,0.3661998059331045,0.7438546460520338
2.945,0.3661998059331045,0.8286277532933731
2.9455,0.3448594562177392,0.8922075837243778
2.946,0.3235191065023739,0.9345941373450475
2.9465,0.3128489316446912,0.9451907757502149
2.947,0.3021787567870086,0.92399749893988
2.9475,0.2061471830678648,0.701468092431364
2.948,-0.391382608962363,-0.08268314955102604
2.9485,-0.8928808272734472,-0.9198175835592532
2.949,-1.212986073003927,-1.545019249464132
2.9495,-1.415719395299897,-1.852321763213987
2.95,-0.9569018764195432,-1.47084278062796
2.9505,-0.3487019095316325,-0.792657922697244
2.951,0.1101156093487211,-0.2416327256285375
2.9515,0.3661998059331045,0.07626642652648545
2.952,0.4835717293676135,0.1928294489833272
2.9525,0.4942419042252961,0.1610395337678249
2.953,0.4729015545099309,0.1080563417419877
2.9535,0.4942419042252961,0.08686306493165288
2.954,0.4622313796522482,-0.008506680714854012
2.9545,0.408880505363835,-0.1356663415768632
2.955,0.3768699807907871,-0.2310360872233701
2.9555,0.3448594562177392,-0.2840192792492073
2.956,0.07810508477567314,-0.3475991096802118
2.9565,-0.6688071552621118,-0.7608680074817418
2.957,-1.244996597576974,-1.396666311791788
2.9575,-1.586442193022819,-1.905304955239825
2.958,-1.597112367880501,-1.608599079895136
2.9585,-1.084943974711735,-0.8668343915334161
2.959,-0.4874141826815069,-0.1992461720078678
2.9595,-0.02859666380115328,0.2776025562246667
2.96,0.2381577076409128,0.55311515475902
2.9605,0.3555296310754218,0.701468092431364
2.961,0.3982103305061524,0.7650479228623686
2.9615,0.3875401556484697,0.7862411996727035
2.962,0.3661998059331045,0.7862411996727035
2.9625,0.3341892813600565,0.7650479228623686
2.963,0.3235191065023739,0.7332580076468663
2.9635,0.3128489316446912,0.6802748156210291
2.964,0.2701682322139607,0.5743084315693548
2.9645,0.05676473506030786,-0.01910331912002144
2.965,-0.2313299860971235,-0.9198175835592532
2.9655,-0.9569018764195432,-1.682775548731308
2.966,-1.223656247861609,-1.990078062481164
2.9665,-0.7434983792658902,-1.555615887869299
2.967,-0.1673089369510276,-0.9198175835592532
2.9675,0.2381577076409128,-0.4111789401112165
2.968,0.4515612047945656,-0.09327978795619347
2.9685,0.5369226036560266,0.08686306493165288
2.969,0.5155822539406614,0.1822328105781598
2.9695,0.4729015545099309,0.2034260873884947
2.97,0.5582629533713921,0.2987958330350016
2.9705,0.5902734779444399,0.2987958330350016
2.971,0.5262524287983441,0.1822328105781598
2.9715,0.4515612047945656,0.06566978812131802
2.972,0.3875401556484697,-0.01910331912002144
2.9725,0.3128489316446912,0.07626642652648545
2.973,0.2594980573562781,0.6696781772158616
2.9735,0.05676473506030786,1.029963882991555
2.974,-0.3273615598162672,0.3517790250608387
2.9745,-0.8715404775580819,0.1292496185523226
2.975,-1.031593100423322,0.3623756634660061
2.9755,-0.7008176798351597,0.3729723018711736
2.976,-0.2846808603855366,0.3305857482505039
2.9765,0.04609456020262521,0.3199891098453364
2.977,0.2488278824985954,0.3517790250608387
2.9775,0.3448594562177392,0.4365521323021782
2.978,0.3661998059331045,0.5425185163538525
2.9785,0.3661998059331045,0.6590815388106942
2.979,0.3448594562177392,0.7650479228623686
2.9795,0.3235191065023739,0.849821030103708
2.98,0.3128489316446912,0.8922075837243778
2.9805,0.3128489316446912,0.9345941373450475
2.981,0.1101156093487211,0.7226613692416989
2.9815,-0.5194247072545548,-0.008506680714854012
2.982,-0.8502001278427167,-0.7502713690765743
2.9825,-0.839529952985034,-1.131750351662602
2.983,-0.423393133535411,-0.8986243067489184
2.9835,0.04609456020262521,-0.4641621321370536
2.984,0.3768699807907871,-0.06148987274069118
2.9845,0.5262524287983441,0.2034260873884947
2.985,0.5475927785137094,0.3517790250608387
2.9855,0.5155822539406614,0.383568940276341
2.986,0.4515612047945656,0.2987958330350016
2.9865,0.4515612047945656,0.2670059178194992
2.987,0.4835717293676135,0.2352160026039969
2.9875,0.4515612047945656,0.08686306493165288
2.988,0.408880505363835,-0.07208651114585861
2.9885,0.3661998059331045,-0.1886495336027004
2.989,0.3235191065023739,-0.2310360872233701
2.9895,0.142126133921769,0.02328323450064829
2.99,-0.1032878878049318,0.457745409112513
2.9905,-0.7008176798351597,0.03387987290581572
2.991,-1.234326422719292,-0.474758770542221
2.9915,-1.287677297007705,-0.2734226408440398
2.992,-0.8502001278427167,-0.02969995752518888
2.9925,-0.3487019095316325,0.1822328105781598
2.993,0.02475421048725994,0.3517790250608387
2.9935,0.2488278824985954,0.4789386859228479
2.994,0.3555296310754218,0.5955017083796896
2.9945,0.3768699807907871,0.6908714540261965
2.995,0.3661998059331045,0.7650479228623686
2.9955,0.3555296310754218,0.8286277532933731
2.996,0.3341892813600565,0.8710143069140429
2.9965,0.3128489316446912,0.8922075837243778
2.997,0.3128489316446912,0.8604176685088755
2.9975,0.2061471830678648,0.5743084315693548
2.998,-0.4127229586777283,-0.2204394488182027
2.9985,-0.9889124009925911,-1.01518732920576
2.999,-1.212986073003927,-1.545019249464132
2.9995,-0.9462317015618604,-1.534422611058964
3,-0.3700422592469978,-1.046977244421262
3.0005,0.1314559590640864,-0.5383386009732256
3.001,0.4195506802215176,-0.09327978795619347
3.0015,0.5369226036560266,0.1822328105781598
3.002,0.5582629533713921,0.2670059178194992
3.0025,0.5049120790829789,0.2458126410091644
3.003,0.4622313796522482,0.1716361721729923
3.0035,0.5155822539406614,0.2034260873884947
3.004,0.5049120790829789,0.09745970333682032
3.0045,0.4515612047945656,-0.06148987274069118
3.005,0.3982103305061524,-0.1992461720078678
3.0055,0.3661998059331045,-0.2734226408440398
3.006,0.3021787567870086,-0.04029659593035631
3.0065,0.5155822539406614,0.55311515475902
3.007,0.3982103305061524,0.3941655786815084
3.0075,-0.1139580626626144,-0.4853554089473885
3.008,-0.5834457564006506,-1.036380606016095
3.0085,-0.5194247072545548,-0.8244478379127463
3.009,-0.2526703358124887,-0.3158091944647096
3.0095,0.00341386077189465,0.1716361721729923
3.01,0.1954770082101822,0.5319218779486851
3.0105,0.291508581929326,0.7650479228623686
3.011,0.3341892813600565,0.8922075837243778
3.0115,0.3448594562177392,0.9663840525605498
3.012,0.3341892813600565,0.9769806909657173
3.0125,0.3235191065023739,0.9663840525605498
3.013,0.3128489316446912,0.92399749893988
3.0135,0.3021787567870086,0.8604176685088755
3.014,0.2701682322139607,0.7226613692416989
3.0145,0.1101156093487211,0.07626642652648545
3.015,-0.04993701351651855,-0.8456411147230812
3.0155,-0.7755089038389382,-1.650985633515806
3.016,-1.116954499284783,-1.990078062481164
3.0165,-0.7008176798351597,-1.629792356705471
3.017,-0.156638762093345,-1.036380606016095
3.0175,0.2381577076409128,-0.4853554089473885
3.018,0.4302208550792003,-0.1462629799820306
3.0185,0.4835717293676135,0.04447651131098315
3.019,0.4942419042252961,0.09745970333682032
3.0195,0.4729015545099309,0.05507314971615059
3.02,0.5475927785137094,0.1292496185523226
3.0205,0.5796033030867573,0.09745970333682032
3.021,0.5155822539406614,-0.04029659593035631
3.0215,0.4408910299368829,-0.1674562567923655
3.022,0.3768699807907871,-0.2310360872233701
3.0225,0.3448594562177392,-0.1568596183871981
3.023,0.2808384070716433,0.383568940276341
3.0235,-0.1886492866663929,0.4047622170866759
3.024,-0.722158029550525,-0.3370024712750445
3.0245,-1.148965023857831,-0.8032545611024114
3.025,-0.9675720512772257,-0.6549016234300674
3.0255,-0.5300948821122373,-0.2204394488182027
3.026,-0.124628237520297,0.2140227257936621
3.0265,0.1527963087794516,0.55311515475902
3.027,0.3021787567870086,0.7862411996727035
3.0275,0.3555296310754218,0.92399749893988
3.028,0.3661998059331045,0.9981739677760521
3.0285,0.3448594562177392,1.029963882991555
3.029,0.3341892813600565,1.029963882991555
3.0295,0.3128489316446912,0.9981739677760521
3.03,0.3021787567870086,0.9451907757502149
3.0305,0.3021787567870086,0.8604176685088755
3.031,0.1954770082101822,0.55311515475902
3.0315,-0.2633405106701714,-0.2310360872233701
3.032,-0.658136980404429,-1.068170521231597
3.0325,-1.074273799854052,-1.735758740757146
3.033,-1.212986073003927,-2.053657892912168
3.0335,-0.7008176798351597,-1.598002441489969
3.034,-0.1352984123779797,-0.9410108603695881
3.0345,0.2381577076409128,-0.4217755785163839
3.035,0.4195506802215176,-0.1144730647665284
3.0355,0.4942419042252961,0.02328323450064829
3.036,0.5049120790829789,0.04447651131098315
3.0365,0.5689331282290746,0.1080563417419877
3.037,0.7609962756673623,0.2881991946298341
3.0375,0.7183155762366316,0.1928294489833272
3.038,0.5902734779444399,0.01268659609548085
3.0385,0.4729015545099309,-0.1462629799820306
3.039,0.3555296310754218,-0.2310360872233701
3.0395,-0.01792648894347063,-0.4641621321370536
3.04,-0.6047861061160158,-0.8774310299385835
3.0405,-1.170305373573196,-1.47084278062796
3.041,-1.447729919872945,-1.79933857118815
3.0415,-1.543761493592088,-1.248313374119443
3.042,-1.084943974711735,-0.5065486857577234
3.0425,-0.5087545323968721,0.05507314971615059
3.043,-0.06060718837420119,0.4153588554918433
3.0435,0.2168173579255475,0.6166949851900245
3.044,0.3448594562177392,0.7332580076468663
3.0445,0.3875401556484697,0.7968378380778709
3.045,0.3768699807907871,0.8286277532933731
3.0455,0.3555296310754218,0.849821030103708
3.046,0.3341892813600565,0.849821030103708
3.0465,0.3128489316446912,0.8286277532933731
3.047,0.3021787567870086,0.7862411996727035
3.0475,0.2274875327832301,0.6484849004055269
3.048,-0.4020527838200457,-0.02969995752518888
3.0485,-1.180975548430879,-0.9092209451540858
3.049,-1.543761493592088,-1.598002441489969
3.0495,-1.212986073003927,-1.587405803084801
3.05,-0.4980843575391895,-1.089363798041932
3.0505,0.07810508477567314,-0.5489352393783931
3.051,0.4195506802215176,-0.1780528951975329
3.0515,0.5475927785137094,0.05507314971615059
3.052,0.5369226036560266,0.1610395337678249
3.0525,0.4942419042252961,0.1716361721729923
3.053,0.4515612047945656,0.13984625695749
3.0535,0.4835717293676135,0.1292496185523226
3.054,0.4622313796522482,0.04447651131098315
3.0545,0.4195506802215176,-0.05089323433552374
3.055,0.3768699807907871,-0.1356663415768632
3.0555,0.3448594562177392,-0.1780528951975329
3.056,0.4408910299368829,-0.008506680714854012
3.0565,0.7609962756673623,0.5955017083796896
3.057,0.3661998059331045,0.5001319627331828
3.0575,-0.3380317346739499,-0.2098428104130352
3.058,-0.9782422261349084,-0.05089323433552374
3.0585,-1.010252750707956,0.2352160026039969
3.059,-0.6367966306890638,0.3305857482505039
3.0595,-0.2206598112394408,0.3517790250608387
3.06,0.08877525963335578,0.383568940276341
3.0605,0.2701682322139607,0.4471487707073456
3.061,0.3448594562177392,0.5425185163538525
3.0615,0.3661998059331045,0.6378882620003594
3.062,0.3555296310754218,0.7438546460520338
3.0625,0.3341892813600565,0.8286277532933731
3.063,0.3235191065023739,0.8922075837243778
3.0635,0.3128489316446912,0.92399749893988
3.064,0.2701682322139607,0.8816109453192104
3.0645,-0.2313299860971235,0.3199891098453364
3.065,-1.095614149569417,-0.5171453241628908
3.0655,-1.810515865034154,-1.216523458903942
3.066,-1.789175515318789,-1.364876396576285
3.0665,-0.9782422261349084,-0.9833974139902578
3.067,-0.1886492866663929,-0.4535654937318862
3.0675,0.3235191065023739,-0.07208651114585861
3.068,0.5369226036560266,0.1504428953626575
3.0685,0.5796033030867573,0.2564092794143318
3.069,0.5369226036560266,0.2670059178194992
3.0695,0.4729015545099309,0.2140227257936621
3.07,0.5796033030867573,0.2776025562246667
3.0705,0.6542945270905358,0.2881991946298341
3.071,0.5902734779444399,0.13984625695749
3.0715,0.4942419042252961,-0.02969995752518888
3.072,0.408880505363835,-0.1568596183871981
3.0725,0.3875401556484697,-0.1780528951975329
3.073,0.6969752265212663,0.2458126410091644
3.0735,0.4408910299368829,0.5213252395435176
3.074,-0.274010685527854,-0.1462629799820306
3.0745,-0.7861790786966207,-0.9198175835592532
3.075,-0.7648387289812555,-0.9410108603695881
3.0755,-0.4447334832507763,-0.5277419625680583
3.076,-0.1032878878049318,-0.05089323433552374
3.0765,0.142126133921769,0.3411823866556712
3.077,0.2808384070716433,0.6060983467848571
3.0775,0.3448594562177392,0.7650479228623686
3.078,0.3555296310754218,0.849821030103708
3.0785,0.3448594562177392,0.8922075837243778
3.079,0.3235191065023739,0.9028042221295453
3.0795,0.3128489316446912,0.8816109453192104
3.08,0.3021787567870086,0.849821030103708
3.0805,0.3021787567870086,0.7862411996727035
3.081,0.1741366584948169,0.55311515475902
3.0815,-0.4554036581084589,-0.2310360872233701
3.082,-0.9035510021311299,-1.068170521231597
3.0825,-0.9889124009925911,-1.672178910326141
3.083,-0.5621054066852853,-1.735758740757146
3.0835,-0.01792648894347063,-1.269506650929778
3.084,0.3555296310754218,-0.6231117082145651
3.0845,0.5369226036560266,-0.1568596183871981
3.085,0.5796033030867573,0.05507314971615059
3.0855,0.5369226036560266,0.1080563417419877
3.086,0.4835717293676135,0.07626642652648545
3.0865,0.4835717293676135,0.05507314971615059
3.087,0.5582629533713921,0.06566978812131802
3.0875,0.5262524287983441,0.01268659609548085
3.088,0.4515612047945656,-0.06148987274069118
3.0885,0.3982103305061524,-0.1144730647665284
3.089,0.3555296310754218,-0.1250697031716958
3.0895,0.5689331282290746,0.1716361721729923
3.09,0.7503261008096795,0.8074344764830383
3.0905,0.1848068333524996,0.6060983467848571
3.091,-0.4874141826815069,-0.3158091944647096
3.0915,-0.7114878546928423,-0.7502713690765743
3.092,-0.5087545323968721,-0.5277419625680583
3.0925,-0.1886492866663929,-0.1038764263613609
3.093,0.0674349099179905,0.2881991946298341
3.0935,0.2274875327832301,0.5849050699745222
3.094,0.3128489316446912,0.7650479228623686
3.0945,0.3341892813600565,0.8710143069140429
3.095,0.3341892813600565,0.92399749893988
3.0955,0.3235191065023739,0.92399749893988
3.096,0.3128489316446912,0.9028042221295453
3.0965,0.3021787567870086,0.8604176685088755
3.097,0.291508581929326,0.7862411996727035
3.0975,0.1954770082101822,0.5637117931641874
3.098,-0.4447334832507763,-0.2310360872233701
3.0985,-1.127624674142465,-1.142346990067769
3.099,-1.437059745015262,-1.862918401619155
3.0995,-1.51175096901904,-2.25499402261035
3.1,-1.020922925565639,-1.767548655972648
3.1005,-0.3593720843893152,-1.05757388282643
3.101,0.1314559590640864,-0.4535654937318862
3.1015,0.3875401556484697,-0.07208651114585861
3.102,0.4729015545099309,0.07626642652648545
3.1025,0.4835717293676135,0.05507314971615059
3.103,0.4729015545099309,0.002089957690313421
3.1035,0.5049120790829789,-0.01910331912002144
3.104,0.4835717293676135,-0.05089323433552374
3.1045,0.4302208550792003,-0.07208651114585861
3.105,0.3768699807907871,-0.09327978795619347
3.1055,0.3448594562177392,-0.1038764263613609
3.106,0.2274875327832301,0.01268659609548085
3.1065,-0.2099896363817582,0.3305857482505039
3.107,-0.7114878546928423,0.002089957690313421
3.1075,-1.212986073003927,-0.7502713690765743
3.108,-1.383708870726849,-0.8350444763179138
3.1085,-0.9889124009925911,-0.4641621321370536
3.109,-0.4660738329661415,-0.05089323433552374
3.1095,-0.04993701351651855,0.2881991946298341
3.11,0.2061471830678648,0.5213252395435176
3.1105,0.3341892813600565,0.6696781772158616
3.111,0.3661998059331045,0.7650479228623686
3.1115,0.3661998059331045,0.8180311148882058
3.112,0.3448594562177392,0.849821030103708
3.1125,0.3235191065023739,0.849821030103708
3.113,0.3128489316446912,0.8392243916985406
3.1135,0.3021787567870086,0.8074344764830383
3.114,0.291508581929326,0.7544512844572011
3.1145,0.09944543449103843,0.4471487707073456
3.115,-0.5087545323968721,-0.3899856633008816
3.1155,-0.9248913518464952,-1.184733543688439
3.116,-0.8288597781273515,-1.714565463946811
3.1165,-0.2313299860971235,-1.820531847998485
3.117,0.2594980573562781,-1.375473034981453
3.1175,0.5262524287983441,-0.8032545611024114
3.118,0.6329541773751706,-0.3687923864905467
3.1185,0.6222840025174878,-0.1038764263613609
3.119,0.5475927785137094,0.04447651131098315
3.1195,0.4622313796522482,0.08686306493165288
3.12,0.4622313796522482,0.1504428953626575
3.1205,0.4622313796522482,0.13984625695749
3.121,0.4195506802215176,0.04447651131098315
3.1215,0.3768699807907871,-0.06148987274069118
3.122,0.3448594562177392,-0.1250697031716958
3.1225,0.3341892813600565,-0.09327978795619347
3.123,-0.08194753808956648,0.2987958330350016
3.1235,-0.839529952985034,0.2776025562246667
3.124,-1.405049220442214,-0.4853554089473885
3.1245,-1.863866739322568,-0.8456411147230812
3.125,-1.639793067311232,-0.474758770542221
3.1255,-0.9889124009925911,-0.09327978795619347
3.126,-0.3700422592469978,0.2140227257936621
3.1265,0.04609456020262521,0.4153588554918433
3.127,0.2808384070716433,0.5637117931641874
3.1275,0.3768699807907871,0.6590815388106942
3.128,0.3875401556484697,0.7332580076468663
3.1285,0.3661998059331045,0.7968378380778709
3.129,0.3448594562177392,0.8286277532933731
3.1295,0.3235191065023739,0.849821030103708
3.13,0.3021787567870086,0.8392243916985406
3.1305,0.3021787567870086,0.8074344764830383
3.131,0.2701682322139607,0.701468092431364
3.1315,0.05676473506030786,0.1186529801471552
3.132,-0.2206598112394408,-0.6549016234300674
3.1325,-0.6261264558313813,-1.333086481360783
3.133,-0.572775581542968,-1.47084278062796
3.1335,-0.1779791118087102,-1.131750351662602
3.134,0.1954770082101822,-0.6549016234300674
3.1345,0.4302208550792003,-0.1780528951975329
3.135,0.5049120790829789,0.1292496185523226
3.1355,0.4942419042252961,0.2564092794143318
3.136,0.4515612047945656,0.2458126410091644
3.1365,0.4408910299368829,0.13984625695749
3.137,0.5049120790829789,-0.08268314955102604
3.1375,0.4835717293676135,-0.1886495336027004
3.138,0.4302208550792003,-0.2204394488182027
3.1385,0.3768699807907871,-0.2204394488182027
3.139,0.3448594562177392,-0.1674562567923655
3.1395,-0.007256314085787988,-0.02969995752518888
3.14,-0.7861790786966207,-0.5065486857577234
3.1405,-1.244996597576974,-1.237716735714276
3.141,-1.490410619303675,-1.492036057438295
3.1415,-1.607782542738184,-0.718481453861072
3.142,-1.159635198715513,-0.1038764263613609
3.1425,-0.5621054066852853,0.2034260873884947
3.143,-0.09261771294724913,0.3305857482505039
3.1435,0.1954770082101822,0.3941655786815084
3.144,0.3341892813600565,0.4365521323021782
3.1445,0.3768699807907871,0.4789386859228479
3.145,0.3768699807907871,0.5319218779486851
3.1455,0.3555296310754218,0.5849050699745222
3.146,0.3341892813600565,0.6378882620003594
3.1465,0.3128489316446912,0.6696781772158616
3.147,0.3021787567870086,0.6908714540261965
3.1475,0.2168173579255475,0.5637117931641874
3.148,-0.3807124341046804,-0.09327978795619347
3.1485,-1.212986073003927,-0.9092209451540858
3.149,-1.757164990745741,-1.502632695843462
3.1495,-1.597112367880501,-1.42845622700729
3.15,-0.8822106524157645,-0.9092209451540858
3.1505,-0.156638762093345,-0.3475991096802118
3.151,0.3128489316446912,0.03387987290581572
3.1515,0.5369226036560266,0.2564092794143318
3.152,0.5796033030867573,0.3517790250608387
3.1525,0.5369226036560266,0.3729723018711736
3.153,0.4835717293676135,0.3517790250608387
3.1535,0.6436243522328531,0.4683420475176805
3.154,0.6756348768059011,0.4047622170866759
3.1545,0.5796033030867573,0.2140227257936621
3.155,0.4835717293676135,0.03387987290581572
3.1555,0.3982103305061524,-0.09327978795619347
3.156,0.3128489316446912,-0.01910331912002144
3.1565,0.1527963087794516,0.4153588554918433
3.157,-0.274010685527854,0.04447651131098315
3.1575,-0.690147504977477,-0.718481453861072
3.158,-1.191645723288561,-0.5595318777835605
3.1585,-1.138294849000148,-0.07208651114585861
3.159,-0.7008176798351597,0.1822328105781598
3.1595,-0.2420001609548061,0.2881991946298341
3.16,0.08877525963335578,0.3623756634660061
3.1605,0.2701682322139607,0.4153588554918433
3.161,0.3555296310754218,0.4789386859228479
3.1615,0.3661998059331045,0.5425185163538525
3.162,0.3555296310754218,0.6166949851900245
3.1625,0.3341892813600565,0.6908714540261965
3.163,0.3235191065023739,0.7438546460520338
3.1635,0.3128489316446912,0.7650479228623686
3.164,0.3021787567870086,0.7438546460520338
3.1645,-0.01792648894347063,0.3411823866556712
3.165,-0.690147504977477,-0.4641621321370536
3.1655,-1.06360362499637,-1.174136905283272
3.166,-1.180975548430879,-1.619195718300304
3.1665,-0.839529952985034,-1.587405803084801
3.167,-0.2633405106701714,-1.036380606016095
3.1675,0.1848068333524996,-0.4535654937318862
3.168,0.4195506802215176,0.05507314971615059
3.1685,0.5049120790829789,0.3411823866556712
3.169,0.5049120790829789,0.4047622170866759
3.1695,0.4729015545099309,0.3941655786815084
3.17,0.4729015545099309,0.383568940276341
3.1705,0.4622313796522482,0.3305857482505039
3.171,0.4195506802215176,0.1928294489833272
3.1715,0.3875401556484697,0.04447651131098315
3.172,0.3555296310754218,-0.09327978795619347
3.1725,0.3021787567870086,-0.1356663415768632
3.173,0.1207857842064037,0.2881991946298341
3.1735,-0.3380317346739499,0.8286277532933731
3.174,-0.9355615267041777,0.3517790250608387
3.1745,-1.351698346153801,-0.4853554089473885
3.175,-1.095614149569417,-0.6654982618352349
3.1755,-0.5941159312583333,-0.4217755785163839
3.176,-0.1459685872356623,-0.08268314955102604
3.1765,0.1527963087794516,0.2034260873884947
3.177,0.3128489316446912,0.4153588554918433
3.1775,0.3661998059331045,0.5425185163538525
3.178,0.3768699807907871,0.627291623595192
3.1785,0.3555296310754218,0.6696781772158616
3.179,0.3341892813600565,0.6908714540261965
3.1795,0.3235191065023739,0.701468092431364
3.18,0.3128489316446912,0.6908714540261965
3.1805,0.3021787567870086,0.6590815388106942
3.181,0.1634664836371343,0.383568940276341
3.1815,-0.4874141826815069,-0.400582301706049
3.182,-0.9569018764195432,-1.195330182093607
3.1825,-1.202315898146244,-1.788741932782983
3.183,-1.127624674142465,-1.947691508860494
3.1835,-0.5834457564006506,-1.492036057438295
3.184,-0.01792648894347063,-0.792657922697244
3.1845,0.3555296310754218,-0.1992461720078678
3.185,0.5262524287983441,0.1292496185523226
3.1855,0.5689331282290746,0.2670059178194992
3.186,0.5262524287983441,0.3305857482505039
3.1865,0.5369226036560266,0.2881991946298341
3.187,0.7503261008096795,0.05507314971615059
3.1875,0.7503261008096795,-0.05089323433552374
3.188,0.6222840025174878,-0.06148987274069118
3.1885,0.4942419042252961,-0.05089323433552374
3.189,0.3982103305061524,-0.04029659593035631
3.1895,0.03542438534494258,-0.06148987274069118
3.19,-0.754168554123573,-0.6125150698093976
3.1905,-1.437059745015262,-1.34368311976595
3.191,-2.023919362187807,-1.937094870455327
3.1915,-1.938557963326346,-1.778145294377815
3.192,-1.234326422719292,-1.046977244421262
3.1925,-0.5300948821122373,-0.3475991096802118
3.193,-0.02859666380115328,0.1504428953626575
3.1935,0.2594980573562781,0.4365521323021782
3.194,0.3768699807907871,0.55311515475902
3.1945,0.408880505363835,0.5743084315693548
3.195,0.3875401556484697,0.5637117931641874
3.1955,0.3661998059331045,0.5213252395435176
3.196,0.3341892813600565,0.4683420475176805
3.1965,0.3235191065023739,0.4259554938970107
3.197,0.3128489316446912,0.383568940276341
3.1975,0.2701682322139607,0.2881991946298341
3.198,-0.2313299860971235,-0.3052125560595421
3.1985,-0.9035510021311299,-1.121153713257435
3.199,-1.255666772434657,-1.79933857118815
3.1995,-1.212986073003927,-2.074851169722503
3.2,-0.6474668055467465,-1.629792356705471
3.2005,-0.04993701351651855,-0.9410108603695881
3.201,0.3555296310754218,-0.4111789401112165
3.2015,0.5369226036560266,0.02328323450064829
3.202,0.5689331282290746,0.2776025562246667
3.2025,0.5475927785137094,0.4153588554918433
3.203,0.4942419042252961,0.457745409112513
3.2035,0.6542945270905358,0.5637117931641874
3.204,0.6863050516635838,0.5319218779486851
3.2045,0.5902734779444399,0.3941655786815084
3.205,0.4835717293676135,0.2670059178194992
3.2055,0.3982103305061524,0.1610395337678249
3.206,0.3128489316446912,0.1822328105781598
3.2065,0.04609456020262521,0.4471487707073456
3.207,-0.3593720843893152,0.1080563417419877
3.2075,-0.6367966306890638,-0.7502713690765743
3.208,-0.9248913518464952,-1.322489842955616
3.2085,-0.7648387289812555,-1.078767159636765
3.209,-0.391382608962363,-0.5277419625680583
3.2095,-0.03926683865883591,-0.01910331912002144
3.21,0.1848068333524996,0.3305857482505039
3.2105,0.3128489316446912,0.55311515475902
3.211,0.3555296310754218,0.6484849004055269
3.2115,0.3661998059331045,0.6908714540261965
3.212,0.3448594562177392,0.6908714540261965
3.2125,0.3341892813600565,0.6696781772158616
3.213,0.3235191065023739,0.6484849004055269
3.2135,0.3128489316446912,0.6166949851900245
3.214,0.3128489316446912,0.5743084315693548
3.2145,0.07810508477567314,0.2034260873884947
3.215,-0.5941159312583333,-0.6443049850249
3.2155,-1.084943974711735,-1.439052865412457
3.216,-1.586442193022819,-2.096044446532838
3.2165,-1.458400094730627,-2.445733513903364
3.217,-0.7328282044082075,-1.873515040024322
3.2175,-0.08194753808956648,-1.036380606016095
3.218,0.3341892813600565,-0.3899856633008816
3.2185,0.5155822539406614,0.04447651131098315
3.219,0.5582629533713921,0.2246193641988295
3.2195,0.5262524287983441,0.2564092794143318
3.22,0.4835717293676135,0.2246193641988295
3.2205,0.4408910299368829,0.1716361721729923
3.221,0.3982103305061524,0.1292496185523226
3.2215,0.3661998059331045,0.08686306493165288
3.222,0.3448594562177392,0.06566978812131802
3.2225,0.3448594562177392,0.08686306493165288
3.223,0.01408403562957729,0.3729723018711736
3.2235,-0.7114878546928423,0.3305857482505039
3.224,-1.415719395299897,-0.4535654937318862
3.2245,-1.959898313041711,-1.184733543688439
3.225,-1.693143941599645,-1.0999604364471
3.2255,-0.9995825758502737,-0.5807251545938954
3.226,-0.3593720843893152,-0.05089323433552374
3.2265,0.0674349099179905,0.3411823866556712
3.227,0.3021787567870086,0.5849050699745222
3.2275,0.3982103305061524,0.701468092431364
3.228,0.408880505363835,0.7438546460520338
3.2285,0.3875401556484697,0.7438546460520338
3.229,0.3661998059331045,0.7226613692416989
3.2295,0.3341892813600565,0.6908714540261965
3.23,0.3235191065023739,0.6484849004055269
3.2305,0.3128489316446912,0.5955017083796896
3.231,0.2168173579255475,0.3941655786815084
3.2315,-0.4447334832507763,-0.3687923864905467
3.232,-1.084943974711735,-1.227120097309109
3.2325,-1.319687821580753,-1.84172512480882
3.233,-0.8502001278427167,-2.021867977696666
3.2335,-0.156638762093345,-1.587405803084801
3.234,0.3448594562177392,-0.9304142219644207
3.2345,0.5902734779444399,-0.3475991096802118
3.235,0.6542945270905358,0.002089957690313421
3.2355,0.6116138276598051,0.1610395337678249
3.236,0.5262524287983441,0.2140227257936621
3.2365,0.4729015545099309,0.2458126410091644
3.237,0.5049120790829789,0.3305857482505039
3.2375,0.4729015545099309,0.2776025562246667
3.238,0.4302208550792003,0.1716361721729923
3.2385,0.3875401556484697,0.07626642652648545
3.239,0.3661998059331045,0.03387987290581572
3.2395,0.5475927785137094,0.2776025562246667
3.24,0.7823366253827275,0.8392243916985406
3.2405,0.3021787567870086,0.5001319627331828
3.241,-0.2953510352432193,-0.4535654937318862
3.2415,-0.690147504977477,-0.9622041371799229
3.242,-0.5514352318276028,-0.718481453861072
3.2425,-0.2526703358124887,-0.2310360872233701
3.243,0.02475421048725994,0.2246193641988295
3.2435,0.2168173579255475,0.5637117931641874
3.244,0.3128489316446912,0.7650479228623686
3.2445,0.3555296310754218,0.8710143069140429
3.245,0.3555296310754218,0.9134008605347127
3.2455,0.3448594562177392,0.92399749893988
3.246,0.3341892813600565,0.9028042221295453
3.2465,0.3235191065023739,0.849821030103708
3.247,0.3128489316446912,0.7862411996727035
3.2475,0.2701682322139607,0.6378882620003594
3.248,-0.2633405106701714,-0.08268314955102604
3.2485,-0.9462317015618604,-1.004590690800593
3.249,-1.373038695869166,-1.735758740757146
3.2495,-1.362368521011484,-1.88411167842949
3.25,-0.754168554123573,-1.47084278062796
3.2505,-0.1352984123779797,-0.9092209451540858
3.251,0.291508581929326,-0.4323722169215513
3.2515,0.5049120790829789,-0.09327978795619347
3.252,0.5475927785137094,0.05507314971615059
3.2525,0.5262524287983441,0.07626642652648545
3.253,0.4835717293676135,0.04447651131098315
3.2535,0.5262524287983441,-0.05089323433552374
3.254,0.5262524287983441,-0.1038764263613609
3.2545,0.4729015545099309,-0.1144730647665284
3.255,0.408880505363835,-0.1038764263613609
3.2555,0.3661998059331045,-0.08268314955102604
3.256,0.3235191065023739,0.09745970333682032
3.2565,0.4835717293676135,0.6484849004055269
3.257,0.2488278824985954,0.5849050699745222
3.2575,-0.3166913849585846,-0.2734226408440398
3.258,-0.8181896032696687,-0.8880276683437509
3.2585,-0.7968492535543035,-0.7078848154559045
3.259,-0.4554036581084589,-0.252229364033705
3.2595,-0.1032878878049318,0.2034260873884947
3.26,0.142126133921769,0.55311515475902
3.2605,0.291508581929326,0.7650479228623686
3.261,0.3448594562177392,0.8922075837243778
3.2615,0.3661998059331045,0.9451907757502149
3.262,0.3555296310754218,0.9663840525605498
3.2625,0.3341892813600565,0.9451907757502149
3.263,0.3235191065023739,0.9134008605347127
3.2635,0.3128489316446912,0.8392243916985406
3.264,0.3021787567870086,0.7438546460520338
3.2645,0.01408403562957729,0.2670059178194992
3.265,-0.4660738329661415,-0.6443049850249
3.2655,-1.020922925565639,-1.481439419033127
3.266,-1.138294849000148,-1.905304955239825
3.2665,-0.6261264558313813,-1.587405803084801
3.267,-0.04993701351651855,-1.01518732920576
3.2675,0.3448594562177392,-0.5171453241628908
3.268,0.5475927785137094,-0.2098428104130352
3.2685,0.5902734779444399,-0.08268314955102604
3.269,0.5689331282290746,-0.04029659593035631
3.2695,0.5155822539406614,-0.04029659593035631
3.27,0.5049120790829789,0.04447651131098315
3.2705,0.5369226036560266,0.13984625695749
3.271,0.4942419042252961,0.1080563417419877
3.2715,0.4302208550792003,0.02328323450064829
3.272,0.3768699807907871,-0.04029659593035631
3.2725,0.3235191065023739,-0.02969995752518888
3.273,-0.156638762093345,0.3517790250608387
3.2735,-0.9462317015618604,0.4047622170866759
3.274,-1.51175096901904,-0.3475991096802118
3.2745,-1.767835165603424,-0.6972881770507372
3.275,-1.693143941599645,-0.1886495336027004
3.2755,-1.1062843244271,0.1716361721729923
3.276,-0.4767440078238243,0.3517790250608387
3.2765,-0.01792648894347063,0.457745409112513
3.277,0.2594980573562781,0.5319218779486851
3.2775,0.3768699807907871,0.6060983467848571
3.278,0.3982103305061524,0.6802748156210291
3.2785,0.3875401556484697,0.7544512844572011
3.279,0.3661998059331045,0.8180311148882058
3.2795,0.3341892813600565,0.8604176685088755
3.28,0.3235191065023739,0.8922075837243778
3.2805,0.3128489316446912,0.8922075837243778
3.281,0.2381577076409128,0.7544512844572011
3.2815,-0.2953510352432193,0.06566978812131802
3.282,-0.9889124009925911,-0.7714646458869092
3.2825,-1.298347471865388,-1.354279758171118
3.283,-0.9355615267041777,-1.38606967338662
3.2835,-0.3166913849585846,-0.9833974139902578
3.284,0.1848068333524996,-0.4535654937318862
3.2845,0.4515612047945656,-0.05089323433552374
3.285,0.5475927785137094,0.2246193641988295
3.2855,0.5475927785137094,0.383568940276341
3.286,0.5049120790829789,0.3517790250608387
3.2865,0.5049120790829789,0.2881991946298341
3.287,0.6756348768059011,0.3517790250608387
3.2875,0.6756348768059011,0.2140227257936621
3.288,0.5796033030867573,-0.01910331912002144
3.2885,0.4729015545099309,-0.2098428104130352
3.289,0.3982103305061524,-0.326405832869877
3.2895,0.4622313796522482,-0.1568596183871981
3.29,0.6116138276598051,0.4259554938970107
3.2905,0.07810508477567314,0.1928294489833272
3.291,-0.4554036581084589,-0.4323722169215513
3.2915,-0.8502001278427167,-0.2416327256285375
3.292,-0.690147504977477,0.04447651131098315
3.2925,-0.3380317346739499,0.2458126410091644
3.293,-0.01792648894347063,0.4047622170866759
3.2935,0.1954770082101822,0.5319218779486851
3.294,0.3128489316446912,0.6378882620003594
3.2945,0.3555296310754218,0.7438546460520338
3.295,0.3555296310754218,0.8286277532933731
3.2955,0.3448594562177392,0.9028042221295453
3.296,0.3341892813600565,0.9557874141553824
3.2965,0.3235191065023739,0.9875773293708847
3.297,0.3128489316446912,0.9769806909657173
3.2975,0.2701682322139607,0.8922075837243778
3.298,-0.2526703358124887,0.2776025562246667
3.2985,-1.138294849000148,-0.6019184314042303
3.299,-1.725154466172693,-1.301296566145281
3.2995,-1.437059745015262,-1.502632695843462
3.3,-0.6688071552621118,-1.078767159636765
3.3005,0.00341386077189465,-0.4853554089473885
3.301,0.3982103305061524,-0.02969995752518888
3.3015,0.5582629533713921,0.2034260873884947
3.302,0.5689331282290746,0.2458126410091644
3.3025,0.5369226036560266,0.1928294489833272
3.303,0.4729015545099309,0.06566978812131802
3.3035,0.5796033030867573,-0.09327978795619347
3.304,0.6222840025174878,-0.2310360872233701
3.3045,0.5582629533713921,-0.2946159176543747
3.305,0.4729015545099309,-0.326405832869877
3.3055,0.3982103305061524,-0.326405832869877
3.306,0.3982103305061524,-0.2204394488182027
3.3065,0.8036769750980928,0.3729723018711736
3.307,0.8783681991018712,0.7120647308365314
3.3075,0.1954770082101822,0.02328323450064829
3.308,-0.5514352318276028,-0.7396747306714069
3.3085,-0.658136980404429,-0.7396747306714069
3.309,-0.4127229586777283,-0.326405832869877
3.3095,-0.1032878878049318,0.1504428953626575
3.31,0.1207857842064037,0.5319218779486851
3.3105,0.2701682322139607,0.7862411996727035
3.311,0.3341892813600565,0.9345941373450475
3.3115,0.3555296310754218,1.019367244586387
3.312,0.3448594562177392,1.040560521396722
3.3125,0.3341892813600565,1.029963882991555
3.313,0.3235191065023739,0.9981739677760521
3.3135,0.3128489316446912,0.9345941373450475
3.314,0.3021787567870086,0.8392243916985406
3.3145,-0.02859666380115328,0.3623756634660061
3.315,-0.690147504977477,-0.5383386009732256
3.3155,-0.9782422261349084,-1.34368311976595
3.316,-1.212986073003927,-1.968884785670829
3.3165,-1.06360362499637,-1.926498232050159
3.317,-0.5194247072545548,-1.364876396576285
3.3175,-0.007256314085787988,-0.792657922697244
3.318,0.3128489316446912,-0.3475991096802118
3.3185,0.4622313796522482,-0.07208651114585861
3.319,0.5155822539406614,0.03387987290581572
3.3195,0.4942419042252961,0.04447651131098315
3.32,0.5155822539406614,-0.008506680714854012
3.3205,0.5689331282290746,-0.1250697031716958
3.321,0.5262524287983441,-0.1992461720078678
3.3215,0.4515612047945656,-0.2310360872233701
3.322,0.3982103305061524,-0.2310360872233701
3.3225,0.3768699807907871,-0.1674562567923655
3.323,0.6969752265212663,0.309392471440169
3.3235,0.6649647019482183,0.7438546460520338
3.324,-0.09261771294724913,0.1610395337678249
3.3245,-0.7434983792658902,-0.2734226408440398
3.325,-1.020922925565639,-0.008506680714854012
3.3255,-0.7434983792658902,0.1822328105781598
3.326,-0.3273615598162672,0.2987958330350016
3.3265,0.00341386077189465,0.4047622170866759
3.327,0.2168173579255475,0.5107286011383502
3.3275,0.3235191065023739,0.6166949851900245
3.328,0.3555296310754218,0.7332580076468663
3.3285,0.3555296310754218,0.8392243916985406
3.329,0.3448594562177392,0.92399749893988
3.3295,0.3235191065023739,0.9875773293708847
3.33,0.3128489316446912,1.029963882991555
3.3305,0.3021787567870086,1.051157159801889
3.331,0.2381577076409128,0.9134008605347127
3.3315,-0.3807124341046804,0.2246193641988295
3.332,-1.159635198715513,-0.6231117082145651
3.3325,-1.426389570157579,-1.269506650929778
3.333,-1.170305373573196,-1.375473034981453
3.3335,-0.5407650569699201,-0.9728007755850904
3.334,0.03542438534494258,-0.4535654937318862
3.3345,0.3875401556484697,-0.07208651114585861
3.335,0.5369226036560266,0.1928294489833272
3.3355,0.5689331282290746,0.2564092794143318
3.336,0.5262524287983441,0.2140227257936621
3.3365,0.4835717293676135,0.09745970333682032
3.337,0.5049120790829789,-0.008506680714854012
3.3375,0.4729015545099309,-0.1038764263613609
3.338,0.4195506802215176,-0.2098428104130352
3.3385,0.3768699807907871,-0.2840192792492073
3.339,0.3555296310754218,-0.326405832869877
3.3395,0.1741366584948169,-0.02969995752518888
3.34,-0.391382608962363,0.6060983467848571
3.3405,-1.020922925565639,0.4153588554918433
3.341,-1.46907026958831,-0.4641621321370536
3.3415,-1.458400094730627,-0.9939940523954253
3.342,-0.9462317015618604,-0.7714646458869092
3.3425,-0.4020527838200457,-0.2946159176543747
3.343,0.01408403562957729,0.1716361721729923
3.3435,0.2488278824985954,0.5107286011383502
3.344,0.3555296310754218,0.7226613692416989
3.3445,0.3875401556484697,0.8392243916985406
3.345,0.3768699807907871,0.9028042221295453
3.3455,0.3555296310754218,0.9134008605347127
3.346,0.3341892813600565,0.9028042221295453
3.3465,0.3128489316446912,0.8710143069140429
3.347,0.3021787567870086,0.8074344764830383
3.3475,0.2701682322139607,0.6802748156210291
3.348,0.08877525963335578,0.03387987290581572
3.3485,-0.03926683865883591,-0.8668343915334161
3.349,-0.3273615598162672,-1.587405803084801
3.3495,-0.4554036581084589,-1.778145294377815
3.35,-0.1779791118087102,-1.364876396576285
3.3505,0.1527963087794516,-0.8244478379127463
3.351,0.3875401556484697,-0.3793890248957141
3.3515,0.4942419042252961,-0.07208651114585861
3.352,0.5155822539406614,0.06566978812131802
3.3525,0.4835717293676135,0.1080563417419877
3.353,0.4302208550792003,0.07626642652648545
3.3535,0.4408910299368829,0.1186529801471552
3.354,0.4408910299368829,0.1186529801471552
3.3545,0.408880505363835,0.05507314971615059
3.355,0.3768699807907871,-0.01910331912002144
3.3555,0.3448594562177392,-0.07208651114585861
3.356,0.3448594562177392,-0.08268314955102604
3.3565,0.6329541773751706,0.2987958330350016
3.357,0.2701682322139607,0.3305857482505039
3.3575,-0.5407650569699201,-0.3793890248957141
3.358,-0.9995825758502737,-0.8774310299385835
3.3585,-0.8502001278427167,-0.718481453861072
3.359,-0.4554036581084589,-0.2840192792492073
3.3595,-0.08194753808956648,0.1504428953626575
3.36,0.1634664836371343,0.4789386859228479
3.3605,0.291508581929326,0.6908714540261965
3.361,0.3448594562177392,0.8180311148882058
3.3615,0.3555296310754218,0.8816109453192104
3.362,0.3448594562177392,0.9028042221295453
3.3625,0.3235191065023739,0.8922075837243778
3.363,0.3128489316446912,0.8710143069140429
3.3635,0.3021787567870086,0.8286277532933731
3.364,0.291508581929326,0.7544512844572011
3.3645,0.01408403562957729,0.2881991946298341
3.365,-0.6474668055467465,-0.5913217929990628
3.3655,-0.9889124009925911,-1.38606967338662
3.366,-1.095614149569417,-1.990078062481164
3.3665,-1.010252750707956,-2.106641084938006
3.367,-0.4874141826815069,-1.47084278062796
3.3675,0.01408403562957729,-0.7714646458869092
3.368,0.3235191065023739,-0.2946159176543747
3.3685,0.4622313796522482,-0.06148987274069118
3.369,0.5049120790829789,-0.008506680714854012
3.3695,0.4942419042252961,-0.01910331912002144
3.37,0.4942419042252961,0.01268659609548085
3.3705,0.5262524287983441,0.08686306493165288
3.371,0.4835717293676135,0.07626642652648545
3.3715,0.4195506802215176,0.03387987290581572
3.372,0.3768699807907871,0.01268659609548085
3.3725,0.3555296310754218,0.01268659609548085
3.373,0.3555296310754218,0.3941655786815084
3.3735,-0.06060718837420119,0.9134008605347127
3.374,-0.6154562809736985,0.4365521323021782
3.3745,-1.1062843244271,-0.3158091944647096
3.375,-1.212986073003927,-0.3899856633008816
3.3755,-0.8181896032696687,-0.1568596183871981
3.376,-0.3487019095316325,0.1080563417419877
3.3765,0.02475421048725994,0.3517790250608387
3.377,0.2381577076409128,0.5319218779486851
3.3775,0.3448594562177392,0.6696781772158616
3.378,0.3661998059331045,0.7650479228623686
3.3785,0.3661998059331045,0.8286277532933731
3.379,0.3448594562177392,0.8710143069140429
3.3795,0.3235191065023739,0.8816109453192104
3.38,0.3128489316446912,0.8816109453192104
3.3805,0.3021787567870086,0.849821030103708
3.381,0.2701682322139607,0.7650479228623686
3.3815,-0.1779791118087102,0.1928294489833272
3.382,-0.7434983792658902,-0.6866915386455698
3.3825,-1.084943974711735,-1.417859588602123
3.383,-0.9355615267041777,-1.545019249464132
3.3835,-0.3807124341046804,-1.078767159636765
3.384,0.1207857842064037,-0.570128516188728
3.3845,0.4195506802215176,-0.1356663415768632
3.385,0.5582629533713921,0.1080563417419877
3.3855,0.5796033030867573,0.2034260873884947
3.386,0.5262524287983441,0.1504428953626575
3.3865,0.4622313796522482,0.06566978812131802
3.387,0.408880505363835,0.1292496185523226
3.3875,0.3661998059331045,0.05507314971615059
3.388,0.3448594562177392,-0.07208651114585861
3.3885,0.3235191065023739,-0.1886495336027004
3.389,0.3235191065023739,-0.2310360872233701
3.3895,0.4622313796522482,-0.06148987274069118
3.39,0.8783681991018712,0.5849050699745222
3.3905,0.4835717293676135,0.6802748156210291
3.391,-0.156638762093345,-0.05089323433552374
3.3915,-0.6047861061160158,-0.3475991096802118
3.392,-0.5300948821122373,-0.2098428104130352
3.3925,-0.2633405106701714,0.06566978812131802
3.393,0.00341386077189465,0.3517790250608387
3.3935,0.1848068333524996,0.5849050699745222
3.394,0.291508581929326,0.7544512844572011
3.3945,0.3341892813600565,0.8816109453192104
3.395,0.3341892813600565,0.9769806909657173
3.3955,0.3341892813600565,1.029963882991555
3.396,0.3128489316446912,1.051157159801889
3.3965,0.3021787567870086,1.051157159801889
3.397,0.3021787567870086,1.019367244586387
3.3975,0.2808384070716433,0.9134008605347127
3.398,-0.08194753808956648,0.3517790250608387
3.3985,-0.7328282044082075,-0.5277419625680583
3.399,-1.1062843244271,-1.301296566145281
3.3995,-1.095614149569417,-1.566212526274467
3.4,-0.5514352318276028,-1.237716735714276
3.4005,0.00341386077189465,-0.718481453861072
3.401,0.3555296310754218,-0.252229364033705
3.4015,0.5049120790829789,-0.008506680714854012
3.402,0.5369226036560266,0.06566978812131802
3.4025,0.5155822539406614,0.04447651131098315
3.403,0.4729015545099309,-0.01910331912002144
3.4035,0.5155822539406614,-0.2628260024388724
3.404,0.5475927785137094,-0.4323722169215513
3.4045,0.4942419042252961,-0.4323722169215513
3.405,0.4195506802215176,-0.3793890248957141
3.4055,0.3661998059331045,-0.3052125560595421
3.406,0.2701682322139607,-0.1250697031716958
3.4065,0.3661998059331045,0.5107286011383502
3.407,0.3341892813600565,1.082947075017392
3.4075,-0.3060212101009019,0.5425185163538525
3.408,-0.8181896032696687,-0.2840192792492073
3.4085,-0.7755089038389382,-0.4641621321370536
3.409,-0.4447334832507763,-0.2310360872233701
3.4095,-0.1032878878049318,0.1186529801471552
3.41,0.1314559590640864,0.4365521323021782
3.4105,0.2701682322139607,0.6696781772158616
3.411,0.3341892813600565,0.8180311148882058
3.4115,0.3448594562177392,0.92399749893988
3.412,0.3341892813600565,0.9663840525605498
3.4125,0.3128489316446912,0.9875773293708847
3.413,0.3021787567870086,0.9769806909657173
3.4135,0.291508581929326,0.9345941373450475
3.414,0.291508581929326,0.849821030103708
3.4145,0.0674349099179905,0.5001319627331828
3.415,-0.6474668055467465,-0.3581957480853793
3.4155,-1.180975548430879,-1.184733543688439
3.416,-1.575772018165136,-1.852321763213987
3.4165,-1.575772018165136,-2.307977214636187
3.417,-0.8715404775580819,-1.979481424075996
3.4175,-0.1886492866663929,-1.205926820498774
3.418,0.2808384070716433,-0.6019184314042303
3.4185,0.4835717293676135,-0.1674562567923655
3.419,0.5369226036560266,0.04447651131098315
3.4195,0.5049120790829789,0.06566978812131802
3.42,0.4942419042252961,0.03387987290581572
3.4205,0.5369226036560266,0.03387987290581572
3.421,0.5049120790829789,-0.04029659593035631
3.4215,0.4408910299368829,-0.1356663415768632
3.422,0.3768699807907871,-0.2098428104130352
3.4225,0.3448594562177392,-0.2098428104130352
3.423,0.1207857842064037,0.1504428953626575
3.4235,-0.423393133535411,0.5213252395435176
3.424,-1.170305373573196,-0.04029659593035631
3.4245,-1.863866739322568,-0.8350444763179138
3.425,-2.226652684483777,-0.6760949002404023
3.4255,-1.661133417026597,-0.1886495336027004
3.426,-0.8928808272734472,0.1716361721729923
3.4265,-0.2633405106701714,0.4047622170866759
3.427,0.1314559590640864,0.5743084315693548
3.4275,0.3341892813600565,0.6908714540261965
3.428,0.3982103305061524,0.7862411996727035
3.4285,0.3982103305061524,0.8604176685088755
3.429,0.3661998059331045,0.92399749893988
3.4295,0.3341892813600565,0.9663840525605498
3.43,0.3128489316446912,0.9663840525605498
3.4305,0.3021787567870086,0.9557874141553824
3.431,0.2168173579255475,0.775644561267536
3.4315,-0.3700422592469978,0.02328323450064829
3.432,-0.8928808272734472,-0.8350444763179138
3.4325,-1.223656247861609,-1.492036057438295
3.433,-1.26633694729234,-1.778145294377815
3.4335,-0.7861790786966207,-1.407262950196955
3.434,-0.1779791118087102,-0.7820612842920766
3.4345,0.2381577076409128,-0.2734226408440398
3.435,0.4408910299368829,0.07626642652648545
3.4355,0.5049120790829789,0.2246193641988295
3.436,0.4942419042252961,0.2140227257936621
3.4365,0.4729015545099309,0.1292496185523226
3.437,0.6009436528021226,0.13984625695749
3.4375,0.6009436528021226,0.03387987290581572
3.438,0.5262524287983441,-0.1038764263613609
3.4385,0.4408910299368829,-0.2204394488182027
3.439,0.3768699807907871,-0.2946159176543747
3.4395,0.2701682322139607,-0.1780528951975329
3.44,-0.1673089369510276,0.1080563417419877
3.4405,-0.807519428411986,-0.3475991096802118
3.441,-1.052933450138687,-1.0999604364471
3.4415,-1.010252750707956,-1.38606967338662
3.442,-0.6261264558313813,-0.9622041371799229
3.4425,-0.2099896363817582,-0.3581957480853793
3.443,0.08877525963335578,0.1610395337678249
3.4435,0.2701682322139607,0.5213252395435176
3.444,0.3448594562177392,0.7332580076468663
3.4445,0.3661998059331045,0.849821030103708
3.445,0.3555296310754218,0.9028042221295453
3.4455,0.3341892813600565,0.9134008605347127
3.446,0.3235191065023739,0.9028042221295453
3.4465,0.3128489316446912,0.8604176685088755
3.447,0.3021787567870086,0.8180311148882058
3.4475,0.2808384070716433,0.701468092431364
3.448,-0.1673089369510276,0.09745970333682032
3.4485,-0.8502001278427167,-0.8138511995075789
3.449,-1.373038695869166,-1.576809164679634
3.4495,-1.586442193022819,-1.905304955239825
3.45,-1.042263275281004,-1.47084278062796
3.4505,-0.3487019095316325,-0.8880276683437509
3.451,0.1634664836371343,-0.4535654937318862
3.4515,0.4622313796522482,-0.2098428104130352
3.452,0.5689331282290746,-0.02969995752518888
3.4525,0.5689331282290746,0.06566978812131802
3.453,0.5155822539406614,0.04447651131098315
3.4535,0.6009436528021226,-0.1674562567923655
3.454,0.6542945270905358,-0.326405832869877
3.4545,0.5796033030867573,-0.3052125560595421
3.455,0.4835717293676135,-0.2310360872233701
3.4555,0.3982103305061524,-0.1356663415768632
3.456,0.291508581929326,0.02328323450064829
3.4565,-0.1139580626626144,0.55311515475902
3.457,-0.6047861061160158,1.061753798207057
3.4575,-1.052933450138687,0.55311515475902
3.458,-1.319687821580753,-0.09327978795619347
3.4585,-1.138294849000148,-0.1462629799820306
3.459,-0.6474668055467465,-0.01910331912002144
3.4595,-0.1886492866663929,0.1716361721729923
3.46,0.1314559590640864,0.3517790250608387
3.4605,0.3021787567870086,0.5213252395435176
3.461,0.3661998059331045,0.6484849004055269
3.4615,0.3768699807907871,0.7650479228623686
3.462,0.3661998059331045,0.8392243916985406
3.4625,0.3341892813600565,0.9028042221295453
3.463,0.3235191065023739,0.9345941373450475
3.4635,0.3128489316446912,0.9345941373450475
3.464,0.3021787567870086,0.9134008605347127
3.4645,0.09944543449103843,0.5637117931641874
3.465,-0.5194247072545548,-0.2416327256285375
3.4655,-0.9782422261349084,-0.9410108603695881
3.466,-1.180975548430879,-1.460246142222792
3.4665,-0.8288597781273515,-1.51322933424863
3.467,-0.2206598112394408,-1.205926820498774
3.4675,0.2381577076409128,-0.7290780922662394
3.468,0.4835717293676135,-0.2628260024388724
3.4685,0.5689331282290746,0.05507314971615059
3.469,0.5582629533713921,0.1610395337678249
3.4695,0.5155822539406614,0.1610395337678249
3.47,0.5049120790829789,0.1822328105781598
3.4705,0.5796033030867573,0.309392471440169
3.471,0.5475927785137094,0.1928294489833272
3.4715,0.4729015545099309,-0.008506680714854012
3.472,0.408880505363835,-0.1780528951975329
3.4725,0.3661998059331045,-0.2840192792492073
3.473,0.5902734779444399,-0.05089323433552374
3.4735,0.8463576745288233,0.3729723018711736
3.474,0.2168173579255475,-0.1144730647665284
3.4745,-0.5194247072545548,-0.6125150698093976
3.475,-0.9355615267041777,-0.2734226408440398
3.4755,-0.754168554123573,0.03387987290581572
3.476,-0.3807124341046804,0.2246193641988295
3.4765,-0.03926683865883591,0.3623756634660061
3.477,0.1848068333524996,0.4683420475176805
3.4775,0.3021787567870086,0.5637117931641874
3.478,0.3555296310754218,0.6590815388106942
3.4785,0.3555296310754218,0.7438546460520338
3.479,0.3448594562177392,0.8286277532933731
3.4795,0.3235191065023739,0.8816109453192104
3.48,0.3128489316446912,0.92399749893988
3.4805,0.3021787567870086,0.92399749893988
3.481,0.2274875327832301,0.7968378380778709
3.4815,-0.3060212101009019,0.1292496185523226
3.482,-0.8608703027003992,-0.6443049850249
3.4825,-1.287677297007705,-1.258910012524611
3.483,-1.042263275281004,-1.280103289334946
3.4835,-0.4020527838200457,-0.8986243067489184
3.484,0.142126133921769,-0.4323722169215513
3.4845,0.4622313796522482,-0.008506680714854012
3.485,0.5902734779444399,0.2458126410091644
3.4855,0.5902734779444399,0.309392471440169
3.486,0.5262524287983441,0.2564092794143318
3.4865,0.4622313796522482,0.1186529801471552
3.487,0.5582629533713921,-0.1250697031716958
3.4875,0.5582629533713921,-0.2628260024388724
3.488,0.4942419042252961,-0.2946159176543747
3.4885,0.4195506802215176,-0.2734226408440398
3.489,0.3661998059331045,-0.2416327256285375
3.4895,0.4408910299368829,-0.06148987274069118
3.49,0.942389248247967,0.5849050699745222
3.4905,0.8783681991018712,0.9663840525605498
3.491,0.3021787567870086,0.2458126410091644
3.4915,-0.1673089369510276,-0.4217755785163839
3.492,-0.2206598112394408,-0.4217755785163839
3.4925,-0.08194753808956648,-0.1144730647665284
3.493,0.07810508477567314,0.2352160026039969
3.4935,0.2061471830678648,0.5213252395435176
3.494,0.2808384070716433,0.7332580076468663
3.4945,0.3128489316446912,0.8710143069140429
3.495,0.3235191065023739,0.9451907757502149
3.4955,0.3235191065023739,0.9769806909657173
3.496,0.3021787567870086,0.9769806909657173
3.4965,0.3021787567870086,0.9557874141553824
3.497,0.291508581929326,0.9028042221295453
3.4975,0.2808384070716433,0.7968378380778709
3.498,-0.124628237520297,0.2140227257936621
3.4985,-0.8288597781273515,-0.6760949002404023
3.499,-1.26633694729234,-1.439052865412457
3.4995,-1.212986073003927,-1.682775548731308
3.5,-0.690147504977477,-1.237716735714276
3.5005,-0.08194753808956648,-0.7396747306714069
3.501,0.3128489316446912,-0.2628260024388724
3.5015,0.5049120790829789,0.01268659609548085
3.502,0.5475927785137094,0.1186529801471552
3.5025,0.5262524287983441,0.1080563417419877
3.503,0.4622313796522482,0.03387987290581572
3.5035,0.4729015545099309,0.07626642652648545
3.504,0.4942419042252961,0.07626642652648545
3.5045,0.4515612047945656,-0.01910331912002144
3.505,0.408880505363835,-0.1250697031716958
3.5055,0.3661998059331045,-0.1992461720078678
3.506,0.291508581929326,-0.1462629799820306
3.5065,-0.06060718837420119,0.383568940276341
3.507,-0.5514352318276028,0.7862411996727035
3.5075,-1.010252750707956,0.13984625695749
3.508,-1.319687821580753,-0.2204394488182027
3.5085,-1.30901764672307,0.09745970333682032
3.509,-0.8502001278427167,0.2776025562246667
3.5095,-0.3380317346739499,0.3729723018711736
3.51,0.03542438534494258,0.4365521323021782
3.5105,0.2488278824985954,0.5213252395435176
3.511,0.3448594562177392,0.6166949851900245
3.5115,0.3661998059331045,0.7120647308365314
3.512,0.3555296310754218,0.8180311148882058
3.5125,0.3341892813600565,0.8922075837243778
3.513,0.3128489316446912,0.9557874141553824
3.5135,0.3021787567870086,0.9875773293708847
3.514,0.291508581929326,0.9769806909657173
3.5145,0.142126133921769,0.7120647308365314
3.515,-0.4447334832507763,-0.06148987274069118
3.5155,-0.9248913518464952,-0.8456411147230812
3.516,-1.234326422719292,-1.417859588602123
3.5165,-1.159635198715513,-1.566212526274467
3.517,-0.5941159312583333,-1.205926820498774
3.5175,-0.02859666380115328,-0.6972881770507372
3.518,0.3341892813600565,-0.1992461720078678
3.5185,0.4942419042252961,0.1292496185523226
3.519,0.5155822539406614,0.2246193641988295
3.5195,0.4942419042252961,0.1928294489833272
3.52,0.4835717293676135,0.1610395337678249
3.5205,0.6116138276598051,0.2881991946298341
3.521,0.6009436528021226,0.1716361721729923
3.5215,0.5155822539406614,-0.04029659593035631
3.522,0.4302208550792003,-0.2416327256285375
3.5225,0.3555296310754218,-0.3370024712750445
3.523,0.05676473506030786,0.02328323450064829
3.5235,-0.4340633083930936,0.6166949851900245
3.524,-0.9248913518464952,0.2352160026039969
3.5245,-1.490410619303675,-0.6549016234300674
3.525,-1.533091318734406,-0.9516074987747555
3.5255,-1.020922925565639,-0.6125150698093976
3.526,-0.4447334832507763,-0.1038764263613609
3.5265,-0.01792648894347063,0.3411823866556712
3.527,0.2381577076409128,0.6590815388106942
3.5275,0.3555296310754218,0.8604176685088755
3.528,0.3768699807907871,0.9663840525605498
3.5285,0.3661998059331045,1.019367244586387
3.529,0.3448594562177392,1.029963882991555
3.5295,0.3235191065023739,1.00877060618122
3.53,0.3021787567870086,0.9663840525605498
3.5305,0.3021787567870086,0.8816109453192104
3.531,0.2381577076409128,0.7120647308365314
3.5315,-0.3380317346739499,0.002089957690313421
3.532,-0.8928808272734472,-0.8774310299385835
3.5325,-1.277007122150022,-1.629792356705471
3.533,-1.426389570157579,-2.117237723343173
3.5335,-0.9675720512772257,-1.767548655972648
3.534,-0.3273615598162672,-1.078767159636765
3.5345,0.1527963087794516,-0.4959520473525559
3.535,0.4195506802215176,-0.1356663415768632
3.5355,0.5155822539406614,0.01268659609548085
3.536,0.5262524287983441,0.01268659609548085
3.5365,0.4942419042252961,-0.04029659593035631
3.537,0.5689331282290746,-0.02969995752518888
3.5375,0.5796033030867573,-0.07208651114585861
3.538,0.5049120790829789,-0.1462629799820306
3.5385,0.4302208550792003,-0.1992461720078678
3.539,0.3768699807907871,-0.2204394488182027
3.5395,0.4195506802215176,-0.07208651114585861
3.54,0.8356874996711408,0.4789386859228479
3.5405,0.6222840025174878,0.309392471440169
3.541,-0.03926683865883591,-0.5383386009732256
3.5415,-0.5194247072545548,-1.0999604364471
3.542,-0.4874141826815069,-0.8562377531282487
3.5425,-0.2420001609548061,-0.3052125560595421
3.543,0.00341386077189465,0.2246193641988295
3.5435,0.1848068333524996,0.6166949851900245
3.544,0.2808384070716433,0.8604176685088755
3.5445,0.3235191065023739,0.9981739677760521
3.545,0.3341892813600565,1.061753798207057
3.5455,0.3235191065023739,1.072350436612224
3.546,0.3128489316446912,1.051157159801889
3.5465,0.3021787567870086,0.9981739677760521
3.547,0.291508581929326,0.9134008605347127
3.5475,0.2808384070716433,0.7862411996727035
3.548,-0.08194753808956648,0.2140227257936621
3.5485,-0.7755089038389382,-0.718481453861072
3.549,-1.170305373573196,-1.481439419033127
3.5495,-1.341028171296118,-2.021867977696666
3.55,-0.9782422261349084,-1.88411167842949
3.5505,-0.3380317346739499,-1.269506650929778
3.551,0.1741366584948169,-0.7078848154559045
3.5515,0.4515612047945656,-0.2946159176543747
3.552,0.5689331282290746,-0.1250697031716958
3.5525,0.5582629533713921,-0.07208651114585861
3.553,0.5155822539406614,-0.09327978795619347
3.5535,0.5689331282290746,-0.1250697031716958
3.554,0.6222840025174878,-0.1674562567923655
3.5545,0.5582629533713921,-0.1992461720078678
3.555,0.4729015545099309,-0.1992461720078678
3.5555,0.3875401556484697,-0.1886495336027004
3.556,0.291508581929326,-0.09327978795619347
3.5565,0.03542438534494258,0.4047622170866759
3.557,-0.3487019095316325,0.9134008605347127
3.5575,-0.9782422261349084,0.3941655786815084
3.558,-1.405049220442214,-0.3158091944647096
3.5585,-1.319687821580753,-0.3158091944647096
3.559,-0.8181896032696687,-0.08268314955102604
3.5595,-0.3060212101009019,0.1822328105781598
3.56,0.05676473506030786,0.4153588554918433
3.5605,0.2701682322139607,0.6060983467848571
3.561,0.3555296310754218,0.7438546460520338
3.5615,0.3768699807907871,0.849821030103708
3.562,0.3555296310754218,0.92399749893988
3.5625,0.3341892813600565,0.9663840525605498
3.563,0.3128489316446912,0.9875773293708847
3.5635,0.3021787567870086,0.9663840525605498
3.564,0.291508581929326,0.9451907757502149
3.5645,0.1634664836371343,0.701468092431364
3.565,-0.4554036581084589,-0.07208651114585861
3.5655,-1.031593100423322,-0.9304142219644207
3.566,-1.351698346153801,-1.534422611058964
3.5665,-1.084943974711735,-1.439052865412457
3.567,-0.4554036581084589,-0.9728007755850904
3.5675,0.07810508477567314,-0.4323722169215513
3.568,0.3875401556484697,-0.008506680714854012
3.5685,0.4942419042252961,0.1822328105781598
3.569,0.5049120790829789,0.1716361721729923
3.5695,0.4622313796522482,0.08686306493165288
3.57,0.4515612047945656,-0.08268314955102604
3.5705,0.5262524287983441,-0.3052125560595421
3.571,0.4942419042252961,-0.3581957480853793
3.5715,0.4302208550792003,-0.326405832869877
3.572,0.3768699807907871,-0.2840192792492073
3.5725,0.3448594562177392,-0.2204394488182027
3.573,0.1207857842064037,0.1716361721729923
3.5735,-0.07127736323188383,0.92399749893988
3.574,-0.4660738329661415,1.082947075017392
3.5745,-0.7755089038389382,0.4471487707073456
3.575,-1.148965023857831,0.5107286011383502
3.5755,-0.9889124009925911,0.5743084315693548
3.576,-0.5514352318276028,0.4683420475176805
3.5765,-0.1459685872356623,0.3941655786815084
3.577,0.142126133921769,0.3729723018711736
3.5775,0.291508581929326,0.4365521323021782
3.578,0.3555296310754218,0.5319218779486851
3.5785,0.3661998059331045,0.6484849004055269
3.579,0.3448594562177392,0.7650479228623686
3.5795,0.3235191065023739,0.8604176685088755
3.58,0.3128489316446912,0.9345941373450475
3.5805,0.3021787567870086,0.9769806909657173
3.581,0.2381577076409128,0.9028042221295453
3.5815,-0.1779791118087102,0.309392471440169
3.582,-0.8608703027003992,-0.5171453241628908
3.5825,-1.319687821580753,-1.0999604364471
3.583,-1.095614149569417,-1.089363798041932
3.5835,-0.4447334832507763,-0.6125150698093976
3.584,0.1314559590640864,-0.1356663415768632
3.5845,0.4729015545099309,0.1928294489833272
3.585,0.6009436528021226,0.383568940276341
3.5855,0.5796033030867573,0.4153588554918433
3.586,0.5155822539406614,0.3411823866556712
3.5865,0.4622313796522482,0.1822328105781598
3.587,0.5689331282290746,-0.1356663415768632
3.5875,0.6009436528021226,-0.326405832869877
3.588,0.5369226036560266,-0.3793890248957141
3.5885,0.4515612047945656,-0.3793890248957141
3.589,0.3875401556484697,-0.3687923864905467
3.5895,0.3982103305061524,-0.2310360872233701
3.59,0.6329541773751706,0.3411823866556712
3.5905,0.1314559590640864,0.5001319627331828
3.591,-0.754168554123573,-0.1780528951975329
3.5915,-1.458400094730627,-0.1886495336027004
3.592,-1.426389570157579,0.13984625695749
3.5925,-0.9035510021311299,0.2564092794143318
3.593,-0.3593720843893152,0.309392471440169
3.5935,0.03542438534494258,0.3517790250608387
3.594,0.2594980573562781,0.4047622170866759
3.5945,0.3555296310754218,0.4895353243280153
3.595,0.3768699807907871,0.5849050699745222
3.5955,0.3661998059331045,0.6908714540261965
3.596,0.3341892813600565,0.775644561267536
3.5965,0.3235191065023739,0.8392243916985406
3.597,0.3021787567870086,0.8816109453192104
3.5975,0.291508581929326,0.8710143069140429
3.598,0.02475421048725994,0.55311515475902
3.5985,-0.7755089038389382,-0.2416327256285375
3.599,-1.373038695869166,-0.9939940523954253
3.5995,-1.51175096901904,-1.502632695843462
3.6,-1.1062843244271,-1.449649503817625
3.6005,-0.4127229586777283,-0.9410108603695881
3.601,0.1527963087794516,-0.400582301706049
3.6015,0.4515612047945656,0.01268659609548085
3.602,0.5582629533713921,0.2881991946298341
3.6025,0.5582629533713921,0.3941655786815084
3.603,0.5155822539406614,0.3517790250608387
3.6035,0.4835717293676135,0.2881991946298341
3.604,0.4729015545099309,0.2034260873884947
3.6045,0.4302208550792003,0.04447651131098315
3.605,0.3982103305061524,-0.1038764263613609
3.6055,0.3661998059331045,-0.2416327256285375
3.606,0.3021787567870086,-0.2628260024388724
3.6065,-0.1459685872356623,0.2458126410091644
3.607,-0.7648387289812555,0.4895353243280153
3.6075,-1.202315898146244,-0.1992461720078678
3.608,-1.362368521011484,-0.6231117082145651
3.6085,-1.437059745015262,-0.1144730647665284
3.609,-1.010252750707956,0.1928294489833272
3.6095,-0.4660738329661415,0.2881991946298341
3.61,-0.03926683865883591,0.309392471440169
3.6105,0.2168173579255475,0.3305857482505039
3.611,0.3448594562177392,0.3729723018711736
3.6115,0.3768699807907871,0.4365521323021782
3.612,0.3768699807907871,0.5213252395435176
3.6125,0.3555296310754218,0.6166949851900245
3.613,0.3341892813600565,0.6908714540261965
3.6135,0.3128489316446912,0.7438546460520338
3.614,0.3021787567870086,0.7862411996727035
3.6145,0.1741366584948169,0.6166949851900245
3.615,-0.4874141826815069,-0.1038764263613609
3.6155,-1.052933450138687,-0.8880276683437509
3.616,-1.554431668449771,-1.460246142222792
3.6165,-1.362368521011484,-1.449649503817625
3.617,-0.690147504977477,-0.9622041371799229
3.6175,-0.04993701351651855,-0.4429688553267188
3.618,0.3661998059331045,-0.07208651114585861
3.6185,0.5689331282290746,0.13984625695749
3.619,0.6116138276598051,0.2987958330350016
3.6195,0.5689331282290746,0.3729723018711736
3.62,0.5475927785137094,0.3517790250608387
3.6205,0.6649647019482183,0.3941655786815084
3.621,0.6329541773751706,0.2458126410091644
3.6215,0.5369226036560266,0.02328323450064829
3.622,0.4408910299368829,-0.1674562567923655
3.6225,0.3768699807907871,-0.2840192792492073
3.623,0.3661998059331045,-0.01910331912002144
3.6235,0.4729015545099309,0.5107286011383502
3.624,-0.1352984123779797,0.08686306493165288
3.6245,-0.6474668055467465,-0.792657922697244
3.625,-0.8608703027003992,-1.205926820498774
3.6255,-0.6154562809736985,-0.8880276683437509
3.626,-0.2526703358124887,-0.3581957480853793
3.6265,0.04609456020262521,0.1080563417419877
3.627,0.2381577076409128,0.4365521323021782
3.6275,0.3235191065023739,0.6378882620003594
3.628,0.3555296310754218,0.7438546460520338
3.6285,0.3555296310754218,0.7862411996727035
3.629,0.3341892813600565,0.7968378380778709
3.6295,0.3235191065023739,0.775644561267536
3.63,0.3128489316446912,0.7438546460520338
3.6305,0.3021787567870086,0.6908714540261965
3.631,0.2488278824985954,0.5637117931641874
3.6315,-0.274010685527854,-0.09327978795619347
3.632,-0.9569018764195432,-0.9833974139902578
3.6325,-1.244996597576974,-1.682775548731308
3.633,-1.1062843244271,-1.79933857118815
3.6335,-0.5087545323968721,-1.34368311976595
3.634,0.05676473506030786,-0.7078848154559045
3.6345,0.408880505363835,-0.2310360872233701
3.635,0.5475927785137094,0.002089957690313421
3.6355,0.5689331282290746,0.09745970333682032
3.636,0.5262524287983441,0.1186529801471552
3.6365,0.4622313796522482,0.07626642652648545
3.637,0.4515612047945656,0.07626642652648545
3.6375,0.4195506802215176,0.03387987290581572
3.638,0.3875401556484697,-0.02969995752518888
3.6385,0.3555296310754218,-0.07208651114585861
3.639,0.3341892813600565,-0.1038764263613609
3.6395,0.3982103305061524,0.002089957690313421
3.64,0.825017324813458,0.5637117931641874
3.6405,0.6116138276598051,0.9557874141553824
3.641,-0.08194753808956648,0.2564092794143318
3.6415,-0.6794773301197943,-0.6337083466197325
3.642,-0.722158029550525,-0.7502713690765743
3.6425,-0.4340633083930936,-0.400582301706049
3.643,-0.1139580626626144,0.05507314971615059
3.6435,0.1314559590640864,0.4259554938970107
3.644,0.2701682322139607,0.6802748156210291
3.6445,0.3341892813600565,0.8286277532933731
3.645,0.3448594562177392,0.9134008605347127
3.6455,0.3341892813600565,0.9345941373450475
3.646,0.3235191065023739,0.92399749893988
3.6465,0.3128489316446912,0.8922075837243778
3.647,0.3021787567870086,0.8286277532933731
3.6475,0.291508581929326,0.7438546460520338
3.648,0.04609456020262521,0.383568940276341
3.6485,-0.5941159312583333,-0.4535654937318862
3.649,-1.020922925565639,-1.280103289334946
3.6495,-1.330357996438436,-1.947691508860494
3.65,-1.223656247861609,-2.074851169722503
3.6505,-0.6261264558313813,-1.492036057438295
3.651,-0.08194753808956648,-0.8244478379127463
3.6515,0.2808384070716433,-0.3793890248957141
3.652,0.4622313796522482,-0.1462629799820306
3.6525,0.5049120790829789,-0.01910331912002144
3.653,0.4942419042252961,0.002089957690313421
3.6535,0.4835717293676135,0.06566978812131802
3.654,0.5049120790829789,0.1292496185523226
3.6545,0.4622313796522482,0.03387987290581572
3.655,0.408880505363835,-0.1144730647665284
3.6555,0.3661998059331045,-0.2098428104130352
3.656,0.3448594562177392,-0.2310360872233701
3.6565,0.6542945270905358,0.1504428953626575
3.657,0.8676980242441885,0.6166949851900245
3.6575,0.3982103305061524,0.08686306493165288
3.658,-0.2953510352432193,-0.326405832869877
3.6585,-0.722158029550525,-0.04029659593035631
3.659,-0.5834457564006506,0.1504428953626575
3.6595,-0.274010685527854,0.2776025562246667
3.66,0.00341386077189465,0.383568940276341
3.6605,0.1954770082101822,0.5001319627331828
3.661,0.291508581929326,0.627291623595192
3.6615,0.3341892813600565,0.7544512844572011
3.662,0.3341892813600565,0.8710143069140429
3.6625,0.3235191065023739,0.9663840525605498
3.663,0.3128489316446912,1.029963882991555
3.6635,0.3021787567870086,1.072350436612224
3.664,0.291508581929326,1.072350436612224
3.6645,0.2381577076409128,0.9663840525605498
3.665,-0.2206598112394408,0.3517790250608387
3.6655,-0.754168554123573,-0.4535654937318862
3.666,-1.170305373573196,-1.0999604364471
3.6665,-0.8715404775580819,-1.078767159636765
3.667,-0.2526703358124887,-0.6760949002404023
3.6675,0.2274875327832301,-0.2734226408440398
3.668,0.4942419042252961,-0.01910331912002144
3.6685,0.5689331282290746,0.1292496185523226
3.669,0.5475927785137094,0.1186529801471552
3.6695,0.5155822539406614,0.06566978812131802
3.67,0.4942419042252961,0.002089957690313421
3.6705,0.6329541773751706,-0.06148987274069118
3.671,0.6222840025174878,-0.1462629799820306
3.6715,0.5262524287983441,-0.2416327256285375
3.672,0.4302208550792003,-0.3158091944647096
3.6725,0.3661998059331045,-0.3581957480853793
3.673,0.4942419042252961,-0.1674562567923655
3.6735,0.79300680024041,0.4365521323021782
3.674,0.5262524287983441,0.2564092794143318
3.6745,0.03542438534494258,-0.6019184314042303
3.675,-0.5834457564006506,-1.0999604364471
3.6755,-0.6261264558313813,-0.8456411147230812
3.676,-0.3700422592469978,-0.3581957480853793
3.6765,-0.08194753808956648,0.1080563417419877
3.677,0.1314559590640864,0.4471487707073456
3.6775,0.2594980573562781,0.6696781772158616
3.678,0.3235191065023739,0.8074344764830383
3.6785,0.3341892813600565,0.8710143069140429
3.679,0.3235191065023739,0.9134008605347127
3.6795,0.3128489316446912,0.9134008605347127
3.68,0.3021787567870086,0.8922075837243778
3.6805,0.291508581929326,0.849821030103708
3.681,0.2594980573562781,0.7438546460520338
3.6815,-0.2206598112394408,0.13984625695749
3.682,-0.9675720512772257,-0.7714646458869092
3.6825,-1.597112367880501,-1.545019249464132
3.683,-1.543761493592088,-1.79933857118815
3.6835,-0.8502001278427167,-1.460246142222792
3.684,-0.1459685872356623,-0.9198175835592532
3.6845,0.291508581929326,-0.400582301706049
3.685,0.5049120790829789,-0.02969995752518888
3.6855,0.5369226036560266,0.1080563417419877
3.686,0.5155822539406614,0.1080563417419877
3.6865,0.4622313796522482,0.04447651131098315
3.687,0.5262524287983441,0.06566978812131802
3.6875,0.5475927785137094,0.03387987290581572
3.688,0.4942419042252961,-0.09327978795619347
3.6885,0.4195506802215176,-0.2098428104130352
3.689,0.3661998059331045,-0.2840192792492073
3.6895,0.3768699807907871,-0.2204394488182027
3.69,0.7183155762366316,0.3305857482505039
3.6905,0.5049120790829789,0.6590815388106942
3.691,-0.1779791118087102,0.02328323450064829
3.6915,-0.8608703027003992,-0.1144730647665284
3.692,-0.9889124009925911,0.1504428953626575
3.6925,-0.658136980404429,0.2987958330350016
3.693,-0.2633405106701714,0.3941655786815084
3.6935,0.04609456020262521,0.4895353243280153
3.694,0.2274875327832301,0.5849050699745222
3.6945,0.3128489316446912,0.6908714540261965
3.695,0.3448594562177392,0.7862411996727035
3.6955,0.3341892813600565,0.8816109453192104
3.696,0.3235191065023739,0.9557874141553824
3.6965,0.3021787567870086,0.9981739677760521
3.697,0.291508581929326,0.9981739677760521
3.6975,0.2808384070716433,0.9769806909657173
3.698,0.02475421048725994,0.6166949851900245
3.6985,-0.7434983792658902,-0.2098428104130352
3.699,-1.202315898146244,-0.9516074987747555
3.6995,-1.373038695869166,-1.439052865412457
3.7,-0.9569018764195432,-1.290699927740113
3.7005,-0.2846808603855366,-0.8668343915334161
3.701,0.2168173579255475,-0.3793890248957141
3.7015,0.4835717293676135,-0.04029659593035631
3.702,0.5582629533713921,0.13984625695749
3.7025,0.5475927785137094,0.1716361721729923
3.703,0.4835717293676135,0.1080563417419877
3.7035,0.4729015545099309,-0.07208651114585861
3.704,0.5155822539406614,-0.2840192792492073
3.7045,0.4729015545099309,-0.3581957480853793
3.705,0.4195506802215176,-0.3793890248957141
3.7055,0.3555296310754218,-0.3793890248957141
3.706,0.3021787567870086,-0.3687923864905467
3.7065,-0.02859666380115328,-0.2628260024388724
3.707,-0.4554036581084589,-0.3052125560595421
3.7075,-1.074273799854052,-0.9092209451540858
3.708,-1.565101843307454,-1.152943628472937
3.7085,-1.607782542738184,-0.5595318777835605
3.709,-1.074273799854052,-0.08268314955102604
3.7095,-0.4874141826815069,0.1928294489833272
3.71,-0.03926683865883591,0.3411823866556712
3.7105,0.2168173579255475,0.4365521323021782
3.711,0.3448594562177392,0.5001319627331828
3.7115,0.3661998059331045,0.55311515475902
3.712,0.3661998059331045,0.6060983467848571
3.7125,0.3341892813600565,0.6484849004055269
3.713,0.3128489316446912,0.6802748156210291
3.7135,0.3021787567870086,0.701468092431364
3.714,0.291508581929326,0.701468092431364
3.7145,0.2381577076409128,0.627291623595192
3.715,-0.2420001609548061,0.06566978812131802
3.7155,-0.6794773301197943,-0.6866915386455698
3.716,-1.116954499284783,-1.375473034981453
3.7165,-1.415719395299897,-1.831128486403653
3.717,-1.010252750707956,-1.587405803084801
3.7175,-0.3807124341046804,-0.9304142219644207
3.718,0.09944543449103843,-0.3370024712750445
3.7185,0.3875401556484697,0.03387987290581572
3.719,0.4942419042252961,0.2034260873884947
3.7195,0.4942419042252961,0.2458126410091644
3.72,0.4622313796522482,0.2246193641988295
3.7205,0.4942419042252961,0.1504428953626575
3.721,0.4729015545099309,0.06566978812131802
3.7215,0.4195506802215176,-0.008506680714854012
3.722,0.3768699807907871,-0.07208651114585861
3.7225,0.3341892813600565,-0.1144730647665284
3.723,0.1527963087794516,0.01268659609548085
3.7235,-0.2846808603855366,0.2776025562246667
3.724,-1.074273799854052,-0.252229364033705
3.7245,-1.799845690176472,-1.036380606016095
3.725,-2.07727023647622,-1.078767159636765
3.7255,-1.51175096901904,-0.6231117082145651
3.726,-0.7861790786966207,-0.1780528951975329
3.7265,-0.1993194615240755,0.1504428953626575
3.727,0.1634664836371343,0.3729723018711736
3.7275,0.3341892813600565,0.5001319627331828
3.728,0.3875401556484697,0.5743084315693548
3.7285,0.3875401556484697,0.6166949851900245
3.729,0.3555296310754218,0.6484849004055269
3.7295,0.3341892813600565,0.6590815388106942
3.73,0.3128489316446912,0.6590815388106942
3.7305,0.291508581929326,0.627291623595192
3.731,0.291508581929326,0.5849050699745222
3.7315,-0.01792648894347063,0.2246193641988295
3.732,-0.6474668055467465,-0.5913217929990628
3.7325,-0.9142211769888124,-1.354279758171118
3.733,-0.9248913518464952,-1.735758740757146
3.7335,-0.5087545323968721,-1.449649503817625
3.734,-0.03926683865883591,-0.8774310299385835
3.7345,0.3021787567870086,-0.3370024712750445
3.735,0.4729015545099309,0.03387987290581572
3.7355,0.5262524287983441,0.2352160026039969
3.736,0.5262524287983441,0.2564092794143318
3.7365,0.4835717293676135,0.2246193641988295
3.737,0.5049120790829789,0.2458126410091644
3.7375,0.5049120790829789,0.2246193641988295
3.738,0.4515612047945656,0.1186529801471552
3.7385,0.3982103305061524,0.01268659609548085
3.739,0.3555296310754218,-0.07208651114585861
3.7395,0.2488278824985954,0.002089957690313421
3.74,-0.1459685872356623,0.4471487707073456
3.7405,-0.7434983792658902,0.2881991946298341
3.741,-1.234326422719292,-0.5595318777835605
3.7415,-1.575772018165136,-1.184733543688439
3.742,-1.298347471865388,-0.9833974139902578
3.7425,-0.7328282044082075,-0.474758770542221
3.743,-0.2206598112394408,0.01268659609548085
3.7435,0.1207857842064037,0.3729723018711736
3.744,0.3021787567870086,0.5849050699745222
3.7445,0.3661998059331045,0.701468092431364
3.745,0.3768699807907871,0.7650479228623686
3.7455,0.3555296310754218,0.775644561267536
3.746,0.3341892813600565,0.7650479228623686
3.7465,0.3128489316446912,0.7438546460520338
3.747,0.3021787567870086,0.6908714540261965
3.7475,0.3021787567870086,0.6378882620003594
3.748,0.1314559590640864,0.3941655786815084
3.7485,-0.4874141826815069,-0.3793890248957141
3.749,-0.9142211769888124,-1.205926820498774
3.7495,-1.159635198715513,-1.862918401619155
3.75,-1.234326422719292,-2.307977214636187
3.7505,-0.6794773301197943,-1.905304955239825
3.751,-0.09261771294724913,-1.205926820498774
3.7515,0.3128489316446912,-0.6125150698093976
3.752,0.4942419042252961,-0.1780528951975329
3.7525,0.5369226036560266,0.05507314971615059
3.753,0.5049120790829789,0.1504428953626575
3.7535,0.4622313796522482,0.1292496185523226
3.754,0.4302208550792003,0.04447651131098315
3.7545,0.3982103305061524,-0.01910331912002144
3.755,0.3555296310754218,-0.07208651114585861
3.7555,0.3341892813600565,-0.1038764263613609
3.756,0.3235191065023739,-0.1038764263613609
3.7565,0.4729015545099309,0.2034260873884947
3.757,0.6969752265212663,0.7650479228623686
3.7575,0.1207857842064037,0.4365521323021782
3.758,-0.690147504977477,-0.326405832869877
3.7585,-1.180975548430879,-0.3581957480853793
3.759,-0.9569018764195432,-0.1462629799820306
3.7595,-0.5087545323968721,0.06566978812131802
3.76,-0.1139580626626144,0.2564092794143318
3.7605,0.1634664836371343,0.4047622170866759
3.761,0.3021787567870086,0.5319218779486851
3.7615,0.3555296310754218,0.6378882620003594
3.762,0.3661998059331045,0.7226613692416989
3.7625,0.3448594562177392,0.7862411996727035
3.763,0.3235191065023739,0.8392243916985406
3.7635,0.3128489316446912,0.8604176685088755
3.764,0.3021787567870086,0.8604176685088755
3.7645,0.2168173579255475,0.7438546460520338
3.765,-0.391382608962363,0.07626642652648545
3.7655,-0.9995825758502737,-0.7078848154559045
3.766,-1.319687821580753,-1.322489842955616
3.7665,-1.191645723288561,-1.42845622700729
3.767,-0.6154562809736985,-1.004590690800593
3.7675,-0.02859666380115328,-0.4853554089473885
3.768,0.3555296310754218,-0.1568596183871981
3.7685,0.5475927785137094,0.05507314971615059
3.769,0.5796033030867573,0.1610395337678249
3.7695,0.5369226036560266,0.1716361721729923
3.77,0.4835717293676135,0.1504428953626575
3.7705,0.5049120790829789,0.1716361721729923
3.771,0.4835717293676135,0.08686306493165288
3.7715,0.4302208550792003,-0.05089323433552374
3.772,0.3768699807907871,-0.1780528951975329
3.7725,0.3448594562177392,-0.2628260024388724
3.773,0.2061471830678648,-0.1144730647665284
3.7735,-0.04993701351651855,0.3729723018711736
3.774,-0.5407650569699201,0.07626642652648545
3.7745,-1.074273799854052,-0.7290780922662394
3.775,-1.341028171296118,-0.9833974139902578
3.7755,-0.9995825758502737,-0.6654982618352349
3.776,-0.4980843575391895,-0.2416327256285375
3.7765,-0.08194753808956648,0.1292496185523226
3.777,0.1848068333524996,0.383568940276341
3.7775,0.3235191065023739,0.5637117931641874
3.778,0.3661998059331045,0.6696781772158616
3.7785,0.3661998059331045,0.7332580076468663
3.779,0.3448594562177392,0.775644561267536
3.7795,0.3235191065023739,0.7968378380778709
3.78,0.3128489316446912,0.7862411996727035
3.7805,0.3021787567870086,0.7650479228623686
3.781,0.2808384070716433,0.701468092431364
3.7815,-0.1352984123779797,0.2140227257936621
3.782,-0.7968492535543035,-0.6337083466197325
3.7825,-1.127624674142465,-1.333086481360783
3.783,-1.447729919872945,-1.820531847998485
3.7835,-1.159635198715513,-1.640388995110639
3.784,-0.5194247072545548,-1.068170521231597
3.7845,0.03542438534494258,-0.5489352393783931
3.785,0.3768699807907871,-0.1992461720078678
3.7855,0.5155822539406614,0.05507314971615059
3.786,0.5262524287983441,0.1822328105781598
3.7865,0.4942419042252961,0.1822328105781598
3.787,0.5262524287983441,0.2352160026039969
3.7875,0.5262524287983441,0.2246193641988295
3.788,0.4729015545099309,0.09745970333682032
3.7885,0.408880505363835,-0.01910331912002144
3.789,0.3661998059331045,-0.1250697031716958
3.7895,0.3235191065023739,-0.1780528951975329
3.79,-0.01792648894347063,-0.3370024712750445
3.7905,-0.4874141826815069,-0.8350444763179138
3.791,-0.6794773301197943,-1.492036057438295
3.7915,-0.7648387289812555,-1.831128486403653
3.792,-0.5300948821122373,-1.375473034981453
3.7925,-0.1993194615240755,-0.6549016234300674
3.793,0.07810508477567314,-0.04029659593035631
3.7935,0.2381577076409128,0.383568940276341
3.794,0.3235191065023739,0.6166949851900245
3.7945,0.3448594562177392,0.7332580076468663
3.795,0.3448594562177392,0.775644561267536
3.7955,0.3341892813600565,0.775644561267536
3.796,0.3235191065023739,0.7544512844572011
3.7965,0.3128489316446912,0.7226613692416989
3.797,0.3021787567870086,0.6696781772158616
3.7975,0.3021787567870086,0.6060983467848571
3.798,0.1207857842064037,0.3411823866556712
3.7985,-0.4980843575391895,-0.4429688553267188
3.799,-1.127624674142465,-1.290699927740113
3.7995,-1.501080794161358,-1.968884785670829
3.8,-1.490410619303675,-2.17022091536901
3.8005,-0.8715404775580819,-1.598002441489969
3.801,-0.2099896363817582,-0.8986243067489184
3.8015,0.2168173579255475,-0.3475991096802118
3.802,0.4302208550792003,-0.02969995752518888
3.8025,0.5049120790829789,0.1080563417419877
3.803,0.4942419042252961,0.13984625695749
3.8035,0.4835717293676135,0.08686306493165288
3.804,0.4835717293676135,0.002089957690313421
3.8045,0.4408910299368829,-0.06148987274069118
3.805,0.3982103305061524,-0.09327978795619347
3.8055,0.3555296310754218,-0.09327978795619347
3.806,0.3448594562177392,-0.08268314955102604
3.8065,0.5582629533713921,0.1928294489833272
3.807,0.6222840025174878,0.6060983467848571
3.8075,0.09944543449103843,0.06566978812131802
3.808,-0.4874141826815069,-0.6760949002404023
3.8085,-0.9462317015618604,-0.6125150698093976
3.809,-0.7968492535543035,-0.2734226408440398
3.8095,-0.4127229586777283,0.04447651131098315
3.81,-0.06060718837420119,0.2987958330350016
3.8105,0.1741366584948169,0.4789386859228479
3.811,0.3021787567870086,0.6060983467848571
3.8115,0.3448594562177392,0.6908714540261965
3.812,0.3555296310754218,0.7650479228623686
3.8125,0.3448594562177392,0.8074344764830383
3.813,0.3235191065023739,0.8286277532933731
3.8135,0.3128489316446912,0.8392243916985406
3.814,0.3021787567870086,0.8180311148882058
3.8145,0.2701682322139607,0.7438546460520338
3.815,-0.2206598112394408,0.1822328105781598
3.8155,-0.839529952985034,-0.6760949002404023
3.816,-0.9355615267041777,-1.280103289334946
3.8165,-0.5834457564006506,-1.38606967338662
3.817,-0.03926683865883591,-1.004590690800593
3.8175,0.3555296310754218,-0.5171453241628908
3.818,0.5475927785137094,-0.1462629799820306
3.8185,0.5902734779444399,0.07626642652648545
3.819,0.5582629533713921,0.1610395337678249
3.8195,0.5049120790829789,0.1292496185523226
3.82,0.4622313796522482,0.09745970333682032
3.8205,0.6863050516635838,0.2246193641988295
3.821,0.7396559259519968,0.2246193641988295
3.8215,0.6436243522328531,0.1080563417419877
3.822,0.5155822539406614,-0.02969995752518888
3.8225,0.4195506802215176,-0.1250697031716958
3.823,0.3661998059331045,0.04447651131098315
3.8235,0.6009436528021226,0.6908714540261965
3.824,0.09944543449103843,0.6802748156210291
3.8245,-0.8502001278427167,-0.1992461720078678
3.825,-1.426389570157579,-0.8032545611024114
3.8255,-1.191645723288561,-0.6654982618352349
3.826,-0.6688071552621118,-0.2416327256285375
3.8265,-0.1886492866663929,0.1716361721729923
3.827,0.1314559590640864,0.4789386859228479
3.8275,0.291508581929326,0.6908714540261965
3.828,0.3555296310754218,0.8074344764830383
3.8285,0.3661998059331045,0.8604176685088755
3.829,0.3448594562177392,0.8816109453192104
3.8295,0.3235191065023739,0.8710143069140429
3.83,0.3128489316446912,0.8392243916985406
3.8305,0.3021787567870086,0.7862411996727035
3.831,0.2701682322139607,0.6696781772158616
3.8315,-0.1993194615240755,0.04447651131098315
3.832,-0.7861790786966207,-0.8138511995075789
3.8325,-0.9889124009925911,-1.51322933424863
3.833,-1.191645723288561,-1.968884785670829
3.8335,-0.9035510021311299,-1.79933857118815
3.834,-0.3487019095316325,-1.227120097309109
3.8345,0.1207857842064037,-0.6231117082145651
3.835,0.3875401556484697,-0.2310360872233701
3.8355,0.4942419042252961,-0.01910331912002144
3.836,0.4942419042252961,0.06566978812131802
3.8365,0.4515612047945656,0.07626642652648545
3.837,0.4729015545099309,0.1292496185523226
3.8375,0.4942419042252961,0.1610395337678249
3.838,0.4515612047945656,0.06566978812131802
3.8385,0.3982103305061524,-0.04029659593035631
3.839,0.3661998059331045,-0.1144730647665284
3.8395,0.291508581929326,-0.06148987274069118
3.84,0.3128489316446912,0.4047622170866759
3.8405,-0.02859666380115328,0.3729723018711736
3.841,-0.7648387289812555,-0.4217755785163839
3.8415,-1.212986073003927,-1.004590690800593
3.842,-1.127624674142465,-0.792657922697244
3.8425,-0.6688071552621118,-0.3370024712750445
3.843,-0.2206598112394408,0.1080563417419877
3.8435,0.09944543449103843,0.4365521323021782
3.844,0.2701682322139607,0.6484849004055269
3.8445,0.3555296310754218,0.775644561267536
3.845,0.3661998059331045,0.849821030103708
3.8455,0.3555296310754218,0.8816109453192104
3.846,0.3341892813600565,0.8922075837243778
3.8465,0.3128489316446912,0.8816109453192104
3.847,0.3021787567870086,0.8392243916985406
3.8475,0.291508581929326,0.7862411996727035
3.848,0.1527963087794516,0.5637117931641874
3.8485,-0.5514352318276028,-0.2310360872233701
3.849,-1.26633694729234,-1.110557074852267
3.8495,-1.607782542738184,-1.75695201756748
3.85,-1.341028171296118,-1.958288147265661
3.8505,-0.6261264558313813,-1.502632695843462
3.851,-0.02859666380115328,-0.8244478379127463
3.8515,0.3448594562177392,-0.2946159176543747
3.852,0.5155822539406614,-0.01910331912002144
3.8525,0.5475927785137094,0.05507314971615059
3.853,0.5049120790829789,0.04447651131098315
3.8535,0.4729015545099309,0.03387987290581572
3.854,0.4729015545099309,0.06566978812131802
3.8545,0.4408910299368829,0.002089957690313421
3.855,0.3875401556484697,-0.07208651114585861
3.8555,0.3555296310754218,-0.1462629799820306
3.856,0.3341892813600565,-0.1780528951975329
3.8565,0.2061471830678648,-0.1144730647665284
3.857,0.07810508477567314,0.2034260873884947
3.8575,-0.4447334832507763,-0.1462629799820306
3.858,-0.9889124009925911,-0.7820612842920766
3.8585,-1.031593100423322,-0.8562377531282487
3.859,-0.658136980404429,-0.4853554089473885
3.8595,-0.2420001609548061,-0.04029659593035631
3.86,0.07810508477567314,0.3199891098453364
3.8605,0.2594980573562781,0.5743084315693548
3.861,0.3448594562177392,0.7332580076468663
3.8615,0.3555296310754218,0.8180311148882058
3.862,0.3555296310754218,0.8604176685088755
3.8625,0.3341892813600565,0.8710143069140429
3.863,0.3128489316446912,0.849821030103708
3.8635,0.3021787567870086,0.8180311148882058
3.864,0.291508581929326,0.7650479228623686
3.8645,0.2274875327832301,0.6166949851900245
3.865,-0.3060212101009019,-0.08268314955102604
3.8655,-0.8928808272734472,-0.9410108603695881
3.866,-1.074273799854052,-1.598002441489969
3.8665,-0.754168554123573,-1.576809164679634
3.867,-0.1886492866663929,-1.142346990067769
3.8675,0.2701682322139607,-0.6654982618352349
3.868,0.5155822539406614,-0.2946159176543747
3.8685,0.5796033030867573,-0.07208651114585861
3.869,0.5475927785137094,0.03387987290581572
3.8695,0.4942419042252961,0.03387987290581572
3.87,0.4515612047945656,0.01268659609548085
3.8705,0.4835717293676135,0.01268659609548085
3.871,0.4729015545099309,-0.008506680714854012
3.8715,0.4302208550792003,-0.04029659593035631
3.872,0.3875401556484697,-0.07208651114585861
3.8725,0.3555296310754218,-0.08268314955102604
3.873,0.3661998059331045,0.08686306493165288
3.8735,0.6222840025174878,0.627291623595192
3.874,0.1954770082101822,0.4047622170866759
3.8745,-0.4447334832507763,-0.474758770542221
3.875,-0.9462317015618604,-0.9516074987747555
3.8755,-0.8288597781273515,-0.7078848154559045
3.876,-0.4447334832507763,-0.2310360872233701
3.8765,-0.09261771294724913,0.2140227257936621
3.877,0.1527963087794516,0.5319218779486851
3.8775,0.291508581929326,0.7332580076468663
3.878,0.3448594562177392,0.8392243916985406
3.8785,0.3555296310754218,0.8922075837243778
3.879,0.3341892813600565,0.9028042221295453
3.8795,0.3235191065023739,0.8922075837243778
3.88,0.3021787567870086,0.849821030103708
3.8805,0.291508581929326,0.7968378380778709
3.881,0.2808384070716433,0.6908714540261965
3.8815,-0.08194753808956648,0.1504428953626575
3.882,-0.754168554123573,-0.718481453861072
3.8825,-1.341028171296118,-1.492036057438295
3.883,-1.757164990745741,-2.032464616101834
3.8835,-1.373038695869166,-1.873515040024322
3.884,-0.6474668055467465,-1.227120097309109
3.8845,-0.03926683865883591,-0.6125150698093976
3.885,0.3235191065023739,-0.1992461720078678
3.8855,0.5049120790829789,-0.04029659593035631
3.886,0.5475927785137094,0.01268659609548085
3.8865,0.5155822539406614,0.002089957690313421
3.887,0.6009436528021226,-0.1992461720078678
3.8875,0.7503261008096795,-0.4429688553267188
3.888,0.6863050516635838,-0.4111789401112165
3.8885,0.5582629533713921,-0.2840192792492073
3.889,0.4515612047945656,-0.1568596183871981
3.8895,0.3341892813600565,-0.02969995752518888
3.89,0.01408403562957729,0.383568940276341
3.8905,-0.658136980404429,0.8604176685088755
3.891,-1.30901764672307,0.3305857482505039
3.8915,-1.522421143876723,-0.5277419625680583
3.892,-1.159635198715513,-0.6972881770507372
3.8925,-0.5941159312583333,-0.400582301706049
3.893,-0.124628237520297,-0.008506680714854012
3.8935,0.1741366584948169,0.3305857482505039
3.894,0.3235191065023739,0.5637117931641874
3.8945,0.3768699807907871,0.7120647308365314
3.895,0.3768699807907871,0.7862411996727035
3.8955,0.3555296310754218,0.8286277532933731
3.896,0.3341892813600565,0.8286277532933731
3.8965,0.3128489316446912,0.8074344764830383
3.897,0.3021787567870086,0.7650479228623686
3.8975,0.3021787567870086,0.7120647308365314
3.898,0.1741366584948169,0.5001319627331828
3.8985,-0.3807124341046804,-0.2204394488182027
3.899,-0.8928808272734472,-1.01518732920576
3.8995,-1.319687821580753,-1.682775548731308
3.9,-1.116954499284783,-1.79933857118815
3.9005,-0.5087545323968721,-1.34368311976595
3.901,0.04609456020262521,-0.7714646458869092
3.9015,0.3875401556484697,-0.3370024712750445
3.902,0.5369226036560266,-0.05089323433552374
3.9025,0.5582629533713921,0.04447651131098315
3.903,0.5155822539406614,0.07626642652648545
3.9035,0.4942419042252961,0.09745970333682032
3.904,0.5902734779444399,0.13984625695749
3.9045,0.5796033030867573,0.1080563417419877
3.905,0.5049120790829789,0.04447651131098315
3.9055,0.4302208550792003,-0.008506680714854012
3.906,0.3768699807907871,-0.008506680714854012
3.9065,0.142126133921769,0.3517790250608387
3.907,-0.3166913849585846,0.92399749893988
3.9075,-1.010252750707956,0.5213252395435176
3.908,-1.490410619303675,-0.2628260024388724
3.9085,-1.330357996438436,-0.5065486857577234
3.909,-0.7861790786966207,-0.326405832869877
3.9095,-0.274010685527854,-0.01910331912002144
3.91,0.08877525963335578,0.2670059178194992
3.9105,0.2808384070716433,0.4895353243280153
3.911,0.3661998059331045,0.6378882620003594
3.9115,0.3768699807907871,0.7332580076468663
3.912,0.3661998059331045,0.7968378380778709
3.9125,0.3448594562177392,0.8180311148882058
3.913,0.3235191065023739,0.8286277532933731
3.9135,0.3021787567870086,0.8074344764830383
3.914,0.3021787567870086,0.775644561267536
3.9145,0.291508581929326,0.701468092431364
3.915,0.2381577076409128,0.2987958330350016
3.9155,-0.1993194615240755,-0.5595318777835605
3.916,-0.722158029550525,-1.322489842955616
3.9165,-0.7861790786966207,-1.47084278062796
3.917,-0.3487019095316325,-1.121153713257435
3.9175,0.08877525963335578,-0.6443049850249
3.918,0.3875401556484697,-0.2204394488182027
3.9185,0.5155822539406614,0.08686306493165288
3.919,0.5155822539406614,0.2140227257936621
3.9195,0.4835717293676135,0.2034260873884947
3.92,0.4408910299368829,0.1292496185523226
3.9205,0.5262524287983441,0.002089957690313421
3.921,0.5369226036560266,-0.09327978795619347
3.9215,0.4729015545099309,-0.1356663415768632
3.922,0.408880505363835,-0.1568596183871981
3.9225,0.3661998059331045,-0.1568596183871981
3.923,0.2381577076409128,-0.05089323433552374
3.9235,-0.391382608962363,-0.008506680714854012
3.924,-1.1062843244271,-0.5171453241628908
3.9245,-1.501080794161358,-1.258910012524611
3.925,-1.639793067311232,-1.576809164679634
3.9255,-1.180975548430879,-1.0999604364471
3.926,-0.5834457564006506,-0.4217755785163839
3.9265,-0.1032878878049318,0.1504428953626575
3.927,0.1954770082101822,0.5213252395435176
3.9275,0.3341892813600565,0.7332580076468663
3.928,0.3875401556484697,0.8286277532933731
3.9285,0.3768699807907871,0.8604176685088755
3.929,0.3555296310754218,0.8392243916985406
3.9295,0.3341892813600565,0.8074344764830383
3.93,0.3128489316446912,0.7544512844572011
3.9305,0.3021787567870086,0.6802748156210291
3.931,0.291508581929326,0.5849050699745222
3.9315,-0.02859666380115328,0.08686306493165288
3.932,-0.6261264558313813,-0.7396747306714069
3.9325,-0.9569018764195432,-1.417859588602123
3.933,-1.244996597576974,-1.968884785670829
3.9335,-1.138294849000148,-2.074851169722503
3.934,-0.5514352318276028,-1.47084278062796
3.9345,-0.01792648894347063,-0.7820612842920766
3.935,0.291508581929326,-0.2628260024388724
3.9355,0.4515612047945656,0.03387987290581572
3.936,0.5049120790829789,0.13984625695749
3.9365,0.4835717293676135,0.1292496185523226
3.937,0.4729015545099309,0.1292496185523226
3.9375,0.4729015545099309,0.1186529801471552
3.938,0.4302208550792003,0.04447651131098315
3.9385,0.3875401556484697,-0.008506680714854012
3.939,0.3555296310754218,-0.05089323433552374
3.9395,0.3341892813600565,-0.01910331912002144
3.94,0.09944543449103843,0.383568940276341
3.9405,-0.3166913849585846,0.6802748156210291
3.941,-0.9142211769888124,0.03387987290581572
3.9415,-1.383708870726849,-0.3581957480853793
3.942,-1.373038695869166,-0.08268314955102604
3.9425,-0.8822106524157645,0.1292496185523226
3.943,-0.3593720843893152,0.2776025562246667
3.9435,0.03542438534494258,0.3941655786815084
3.944,0.2594980573562781,0.5001319627331828
3.9445,0.3555296310754218,0.5955017083796896
3.945,0.3768699807907871,0.6802748156210291
3.9455,0.3661998059331045,0.7544512844572011
3.946,0.3448594562177392,0.8180311148882058
3.9465,0.3235191065023739,0.8710143069140429
3.947,0.3128489316446912,0.8816109453192104
3.9475,0.3021787567870086,0.8604176685088755
3.948,0.1314559590640864,0.6060983467848571
3.9485,-0.572775581542968,-0.1674562567923655
3.949,-1.031593100423322,-0.9410108603695881
3.9495,-1.244996597576974,-1.47084278062796
3.95,-0.9142211769888124,-1.290699927740113
3.9505,-0.2953510352432193,-0.7396747306714069
3.951,0.2061471830678648,-0.252229364033705
3.9515,0.4835717293676135,0.02328323450064829
3.952,0.5689331282290746,0.1822328105781598
3.9525,0.5689331282290746,0.2564092794143318
3.953,0.5369226036560266,0.2458126410091644
3.9535,0.5369226036560266,0.1292496185523226
3.954,0.7183155762366316,-0.1886495336027004
3.9545,0.707645401378949,-0.2946159176543747
3.955,0.5902734779444399,-0.2734226408440398
3.9555,0.4729015545099309,-0.2204394488182027
3.956,0.3875401556484697,-0.1886495336027004
3.9565,0.4408910299368829,0.08686306493165288
3.957,0.707645401378949,0.6166949851900245
3.9575,0.1954770082101822,0.2564092794143318
3.958,-0.7328282044082075,-0.6443049850249
3.9585,-1.148965023857831,-1.068170521231597
3.959,-0.8928808272734472,-0.7820612842920766
3.9595,-0.4447334832507763,-0.2946159176543747
3.96,-0.06060718837420119,0.13984625695749
3.9605,0.1848068333524996,0.4365521323021782
3.961,0.3128489316446912,0.6060983467848571
3.9615,0.3555296310754218,0.6908714540261965
3.962,0.3661998059331045,0.7226613692416989
3.9625,0.3448594562177392,0.7226613692416989
3.963,0.3235191065023739,0.701468092431364
3.9635,0.3128489316446912,0.6696781772158616
3.964,0.3021787567870086,0.6166949851900245
3.9645,0.2594980573562781,0.4789386859228479
3.965,-0.2099896363817582,-0.1568596183871981
3.9655,-0.7328282044082075,-1.025783967610927
3.966,-1.1062843244271,-1.735758740757146
3.9665,-1.06360362499637,-1.831128486403653
3.967,-0.4980843575391895,-1.34368311976595
3.9675,0.05676473506030786,-0.792657922697244
3.968,0.408880505363835,-0.2840192792492073
3.9685,0.5369226036560266,0.05507314971615059
3.969,0.5582629533713921,0.1822328105781598
3.9695,0.5155822539406614,0.2246193641988295
3.97,0.4729015545099309,0.1716361721729923
3.9705,0.5796033030867573,-0.09327978795619347
3.971,0.6436243522328531,-0.252229364033705
3.9715,0.5689331282290746,-0.2628260024388724
3.972,0.4729015545099309,-0.2098428104130352
3.9725,0.3982103305061524,-0.1462629799820306
3.973,0.3555296310754218,0.02328323450064829
3.9735,0.4622313796522482,0.5849050699745222
3.974,0.1207857842064037,0.5001319627331828
3.9745,-0.5621054066852853,-0.326405832869877
3.975,-1.202315898146244,-0.5913217929990628
3.9755,-1.180975548430879,-0.2734226408440398
3.976,-0.7434983792658902,0.02328323450064829
3.9765,-0.274010685527854,0.2564092794143318
3.977,0.0674349099179905,0.4259554938970107
3.9775,0.2594980573562781,0.5425185163538525
3.978,0.3448594562177392,0.6378882620003594
3.9785,0.3661998059331045,0.7120647308365314
3.979,0.3555296310754218,0.7650479228623686
3.9795,0.3341892813600565,0.8074344764830383
3.98,0.3235191065023739,0.8286277532933731
3.9805,0.3021787567870086,0.8286277532933731
3.981,0.291508581929326,0.7862411996727035
3.9815,-0.03926683865883591,0.309392471440169
3.982,-0.8181896032696687,-0.570128516188728
3.9825,-1.426389570157579,-1.34368311976595
3.983,-1.725154466172693,-1.831128486403653
3.9835,-1.277007122150022,-1.650985633515806
3.984,-0.5621054066852853,-1.068170521231597
3.9845,0.02475421048725994,-0.4853554089473885
3.985,0.3875401556484697,-0.08268314955102604
3.9855,0.5155822539406614,0.1822328105781598
3.986,0.5262524287983441,0.2670059178194992
3.9865,0.4942419042252961,0.2140227257936621
3.987,0.4515612047945656,0.1504428953626575
3.9875,0.4302208550792003,0.08686306493165288
3.988,0.3875401556484697,-0.008506680714854012
3.9885,0.3555296310754218,-0.09327978795619347
3.989,0.3448594562177392,-0.1462629799820306
3.9895,0.3235191065023739,-0.1462629799820306
3.99,0.2381577076409128,0.2564092794143318
3.9905,-0.06060718837420119,0.849821030103708
3.991,-0.5300948821122373,0.4683420475176805
3.9915,-1.084943974711735,-0.008506680714854012
3.992,-1.26633694729234,0.1928294489833272
3.9925,-0.8928808272734472,0.2776025562246667
3.993,-0.4020527838200457,0.2987958330350016
3.9935,-0.01792648894347063,0.3305857482505039
3.994,0.2274875327832301,0.383568940276341
3.9945,0.3341892813600565,0.4683420475176805
3.995,0.3768699807907871,0.5743084315693548
3.9955,0.3661998059331045,0.6696781772158616
3.996,0.3448594562177392,0.775644561267536
3.9965,0.3235191065023739,0.849821030103708
3.997,0.3128489316446912,0.8922075837243778
3.9975,0.3021787567870086,0.9134008605347127
3.998,0.1954770082101822,0.7862411996727035
3.9985,-0.4447334832507763,0.09745970333682032
3.999,-1.084943974711735,-0.6972881770507372
3.9995,-1.351698346153801,-1.301296566145281
4,-1.287677297007705,-1.587405803084801
4.0005,-0.7114878546928423,-1.290699927740113
4.001,-0.124628237520297,-0.7078848154559045
4.0015,0.2701682322139607,-0.1992461720078678
4.002,0.4729015545099309,0.1504428953626575
4.0025,0.5262524287983441,0.3305857482505039
4.003,0.5049120790829789,0.3305857482505039
4.0035,0.4835717293676135,0.2034260873884947
4.004,0.5475927785137094,-0.07208651114585861
4.0045,0.5155822539406614,-0.1992461720078678
4.005,0.4622313796522482,-0.252229364033705
4.0055,0.3982103305061524,-0.2734226408440398
4.006,0.3555296310754218,-0.2946159176543747
4.0065,0.2274875327832301,-0.06148987274069118
4.007,-0.2420001609548061,0.4683420475176805
4.0075,-0.8608703027003992,0.1504428953626575
4.008,-1.341028171296118,-0.6549016234300674
4.0085,-1.661133417026597,-0.6654982618352349
4.009,-1.30901764672307,-0.2840192792492073
4.0095,-0.7114878546928423,0.002089957690313421
4.01,-0.1886492866663929,0.2140227257936621
4.0105,0.1527963087794516,0.3517790250608387
4.011,0.3235191065023739,0.457745409112513
4.0115,0.3875401556484697,0.5425185163538525
4.012,0.3875401556484697,0.6166949851900245
4.0125,0.3661998059331045,0.6802748156210291
4.013,0.3448594562177392,0.7226613692416989
4.0135,0.3235191065023739,0.7438546460520338
4.014,0.3021787567870086,0.7544512844572011
4.0145,0.2808384070716433,0.7120647308365314
4.015,-0.1886492866663929,0.2034260873884947
4.0155,-0.8822106524157645,-0.6125150698093976
4.016,-1.46907026958831,-1.322489842955616
4.0165,-1.927887788468663,-1.809935209593318
4.017,-1.533091318734406,-1.75695201756748
4.0175,-0.7328282044082075,-1.174136905283272
4.018,-0.07127736323188383,-0.5277419625680583
4.0185,0.3341892813600565,-0.02969995752518888
4.019,0.5155822539406614,0.2458126410091644
4.0195,0.5582629533713921,0.3517790250608387
4.02,0.5369226036560266,0.3411823866556712
4.0205,0.5582629533713921,0.3411823866556712
4.021,0.6116138276598051,0.3411823866556712
4.0215,0.5475927785137094,0.2246193641988295
4.022,0.4729015545099309,0.06566978812131802
4.0225,0.3982103305061524,-0.06148987274069118
4.023,0.2488278824985954,-0.008506680714854012
4.0235,-0.1352984123779797,0.5213252395435176
4.024,-0.7861790786966207,0.5849050699745222
4.0245,-1.234326422719292,-0.1886495336027004
4.025,-1.501080794161358,-0.2840192792492073
4.0255,-1.415719395299897,0.1610395337678249
4.026,-0.8928808272734472,0.309392471440169
4.0265,-0.3487019095316325,0.3199891098453364
4.027,0.04609456020262521,0.2987958330350016
4.0275,0.2808384070716433,0.309392471440169
4.028,0.3768699807907871,0.3623756634660061
4.0285,0.3982103305061524,0.4365521323021782
4.029,0.3768699807907871,0.5319218779486851
4.0295,0.3555296310754218,0.6166949851900245
4.03,0.3341892813600565,0.6908714540261965
4.0305,0.3235191065023739,0.7438546460520338
4.031,0.3128489316446912,0.7650479228623686
4.0315,0.09944543449103843,0.5001319627331828
4.032,-0.5621054066852853,-0.252229364033705
4.0325,-1.010252750707956,-0.9833974139902578
4.033,-1.170305373573196,-1.47084278062796
4.0335,-0.6688071552621118,-1.555615887869299
4.034,-0.02859666380115328,-1.142346990067769
4.0345,0.3982103305061524,-0.570128516188728
4.035,0.5689331282290746,-0.06148987274069118
4.0355,0.6009436528021226,0.2881991946298341
4.036,0.5475927785137094,0.4471487707073456
4.0365,0.4835717293676135,0.457745409112513
4.037,0.5049120790829789,0.2881991946298341
4.0375,0.6329541773751706,-0.06148987274069118
4.038,0.6116138276598051,-0.2310360872233701
4.0385,0.5262524287983441,-0.2840192792492073
4.039,0.4408910299368829,-0.2946159176543747
4.0395,0.3661998059331045,-0.2628260024388724
4.04,-0.1032878878049318,-0.2734226408440398
4.0405,-0.7114878546928423,-0.8350444763179138
4.041,-1.234326422719292,-1.51322933424863
4.0415,-1.597112367880501,-2.011271339291499
4.042,-1.458400094730627,-1.693372187136476
4.0425,-0.8822106524157645,-0.9198175835592532
4.043,-0.3273615598162672,-0.2098428104130352
4.0435,0.0674349099179905,0.2776025562246667
4.044,0.291508581929326,0.55311515475902
4.0445,0.3875401556484697,0.6696781772158616
4.045,0.3982103305061524,0.6908714540261965
4.0455,0.3875401556484697,0.6696781772158616
4.046,0.3555296310754218,0.6166949851900245
4.0465,0.3341892813600565,0.5637117931641874
4.047,0.3235191065023739,0.5001319627331828
4.0475,0.3128489316446912,0.4365521323021782
4.048,0.2061471830678648,0.1928294489833272
4.0485,-0.4127229586777283,-0.5595318777835605
4.049,-0.9675720512772257,-1.322489842955616
4.0495,-1.148965023857831,-1.88411167842949
4.05,-0.9355615267041777,-2.032464616101834
4.0505,-0.3807124341046804,-1.502632695843462
4.051,0.1207857842064037,-0.8668343915334161
4.0515,0.4302208550792003,-0.3475991096802118
4.052,0.5582629533713921,-0.02969995752518888
4.0525,0.5902734779444399,0.09745970333682032
4.053,0.5475927785137094,0.1292496185523226
4.0535,0.5049120790829789,0.09745970333682032
4.054,0.6222840025174878,-0.1356663415768632
4.0545,0.6222840025174878,-0.1780528951975329
4.055,0.5475927785137094,-0.09327978795619347
4.0555,0.4622313796522482,0.02328323450064829
4.056,0.3982103305061524,0.1186529801471552
4.0565,0.3661998059331045,0.3729723018711736
4.057,0.1634664836371343,0.9557874141553824
4.0575,-0.3380317346739499,0.7438546460520338
4.058,-0.9462317015618604,-0.06148987274069118
4.0585,-1.383708870726849,-0.02969995752518888
4.059,-1.127624674142465,0.1822328105781598
4.0595,-0.6154562809736985,0.2776025562246667
4.06,-0.1459685872356623,0.3411823866556712
4.0605,0.1634664836371343,0.3941655786815084
4.061,0.3235191065023739,0.457745409112513
4.0615,0.3875401556484697,0.5107286011383502
4.062,0.3875401556484697,0.5849050699745222
4.0625,0.3661998059331045,0.6484849004055269
4.063,0.3448594562177392,0.6908714540261965
4.0635,0.3341892813600565,0.7226613692416989
4.064,0.3235191065023739,0.7332580076468663
4.0645,0.291508581929326,0.6908714540261965
4.065,-0.1886492866663929,0.1822328105781598
4.0655,-0.8502001278427167,-0.6231117082145651
4.066,-1.202315898146244,-1.280103289334946
4.0665,-1.084943974711735,-1.51322933424863
4.067,-0.5194247072545548,-1.142346990067769
4.0675,0.03542438534494258,-0.5913217929990628
4.068,0.3982103305061524,-0.1886495336027004
4.0685,0.5475927785137094,0.1080563417419877
4.069,0.5689331282290746,0.309392471440169
4.0695,0.5262524287983441,0.3729723018711736
4.07,0.4729015545099309,0.3305857482505039
4.0705,0.5689331282290746,0.1928294489833272
4.071,0.6329541773751706,0.04447651131098315
4.0715,0.5796033030867573,-0.02969995752518888
4.072,0.4942419042252961,-0.06148987274069118
4.0725,0.4195506802215176,-0.09327978795619347
4.073,0.3555296310754218,-0.04029659593035631
4.0735,0.5902734779444399,0.4365521323021782
4.074,0.4942419042252961,0.627291623595192
4.0745,0.02475421048725994,-0.1250697031716958
4.075,-0.6261264558313813,-0.8562377531282487
4.0755,-0.7861790786966207,-0.7714646458869092
4.076,-0.5194247072545548,-0.3899856633008816
4.0765,-0.1779791118087102,0.002089957690313421
4.077,0.09944543449103843,0.2987958330350016
4.0775,0.2594980573562781,0.5001319627331828
4.078,0.3341892813600565,0.6166949851900245
4.0785,0.3661998059331045,0.6908714540261965
4.079,0.3555296310754218,0.7226613692416989
4.0795,0.3448594562177392,0.7332580076468663
4.08,0.3235191065023739,0.7226613692416989
4.0805,0.3128489316446912,0.701468092431364
4.081,0.3128489316446912,0.6696781772158616
4.0815,0.1314559590640864,0.4365521323021782
4.082,-0.423393133535411,-0.3158091944647096
4.0825,-0.7008176798351597,-1.089363798041932
4.083,-0.8715404775580819,-1.682775548731308
4.0835,-0.6794773301197943,-1.693372187136476
4.084,-0.1993194615240755,-1.142346990067769
4.0845,0.2061471830678648,-0.5171453241628908
4.085,0.4195506802215176,-0.07208651114585861
4.0855,0.5049120790829789,0.1822328105781598
4.086,0.5049120790829789,0.2246193641988295
4.0865,0.4622313796522482,0.1822328105781598
4.087,0.4729015545099309,0.03387987290581572
4.0875,0.5475927785137094,-0.1462629799820306
4.088,0.5262524287983441,-0.1674562567923655
4.0885,0.4622313796522482,-0.1356663415768632
4.089,0.408880505363835,-0.08268314955102604
4.0895,0.3555296310754218,-0.01910331912002144
4.09,0.1741366584948169,0.3623756634660061
4.0905,-0.3700422592469978,0.92399749893988
4.091,-1.1062843244271,0.5425185163538525
4.0915,-1.639793067311232,-0.3475991096802118
4.092,-1.767835165603424,-0.4959520473525559
4.0925,-1.234326422719292,-0.252229364033705
4.093,-0.5834457564006506,0.04447651131098315
4.0935,-0.08194753808956648,0.309392471440169
4.094,0.2168173579255475,0.5001319627331828
4.0945,0.3555296310754218,0.6484849004055269
4.095,0.3982103305061524,0.7438546460520338
4.0955,0.3982103305061524,0.8180311148882058
