#Digilent WaveForms Oscilloscope Acquisition
#Device Name: EExplorer
#Serial Number: SN:210151A2B84A
#Date Time: 2020-12-23 13:09:57.894
#Sample rate: 2000Hz
#Samples: 16384
#Trigger: Source: Channel 1 Type: Edge Condition: Rising Level: 0 V Hyst.: Auto HoldOff: 0 s
#Channel 1: Range: 1 V/div Offset: 0 V Attenuation: 1 X
#Channel 2: Range: 1 V/div Offset: 0 V Attenuation: 1 X
#Power Supplies: ON
#Fixed Supply: ON
#Voltage: 3.3 V Readback: 3.326 V
#Positive Supply: ON
#Voltage: 3.7 V Readback: 3.693 V
#Current: 40 mA Readback: 23 mA
#Negative Supply: ON
#Voltage: -3.7 V Readback: -4.1 V
#Current: -40 mA Readback: -10 mA
#Reference 1: ON
#Voltage: 0 V
#Reference 2: ON
#Voltage: 0 V

Time (s),Channel 1 (V),Channel 2 (V)
-4.096,1.102441871113207,-0.7290780922662394
-4.0955,0.8997085488174209,-1.269506650929287
-4.095,0.2488278824986633,-1.375473034981376
-4.0945,0.3235191065023739,-1.290699927740113
-4.094,0.5796033030865244,-0.6760949002409613
-4.0935,0.7396559259519579,0.01268659609594346
-4.093,0.6969752265212663,0.5213252395435176
-4.0925,0.5689331282291911,0.8392243916982515
-4.092,0.430220855079113,0.9557874141553824
-4.0915,0.3341892813600565,0.9557874141553824
-4.091,0.3982103305061524,0.849821030103708
-4.0905,0.4515612047945171,0.701468092431258
-4.09,0.3982103305061524,0.5849050699745222
-4.0895,0.3235191065023739,0.457745409112513
-4.089,0.2488278824986633,0.3411823866557773
-4.0885,0.09944543449103843,0.2458126410091644
-4.088,-0.4767440078238243,0.3941655786815084
-4.0875,-1.244996597576276,0.6908714540259266
-4.087,-1.863866739323024,0.8392243916985117
-4.0865,-2.365364957633652,0.8074344764830383
-4.086,-2.290673733629941,0.5531151547592512
-4.0855,-1.4263895701569,0.2246193641986078
-4.085,-0.6794773301197943,-0.01910331912002144
-4.0845,-0.1352984123784746,-0.1356663415767572
-4.084,0.1741366584948945,-0.1568596183871885
-4.0835,0.2594980573562781,-0.1462629799820306
-4.083,0.2274875327832301,-0.1250697031716958
-4.0825,0.1848068333518008,-0.0296999575257575
-4.082,-0.5834457564006506,-0.6549016234300674
-4.0815,-0.3487019095316325,-0.2734226408440398
-4.081,-0.1673089369511926,0.03387987290553623
-4.0805,0.04609456020262521,0.3199891098453364
-4.08,0.3982103305061524,0.4895353243280153
-4.0795,1.08110152139722,0.04447651131138791
-4.079,1.411876941985256,-0.7820612842927512
-4.0785,0.5902734779444399,-1.523825972653797
-4.078,0.1101156093491578,-1.428456227007377
-4.0775,0.1741366584950013,-0.7184814538603491
-4.077,0.3768699807907871,0.07626642652648545
-4.0765,0.4729015545098435,0.7120647308359532
-4.076,0.4835717293675553,1.019367244586474
-4.0755,0.4195506802215176,1.114736990232894
-4.075,0.3448594562177392,1.072350436612224
-4.0745,0.3768699807908938,0.9451907757500222
-4.074,0.4942419042252961,0.7332580076468663
-4.0735,0.4729015545099309,0.5637117931641874
-4.073,0.3875401556485474,0.4153588554919783
-4.0725,0.3021787567870086,0.2776025562246667
-4.072,0.2381577076409128,0.1292496185523226
-4.0715,-0.06060718837392948,0.108056341742007
-4.071,-0.8715404775588098,0.2987958330351365
-4.0705,-1.67180359188428,0.4471487707073456
-4.07,-2.109280761048871,0.4365521323021878
-4.0695,-2.408045657064014,0.6484849004054594
-4.069,-2.002579012472442,0.5743084315693548
-4.0685,-1.191645723288561,0.2564092794143318
-4.068,-0.4980843575387625,-0.02969995752534308
-4.0675,-0.02859666380115328,-0.1992461720078678
-4.067,0.2274875327832301,-0.2310360872233701
-4.0665,0.312848931644701,-0.1674562567922498
-4.066,0.3235191065023739,-0.04029659593035631
-4.0655,0.3021787567870086,0.1186529801471552
-4.065,0.2808384070716627,0.2881991946296799
-4.0645,0.2701682322139607,0.457745409112513
-4.064,0.3128489316446912,0.5955017083796896
-4.0635,0.5369226036558228,0.6484849004054787
-4.063,1.049090996824988,0.182232810577861
-4.0625,1.262494493978446,-0.1462629799820306
-4.062,0.4195506802222843,-0.6337083466192892
-4.0615,-0.4020527838200263,-1.407262950197235
-4.061,-0.3807124341046804,-1.714565463946811
-4.0605,0.1848068333524996,-0.8986243067489184
-4.06,0.5155822539408167,-0.04029659592976842
-4.0595,0.6863050516635838,0.6060983467848571
-4.059,0.6436243522328531,0.9451907757502149
-4.0585,0.494241904225432,1.051157159801793
-4.058,0.3875401556484697,1.00877060618122
-4.0575,0.4622313796522482,0.8286277532933731
-4.057,0.4515612047945753,0.6378882620005328
-4.0565,0.3875401556484697,0.457745409112513
-4.056,0.3128489316446912,0.2776025562246667
-4.0555,0.2381577076409807,0.108056341742142
-4.055,-0.08194753809036225,0.07626642652679386
-4.0545,-0.9569018764195432,0.4153588554918433
-4.054,-1.906547438752435,0.7332580076465772
-4.0535,-2.589438629645473,0.8180311148879456
-4.053,-3.122947372529119,0.5319218779486851
-4.0525,-2.589438629644987,-0.1038764263613609
-4.052,-1.554431668448965,-0.4005823017060972
-4.0515,-0.6688071552621118,-0.4535654937318862
-4.051,-0.08194753808956648,-0.3899856633008816
-4.0505,0.2274875327829487,-0.2522293640338303
-4.05,0.3448594562177392,-0.1144730647665284
-4.0495,0.3661998059331045,0.03387987290581572
-4.049,0.3341892813600856,0.1716361721728671
-4.0485,0.3021787567869892,0.309392471440275
-4.048,0.2808384070716433,0.4259554938970107
-4.0475,0.2808384070716433,0.5531151547589043
-4.047,0.3128489316450309,0.6590815388106845
-4.0465,0.6863050516635838,0.6484849004055269
-4.046,1.283834843693268,0.3093924714404774
-4.0455,0.9637295979626046,-0.3264058328703782
-4.045,0.1634664836371343,-0.8774310299385835
-4.0445,0.04609456020262521,-0.8456411147230812
-4.044,0.2701682322141451,-0.3158091944642084
-4.0435,0.4729015545099309,0.2352160026039969
-4.043,0.5475927785137094,0.701468092431364
-4.0425,0.3875401556486153,0.8498210301035731
-4.042,0.3768699807907871,0.9981739677760521
-4.0415,-0.1779791118087102,0.4365521323021782
-4.041,-0.3593720843891502,0.1928294489835489
-4.0405,-0.2206598112392856,0.2458126410091837
-4.04,-0.04993701351651855,0.2670059178194992
-4.0395,0.1314559590639214,0.277602556224657
-4.039,0.1741366584947878,0.1716361721729152
-4.0385,0.142126133921769,0.08686306493165288
-4.038,-0.3487019095311861,0.3199891098451244
-4.0375,-1.373038695870001,0.765047922862648
-4.037,-2.290673733629873,1.072350436612224
-4.0365,-2.984235099379245,0.9557874141553824
-4.036,-2.97356492452066,0.1928294489829224
-4.0355,-1.981238662757077,-0.252229364033705
-4.035,-0.9995825758502737,-0.3581957480853793
-4.0345,-0.2740106855285139,-0.2946159176544325
-4.034,0.142126133921769,-0.1568596183871981
-4.0335,0.3235191065023739,-0.008506680714854012
-4.033,0.3768699807907386,0.1292496185521974
-4.0325,0.3555296310753927,0.2670059178195956
-4.032,0.3235191065023739,0.3729723018711736
-4.0315,0.302178756787028,0.4789386859227515
-4.031,0.2915085819293842,0.5637117931642452
-4.0305,0.3555296310754218,0.627291623595192
-4.03,0.4302208550791324,0.6590815388106653
-4.0295,0.7609962756674108,0.5001319627327105
-4.029,0.8143471499557753,-0.01910331912002144
-4.0285,0.1954770082101822,-0.718481453861072
-4.028,0.06743490991824282,-1.110557074851959
-4.0275,0.3448594562177392,-0.7714646458869092
-4.027,0.5902734779444399,-0.1780528951975329
-4.0265,0.6863050516634964,0.2987958330345679
-4.026,0.6329541773751706,0.627291623595192
-4.0255,0.5262524287983441,0.7438546460520338
-4.025,0.4195506802216147,0.7438546460520338
-4.0245,0.4195506802215953,0.6166949851898125
-4.024,0.5049120790829789,0.383568940276341
-4.0235,0.462231379652287,0.2564092794144475
-4.023,0.2381577076408157,0.04447651131090605
-4.0225,0.1314559590640864,-0.04029659593035631
-4.022,-0.6474668055460381,-0.7820612842914019
-4.0215,-0.7755089038395593,-0.379389024895213
-4.021,-1.458400094730627,0.1716361721729923
-4.0205,-2.087940411333903,0.627291623595192
-4.02,-2.482736881068568,0.8392243916982418
-4.0195,-2.930884225090832,0.5107286011383502
-4.019,-2.557428105071939,-0.08268314955102604
-4.0185,-1.618452717596721,-0.3158091944644975
-4.018,-0.722158029550525,-0.3158091944647096
-4.0175,-0.1139580626626144,-0.1992461720078678
-4.017,0.2274875327829196,-0.05089323433565865
-4.0165,0.3555296310754509,0.08686306493177817
-4.016,0.3875401556484697,0.2246193641988295
-4.0155,0.3555296310754509,0.3411823866555652
-4.015,0.3235191065023448,0.4365521323022649
-4.0145,0.291508581929326,0.5319218779486851
-4.014,0.280838407071653,0.6166949851899475
-4.0135,0.3128489316450503,0.6802748156209906
-4.013,0.707645401378949,0.6378882620003594
-4.0125,1.102441871113207,0.2881991946298341
-4.012,0.4729015545094262,-0.3687923864911057
-4.0115,-0.08194753808956648,-0.9833974139902578
-4.011,0.04609456020262521,-0.8244478379127463
-4.0105,0.3555296310751404,-0.2840192792496987
-4.01,0.5689331282290746,0.1822328105781598
-4.0095,0.6116138276598051,0.5001319627331828
-4.009,0.5582629533714406,0.7226613692414965
-4.0085,0.46223137965219,0.7862411996726553
-4.008,0.3982103305061524,0.7332580076468663
-4.0075,0.4835717293675359,0.5637117931643416
-4.007,0.46223137965219,0.4259554938969047
-4.0065,0.3982103305061524,0.309392471440169
-4.006,0.3128489316446912,0.2034260873884947
-4.0055,0.248827882498411,0.1080563417420456
-4.005,0.04609456020262521,0.1716361721729923
-4.0045,-0.6047861061160158,0.6590815388106942
-4.004,-1.341028171296759,1.231300012689899
-4.0035,-2.045259711903173,1.411442865577582
-4.003,-2.536087755356574,1.061753798207057
-4.0025,-2.952224574805819,-0.453565493730508
-4.002,-1.949228138184029,-0.7078848154559045
-4.0015,-1.031593100423322,-0.718481453861072
-4.001,-0.3060212101015618,-0.5065486857579161
-4.0005,0.1741366584949528,-0.1992461720076943
-4,0.3235191065023739,-0.008506680714854012
-3.9995,0.3555296310754218,0.1716361721729923
-3.999,0.3341892813600565,0.3305857482505039
-3.9985,0.3128489316446912,0.4895353243280153
-3.998,0.291508581929326,0.627291623595192
-3.9975,0.3021787567870086,0.7438546460520338
-3.997,0.3875401556484697,0.8180311148882058
-3.9965,0.7503261008096795,0.6166949851900245
-3.996,0.9210488985326017,0.09745970333682032
-3.9955,0.3235191065023739,-0.6125150698093976
-3.995,-0.5194247072545548,-1.290699927740113
-3.9945,-0.391382608962363,-1.661582271920973
-3.994,0.1207857842064037,-1.237716735714276
-3.9935,0.5155822539406614,-0.4111789401112165
-3.993,0.6863050516635838,0.2564092794143318
-3.9925,0.6542945270905358,0.6484849004055269
-3.992,0.5369226036560266,0.7968378380778709
-3.9915,0.4302208550792003,0.7650479228623686
-3.991,0.4729015545099309,0.5637117931641874
-3.9905,0.4942419042252961,0.3411823866556712
-3.99,0.4302208550792003,0.1716361721729923
-3.9895,0.3555296310754218,0.02328323450064829
-3.989,0.2701682322139607,-0.1038764263613609
-3.9885,0.1314559590640864,-0.1886495336027004
-3.988,-0.5087545323968721,-0.1568596183871981
-3.9875,-1.319687821580753,-0.09327978795619347
-3.987,-1.949228138184029,-0.2204394488182027
-3.9865,-2.418715831922065,-0.5277419625680583
-3.986,-2.151961460479999,-0.8244478379127463
-3.9855,-1.26633694729234,-0.792657922697244
-3.985,-0.5407650569699201,-0.5913217929990628
-3.9845,-0.08194753808956648,-0.3899856633008816
-3.984,0.1314559590640864,-0.252229364033705
-3.9835,0.2701682322139607,-0.04029659593035631
-3.983,-0.2846808603855366,-0.474758770542221
-3.9825,-0.2953510352432193,-0.326405832869877
-3.982,-0.1139580626626144,0.002089957690313421
-3.9815,0.05676473506030786,0.2987958330350016
-3.981,0.2488278824985954,0.5849050699745222
-3.9805,0.3235191065023739,0.7226613692416989
-3.98,0.5689331282290746,0.7226613692416989
-3.9795,1.283834843693812,0.3941655786815084
-3.979,1.390536592270638,-0.2734226408440398
-3.9785,0.5155822539406614,-1.004590690800593
-3.978,0.2168173579255475,-0.8032545611024114
-3.9775,0.3875401556484697,-0.3687923864905467
-3.977,0.5902734779444399,0.09745970333682032
-3.9765,0.6436243522328531,0.3941655786815084
-3.976,0.5902734779444399,0.5319218779486851
-3.9755,0.4942419042252961,0.5743084315693548
-3.975,0.3982103305061524,0.5743084315693548
-3.9745,0.3982103305061524,0.5001319627331828
-3.974,0.4729015545099309,0.3411823866556712
-3.9735,0.4408910299368829,0.2670059178194992
-3.973,0.3768699807907871,0.2352160026039969
-3.9725,0.3128489316446912,0.1928294489833272
-3.972,0.2594980573562781,0.1504428953626575
-3.9715,0.00341386077189465,0.1504428953626575
-3.971,-0.754168554123573,0.3517790250608387
-3.9705,-1.554431668449771,0.5637117931641874
-3.97,-2.162631635337682,0.55311515475902
-3.9695,-2.536087755356574,0.04447651131098315
-3.969,-1.853196564464885,-0.326405832869877
-3.9685,-0.9995825758502737,-0.3475991096802118
-3.968,-0.3380317346739499,-0.2310360872233701
-3.9675,0.07810508477567314,-0.09327978795619347
-3.967,0.2808384070716433,0.03387987290581572
-3.9665,0.3555296310754218,0.13984625695749
-3.966,0.3555296310754218,0.2246193641988295
-3.9655,0.3235191065023739,0.2881991946298341
-3.965,0.3021787567870086,0.3517790250608387
-3.9645,0.291508581929326,0.4047622170866759
-3.964,0.2274875327832301,0.3411823866556712
-3.9635,0.4408910299368829,0.3729723018711736
-3.963,0.7289857510943143,0.13984625695749
-3.9625,0.7289857510943143,-0.6866915386455698
-3.962,-0.01792648894347063,-1.661582271920973
-3.9615,-0.1886492866663929,-1.396666311791788
-3.961,0.0674349099179905,-0.7290780922662394
-3.9605,0.4408910299368829,-0.07208651114585861
-3.96,0.6863050516635838,0.3941655786815084
-3.9595,0.6542945270905358,0.627291623595192
-3.959,0.5369226036560266,0.7332580076468663
-3.9585,0.4302208550792003,0.7332580076468663
-3.958,0.3661998059331045,0.6590815388106942
-3.9575,0.5582629533713921,0.3623756634660061
-3.957,0.6009436528021226,0.1928294489833272
-3.9565,0.5262524287983441,0.1504428953626575
-3.956,0.408880505363835,0.1292496185523226
-3.9555,0.3128489316446912,0.1080563417419877
-3.955,0.1207857842064037,0.07626642652648545
-3.9545,-0.572775581542968,0.06566978812131802
-3.954,-1.501080794161358,0.08686306493165288
-3.9535,-2.130621110764634,0.01268659609548085
-3.953,-2.632119329075718,-0.1462629799820306
-3.9525,-2.386705307349017,-0.3793890248957141
-3.952,-1.501080794161358,-0.4111789401112165
-3.9515,-0.6794773301197943,-0.3158091944647096
-3.951,-0.1032878878049318,-0.1886495336027004
-3.9505,0.2168173579255475,-0.06148987274069118
-3.95,0.3448594562177392,0.05507314971615059
-3.9495,0.3768699807907871,0.1504428953626575
-3.949,0.3555296310754218,0.2458126410091644
-3.9485,0.3235191065023739,0.3305857482505039
-3.948,0.3021787567870086,0.4047622170866759
-3.9475,0.3128489316446912,0.4789386859228479
-3.947,0.3448594562177392,0.5425185163538525
-3.9465,0.5155822539406614,0.5425185163538525
-3.946,1.006410297394063,0.309392471440169
-3.9455,0.6329541773751706,-0.1780528951975329
-3.945,0.03542438534494258,-0.6760949002404023
-3.9445,0.0674349099179905,-0.7714646458869092
-3.944,0.3661998059331045,-0.3475991096802118
-3.9435,0.6116138276598051,0.1822328105781598
-3.943,0.5369226036560266,0.4365521323021782
-3.9425,0.5689331282290746,0.6908714540261965
-3.942,0.08877525963335578,0.3517790250608387
-3.9415,-0.3166913849585846,0.02328323450064829
-3.941,0.02475421048725994,0.09745970333682032
-3.9405,0.2488278824985954,0.1186529801471552
-3.94,0.3875401556484697,0.2458126410091644
-3.9395,0.3768699807907871,0.2670059178194992
-3.939,0.3021787567870086,0.1822328105781598
-3.9385,0.2274875327832301,0.1080563417419877
-3.938,-0.274010685527854,0.3623756634660061
-3.9375,-1.277007122150022,0.9451907757502149
-3.937,-1.927887788468663,1.390249588767247
-3.9365,-2.109280761049269,1.580989080060261
-3.936,-2.322684258202921,1.453829419198252
-3.9355,-1.885207089037933,0.7862411996727035
-3.935,-1.1062843244271,0.2140227257936621
-3.9345,-0.4127229586777283,-0.1250697031716958
-3.934,0.03542438534494258,-0.2416327256285375
-3.9335,0.2701682322139607,-0.2098428104130352
-3.933,0.3555296310754218,-0.09327978795619347
-3.9325,0.3661998059331045,0.06566978812131802
-3.932,0.3448594562177392,0.2352160026039969
-3.9315,0.3235191065023739,0.4047622170866759
-3.931,0.3128489316446912,0.55311515475902
-3.9305,0.3235191065023739,0.6908714540261965
-3.93,0.6009436528021226,0.701468092431364
-3.9295,1.209143619690033,0.3517790250608387
-3.929,0.9317190733902845,-0.2204394488182027
-3.9285,0.00341386077189465,-0.6972881770507372
-3.928,-0.1886492866663929,-0.4429688553267188
-3.9275,0.1314559590640864,0.02328323450064829
-3.927,0.4515612047945656,0.4153588554918433
-3.9265,0.6009436528021226,0.627291623595192
-3.926,0.6009436528021226,0.701468092431364
-3.9255,0.5049120790829789,0.7438546460520338
-3.925,0.408880505363835,0.7226613692416989
-3.9245,0.408880505363835,0.6060983467848571
-3.924,0.5155822539406614,0.4259554938970107
-3.9235,0.408880505363835,0.2564092794143318
-3.923,0.3448594562177392,0.1928294489833272
-3.9225,0.2701682322139607,0.1292496185523226
-3.922,-0.1993194615240755,-0.3581957480853793
-3.9215,-0.8288597781273515,-0.6760949002404023
-3.921,-1.533091318734406,-0.5171453241628908
-3.9205,-2.119950935906951,-0.5171453241628908
-3.92,-2.333354433060604,-0.7078848154559045
-3.9195,-2.664129853648766,-1.258910012524611
-3.919,-2.301343908487556,-1.51322933424863
-3.9185,-1.426389570157579,-1.174136905283272
-3.918,-0.6154562809736985,-0.6972881770507372
-3.9175,-0.04993701351651855,-0.2946159176543747
-3.917,0.2488278824985954,-0.02969995752518888
-3.9165,0.3661998059331045,0.1292496185523226
-3.916,0.3875401556484697,0.2246193641988295
-3.9155,0.3661998059331045,0.2670059178194992
-3.915,0.3341892813600565,0.2987958330350016
-3.9145,0.3128489316446912,0.3305857482505039
-3.914,0.3235191065023739,0.3623756634660061
-3.9135,0.408880505363835,0.3623756634660061
-3.913,0.9957401225363802,0.06566978812131802
-3.9125,1.529248865420512,-0.6019184314042303
-3.912,0.9957401225363802,-1.407262950196955
-3.9115,0.291508581929326,-2.000674700886331
-3.911,0.3555296310754218,-2.096044446532838
-3.9105,0.5902734779444399,-1.375473034981453
-3.91,0.7289857510943143,-0.5277419625680583
-3.9095,0.707645401378949,0.1822328105781598
-3.909,0.6009436528021226,0.5849050699745222
-3.9085,0.4835717293676135,0.7332580076468663
-3.908,0.3982103305061524,0.7438546460520338
-3.9075,0.4408910299368829,0.6484849004055269
-3.907,0.4302208550792003,0.5425185163538525
-3.9065,0.3661998059331045,0.4683420475176805
-3.906,0.3128489316446912,0.4047622170866759
-3.9055,0.2488278824985954,0.309392471440169
-3.905,0.1848068333524996,0.2140227257936621
-3.9045,-0.1673089369510276,0.2140227257936621
-3.904,-0.8715404775580819,0.3411823866556712
-3.9035,-1.639793067311232,0.309392471440169
-3.903,-2.173301810195364,-0.2098428104130352
-3.9025,-2.002579012472442,-0.6972881770507372
-3.902,-1.917217613610981,-1.301296566145281
-3.9015,-1.191645723288561,-1.01518732920576
-3.901,-0.4980843575391895,-0.570128516188728
-3.9005,-0.03926683865883591,-0.1992461720078678
-3.9,0.2808384070716433,0.1080563417419877
-3.8995,0.3555296310754218,0.2140227257936621
-3.899,0.3448594562177392,0.2458126410091644
-3.8985,0.3128489316446912,0.2670059178194992
-3.898,0.3021787567870086,0.2670059178194992
-3.8975,0.3021787567870086,0.2881991946298341
-3.897,0.3555296310754218,0.2776025562246667
-3.8965,0.6756348768059011,0.08686306493165288
-3.896,1.283834843693812,-0.4217755785163839
-3.8955,1.433217291701369,-1.152943628472937
-3.895,1.422547116843686,-1.88411167842949
-3.8945,1.497238340847464,-2.21260746898968
-3.894,1.422547116843686,-1.682775548731308
-3.8935,1.219813794547716,-0.8032545611024114
-3.893,0.942389248247967,-0.07208651114585861
-3.8925,0.6649647019482183,0.4047622170866759
-3.892,0.4622313796522482,0.6378882620003594
-3.8915,0.3448594562177392,0.6802748156210291
-3.891,0.4622313796522482,0.55311515475902
-3.8905,0.5582629533713921,0.4047622170866759
-3.89,0.5155822539406614,0.3411823866556712
-3.8895,0.408880505363835,0.309392471440169
-3.889,0.3235191065023739,0.2776025562246667
-3.8885,0.1634664836371343,0.2564092794143318
-3.888,-0.4980843575391895,0.4365521323021782
-3.8875,-1.30901764672307,0.6378882620003594
-3.887,-1.927887788468663,0.627291623595192
-3.8865,-2.461396531352796,0.4789386859228479
-3.886,-2.418715831922065,0.4365521323021782
-3.8855,-1.533091318734406,0.3199891098453364
-3.885,-0.722158029550525,0.1822328105781598
-3.8845,-0.1459685872356623,0.09745970333682032
-3.884,0.1848068333524996,0.05507314971615059
-3.8835,0.2381577076409128,-0.02969995752518888
-3.883,0.3128489316446912,0.04447651131098315
-3.8825,0.2701682322139607,0.07626642652648545
-3.882,-0.4660738329661415,-0.5595318777835605
-3.8815,-0.2953510352432193,-0.2946159176543747
-3.881,-0.1139580626626144,-0.05089323433552374
-3.8805,0.08877525963335578,0.1928294489833272
-3.88,0.4195506802215176,0.383568940276341
-3.8795,1.102441871113207,0.2246193641988295
-3.879,1.219813794547716,-0.2946159176543747
-3.8785,0.4622313796522482,-0.9516074987747555
-3.878,0.3341892813600565,-0.6866915386455698
-3.8775,0.5902734779444399,-0.2946159176543747
-3.877,0.79300680024041,-0.05089323433552374
-3.8765,0.8356874996711408,0.08686306493165288
-3.876,0.7289857510943143,0.1504428953626575
-3.8755,0.5902734779444399,0.1716361721729923
-3.875,0.4515612047945656,0.1716361721729923
-3.8745,0.3768699807907871,0.1186529801471552
-3.874,0.3875401556484697,-0.008506680714854012
-3.8735,0.3661998059331045,0.002089957690313421
-3.873,0.3128489316446912,0.08686306493165288
-3.8725,0.2808384070716433,0.1716361721729923
-3.872,0.2488278824985954,0.2670059178194992
-3.8715,-0.03926683865883591,0.4895353243280153
-3.871,-0.807519428411986,0.9981739677760521
-3.8705,-1.533091318734406,1.411442865577582
-3.87,-2.03458953704549,1.464426057603419
-3.8695,-2.333354433060604,0.9557874141553824
-3.869,-1.746494815888059,0.4789386859228479
-3.8685,-0.9569018764195432,0.3199891098453364
-3.868,-0.3166913849585846,0.3199891098453364
-3.8675,0.08877525963335578,0.3729723018711736
-3.867,0.291508581929326,0.4365521323021782
-3.8665,0.3555296310754218,0.4789386859228479
-3.866,0.3555296310754218,0.4895353243280153
-3.8655,0.3235191065023739,0.5001319627331828
-3.865,0.3128489316446912,0.4789386859228479
-3.8645,0.3021787567870086,0.4471487707073456
-3.864,0.3128489316446912,0.4047622170866759
-3.8635,0.3982103305061524,0.2881991946298341
-3.863,0.8036769750980928,-0.3052125560595421
-3.8625,1.070431346540159,-0.9622041371799229
-3.862,0.2701682322139607,-1.619195718300304
-3.8615,-0.1032878878049318,-1.746355379162313
-3.861,0.2061471830678648,-1.248313374119443
-3.8605,0.5262524287983441,-0.7396747306714069
-3.86,0.6436243522328531,-0.3475991096802118
-3.8595,0.6436243522328531,-0.1250697031716958
-3.859,0.5689331282290746,-0.01910331912002144
-3.8585,0.3875401556484697,-0.07208651114585861
-3.858,0.3235191065023739,-0.06148987274069118
-3.8575,0.1207857842064037,-0.4429688553267188
-3.857,-0.391382608962363,-0.9622041371799229
-3.8565,-0.274010685527854,-0.7396747306714069
-3.856,-0.1673089369510276,-0.5065486857577234
-3.8555,-0.02859666380115328,-0.252229364033705
-3.855,-0.1032878878049318,0.07626642652648545
-3.8545,-0.9142211769888124,0.4789386859228479
-3.854,-1.554431668449771,0.7650479228623686
-3.8535,-1.970568487899394,0.7968378380778709
-3.853,-2.493407055925843,0.5319218779486851
-3.8525,-2.514747405641209,-0.04029659593035631
-3.852,-1.757164990745741,-0.1780528951975329
-3.8515,-0.8715404775580819,-0.04029659593035631
-3.851,-0.2206598112394408,0.1610395337678249
-3.8505,0.1741366584948169,0.3305857482505039
-3.85,0.3448594562177392,0.457745409112513
-3.8495,0.3875401556484697,0.5425185163538525
-3.849,0.3661998059331045,0.5849050699745222
-3.8485,0.3341892813600565,0.5955017083796896
-3.848,0.3128489316446912,0.6060983467848571
-3.8475,0.3021787567870086,0.5955017083796896
-3.847,0.3235191065023739,0.55311515475902
-3.8465,0.7289857510943143,0.3411823866556712
-3.846,1.347855892839907,-0.2840192792492073
-3.8455,1.059761171682476,-1.152943628472937
-3.845,0.2594980573562781,-1.862918401619155
-3.8445,0.1101156093487211,-1.905304955239825
-3.844,0.3341892813600565,-1.290699927740113
-3.8435,0.5689331282290746,-0.6337083466197325
-3.843,0.6542945270905358,-0.1568596183871981
-3.8425,0.6222840025174878,0.1080563417419877
-3.842,0.5155822539406614,0.1928294489833272
-3.8415,0.408880505363835,0.1716361721729923
-3.841,0.4515612047945656,0.03387987290581572
-3.8405,0.4942419042252961,-0.08268314955102604
-3.84,0.4302208550792003,-0.1250697031716958
-3.8395,0.3555296310754218,-0.1250697031716958
-3.839,0.3021787567870086,-0.1038764263613609
-3.8385,0.2488278824985954,-0.06148987274069118
-3.838,-0.06060718837420119,0.1822328105781598
-3.8375,-0.6794773301197943,0.5955017083796896
-3.837,-1.373038695869166,0.7438546460520338
-3.8365,-1.607782542738184,0.8286277532933731
-3.836,-2.322684258202921,-0.2416327256285375
-3.8355,-1.959898313041711,-0.6019184314042303
-3.835,-1.116954499284783,-0.400582301706049
-3.8345,-0.4554036581084589,-0.1250697031716958
-3.834,0.04609456020262521,0.2034260873884947
-3.8335,0.291508581929326,0.4365521323021782
-3.833,0.3448594562177392,0.5319218779486851
-3.8325,0.3341892813600565,0.6060983467848571
-3.832,0.3128489316446912,0.6590815388106942
-3.8315,0.3021787567870086,0.6908714540261965
-3.831,0.3021787567870086,0.701468092431364
-3.8305,0.3128489316446912,0.701468092431364
-3.83,0.4302208550792003,0.6378882620003594
-3.8295,0.79300680024041,0.2987958330350016
-3.829,0.6009436528021226,-0.4217755785163839
-3.8285,-0.156638762093345,-1.205926820498774
-3.828,-0.2420001609548061,-1.809935209593318
-3.8275,0.2274875327832301,-1.84172512480882
-3.827,0.5902734779444399,-1.269506650929778
-3.8265,0.7503261008096795,-0.6019184314042303
-3.826,0.707645401378949,-0.1462629799820306
-3.8255,0.5796033030867573,0.07626642652648545
-3.825,0.4622313796522482,0.1504428953626575
-3.8245,0.4195506802215176,0.09745970333682032
-3.824,0.4622313796522482,-0.04029659593035631
-3.8235,0.4302208550792003,-0.1038764263613609
-3.823,0.3555296310754218,-0.1356663415768632
-3.8225,0.3021787567870086,-0.1462629799820306
-3.822,0.2488278824985954,-0.1462629799820306
-3.8215,-0.1459685872356623,0.1610395337678249
-3.821,-0.9248913518464952,0.7968378380778709
-3.8205,-1.618452717595867,1.316073119931075
-3.82,-2.130621110764634,1.559795803249926
-3.8195,-2.386705307349017,1.273686566310405
-3.819,-1.650463242168915,0.6802748156210291
-3.8185,-0.839529952985034,0.2776025562246667
-3.818,-0.2313299860971235,0.09745970333682032
-3.8175,0.1314559590640864,0.09745970333682032
-3.817,0.1527963087794516,0.05507314971615059
-3.8165,0.3128489316446912,0.3199891098453364
-3.816,-0.4554036581084589,-0.2734226408440398
-3.8155,-0.3166913849585846,0.05507314971615059
-3.815,-0.1352984123779797,0.3941655786815084
-3.8145,0.04609456020262521,0.6908714540261965
-3.814,0.2594980573562781,0.9557874141553824
-3.8135,0.4195506802215176,1.029963882991555
-3.813,1.049090996824793,0.8180311148882058
-3.8125,1.635950613997339,0.2246193641988295
-3.812,1.059761171682476,-0.6549016234300674
-3.8115,0.4729015545099309,-0.8880276683437509
-3.811,0.5369226036560266,-0.3687923864905467
-3.8105,0.6969752265212663,-0.08268314955102604
-3.81,0.7396559259519968,0.04447651131098315
-3.8095,0.6649647019482183,0.1292496185523226
-3.809,0.5475927785137094,0.1080563417419877
-3.8085,0.4515612047945656,-0.008506680714854012
-3.808,0.3875401556484697,-0.1462629799820306
-3.8075,0.4515612047945656,-0.3581957480853793
-3.807,0.4408910299368829,-0.4429688553267188
-3.8065,0.3768699807907871,-0.4111789401112165
-3.806,0.3128489316446912,-0.3475991096802118
-3.8055,0.2594980573562781,-0.2734226408440398
-3.805,0.1314559590640864,-0.1568596183871981
-3.8045,-0.4767440078238243,0.1504428953626575
-3.804,-1.362368521011484,0.4895353243280153
-3.8035,-2.023919362187807,0.6060983467848571
-3.803,-2.589438629644987,0.4259554938970107
-3.8025,-2.461396531352796,-0.07208651114585861
-3.802,-1.522421143876723,-0.1462629799820306
-3.8015,-0.7008176798351597,0.03387987290581572
-3.801,-0.1139580626626144,0.2670059178194992
-3.8005,0.2061471830678648,0.4895353243280153
-3.8,0.3448594562177392,0.6484849004055269
-3.7995,0.3768699807907871,0.7650479228623686
-3.799,0.3555296310754218,0.8286277532933731
-3.7985,0.3235191065023739,0.8604176685088755
-3.798,0.3128489316446912,0.8604176685088755
-3.7975,0.3128489316446912,0.8392243916985406
-3.797,0.1954770082101822,0.6484849004055269
-3.7965,0.7503261008096795,0.55311515475902
-3.796,1.145122570543937,-0.1992461720078678
-3.7955,0.142126133921769,-1.587405803084801
-3.795,-0.4447334832507763,-1.661582271920973
-3.7945,-0.3380317346739499,-1.248313374119443
-3.794,0.1314559590640864,-0.8244478379127463
-3.7935,0.5582629533713921,-0.3899856633008816
-3.793,0.6542945270905358,-0.1780528951975329
-3.7925,0.6116138276598051,-0.05089323433552374
-3.792,0.5049120790829789,-0.05089323433552374
-3.7915,0.3982103305061524,-0.1144730647665284
-3.791,0.4195506802215176,-0.2628260024388724
-3.7905,0.4408910299368829,-0.3793890248957141
-3.79,0.3982103305061524,-0.3899856633008816
-3.7895,0.3341892813600565,-0.3370024712750445
-3.789,0.291508581929326,-0.2734226408440398
-3.7885,0.2168173579255475,-0.1568596183871981
-3.788,-0.2420001609548061,0.2987958330350016
-3.7875,-1.202315898146244,0.9769806909657173
-3.787,-2.087940411333903,1.506812611224089
-3.7865,-2.738821077652544,1.199510097474233
-3.786,-2.845522826229371,0.1504428953626575
-3.7855,-1.895877263895616,-0.2946159176543747
-3.785,-0.9569018764195432,-0.2204394488182027
-3.7845,-0.2633405106701714,0.05507314971615059
-3.784,0.1527963087794516,0.3623756634660061
-3.7835,0.3448594562177392,0.627291623595192
-3.783,0.3982103305061524,0.8180311148882058
-3.7825,0.3768699807907871,0.9663840525605498
-3.782,0.3448594562177392,1.051157159801889
-3.7815,0.3235191065023739,1.104140351827727
-3.781,0.3235191065023739,1.114736990232894
-3.7805,0.3235191065023739,1.093543713422559
-3.78,0.5369226036560266,0.9875773293708847
-3.7795,1.209143619690033,0.6166949851900245
-3.779,1.305175193409177,-0.1038764263613609
-3.7785,0.5796033030867573,-0.7820612842920766
-3.778,0.3555296310754218,-0.6866915386455698
-3.7775,0.5262524287983441,-0.4535654937318862
-3.777,0.5475927785137094,-0.3158091944647096
-3.7765,0.6542945270905358,-0.1462629799820306
-3.776,-0.1459685872356623,-0.8562377531282487
-3.7755,-0.02859666380115328,-0.6760949002404023
-3.775,0.02475421048725994,-0.6019184314042303
-3.7745,0.1848068333524996,-0.5595318777835605
-3.774,0.4195506802215176,-0.5277419625680583
-3.7735,0.408880505363835,-0.5489352393783931
-3.773,0.3555296310754218,-0.5383386009732256
-3.7725,0.3021787567870086,-0.474758770542221
-3.772,0.2594980573562781,-0.4217755785163839
-3.7715,-0.02859666380115328,-0.2310360872233701
-3.771,-0.8822106524157645,0.1822328105781598
-3.7705,-1.67180359188428,0.5319218779486851
-3.77,-2.183971985053047,0.5849050699745222
-3.7695,-2.546757930214257,-0.1250697031716958
-3.769,-2.301343908487556,-0.7396747306714069
-3.7685,-1.46907026958831,-0.6231117082145651
-3.768,-0.658136980404429,-0.2204394488182027
-3.7675,-0.08194753808956648,0.2140227257936621
-3.767,0.2381577076409128,0.5425185163538525
-3.7665,0.3661998059331045,0.7650479228623686
-3.766,0.3875401556484697,0.9028042221295453
-3.7655,0.3661998059331045,0.9663840525605498
-3.765,0.3341892813600565,0.9875773293708847
-3.7645,0.3235191065023739,0.9769806909657173
-3.764,0.3341892813600565,0.9345941373450475
-3.7635,0.4302208550792003,0.8392243916985406
-3.763,0.9957401225363802,0.4259554938970107
-3.7625,1.603940089424291,-0.3370024712750445
-3.762,1.177133095116985,-1.142346990067769
-3.7615,0.6116138276598051,-1.195330182093607
-3.761,0.6329541773751706,-0.718481453861072
-3.7605,0.7609962756673623,-0.400582301706049
-3.76,0.8036769750980928,-0.2628260024388724
-3.7595,0.7289857510943143,-0.3475991096802118
-3.759,0.5902734779444399,-0.4111789401112165
-3.7585,0.3875401556484697,-0.5065486857577234
-3.758,0.291508581929326,-0.5489352393783931
-3.7575,0.408880505363835,-0.6125150698093976
-3.757,-0.1673089369510276,-1.184733543688439
-3.7565,-0.1993194615240755,-1.078767159636765
-3.756,-0.07127736323188383,-0.7820612842920766
-3.7555,0.04609456020262521,-0.474758770542221
-3.755,0.08877525963335578,-0.1462629799820306
-3.7545,-0.5941159312583333,0.1928294489833272
-3.754,-1.597112367880501,0.4895353243280153
-3.7535,-2.386705307349017,0.5955017083796896
-3.753,-3.00557544909461,0.3199891098453364
-3.7525,-2.76016142736791,-0.1886495336027004
-3.752,-1.778505340461106,-0.1568596183871981
-3.7515,-0.8181896032696687,0.1292496185523226
-3.751,-0.1459685872356623,0.4365521323021782
-3.7505,0.2274875327832301,0.6696781772158616
-3.75,0.3768699807907871,0.8180311148882058
-3.7495,0.408880505363835,0.8922075837243778
-3.749,0.3875401556484697,0.9134008605347127
-3.7485,0.3448594562177392,0.9028042221295453
-3.748,0.3341892813600565,0.849821030103708
-3.7475,0.3235191065023739,0.7862411996727035
-3.747,0.3661998059331045,0.6802748156210291
-3.7465,0.6969752265212663,0.2034260873884947
-3.746,1.251824319120764,-0.6760949002404023
-3.7455,1.305175193409177,-1.576809164679634
-3.745,0.8036769750980928,-2.286783937825852
-3.7445,0.8036769750980928,-2.678859558817047
-3.744,0.9103787236749192,-2.011271339291499
-3.7435,0.9530594231056497,-1.354279758171118
-3.743,0.8783681991018712,-0.8456411147230812
-3.7425,0.7289857510943143,-0.5595318777835605
-3.742,0.5475927785137094,-0.4217755785163839
-3.7415,0.3982103305061524,-0.3581957480853793
-3.741,0.3982103305061524,-0.3793890248957141
-3.7405,0.3982103305061524,-0.3899856633008816
-3.74,0.3555296310754218,-0.3475991096802118
-3.7395,0.3128489316446912,-0.3052125560595421
-3.739,0.1314559590640864,-0.3687923864905467
-3.7385,0.1741366584948169,-0.1568596183871981
-3.738,-0.2526703358124887,-0.2628260024388724
-3.7375,-1.543761493592088,-1.068170521231597
-3.737,-2.215982509626095,-1.121153713257435
-3.7365,-2.717480727937179,-0.7820612842920766
-3.736,-2.930884225090832,0.1928294489833272
-3.7355,-2.258663209056825,0.701468092431364
-3.735,-1.319687821580753,0.6378882620003594
-3.7345,-0.5087545323968721,0.4789386859228479
-3.734,0.01408403562957729,0.3729723018711736
-3.7335,0.2808384070716433,0.3411823866556712
-3.733,0.3875401556484697,0.3941655786815084
-3.7325,0.3982103305061524,0.4895353243280153
-3.732,0.3768699807907871,0.6060983467848571
-3.7315,0.3448594562177392,0.7120647308365314
-3.731,0.3448594562177392,0.7968378380778709
-3.7305,0.3448594562177392,0.849821030103708
-3.73,0.3768699807907871,0.8710143069140429
-3.7295,0.6009436528021226,0.6484849004055269
-3.729,0.7289857510943143,0.07626642652648545
-3.7285,0.142126133921769,-0.718481453861072
-3.728,0.02475421048725994,-1.375473034981453
-3.7275,0.3661998059331045,-1.534422611058964
-3.727,0.6542945270905358,-0.9833974139902578
-3.7265,0.7716664505250448,-0.326405832869877
-3.726,0.7289857510943143,0.13984625695749
-3.7255,0.5902734779444399,0.3941655786815084
-3.725,0.4515612047945656,0.457745409112513
-3.7245,0.4195506802215176,0.3305857482505039
-3.724,0.4942419042252961,0.07626642652648545
-3.7235,0.4622313796522482,-0.08268314955102604
-3.723,0.3768699807907871,-0.1780528951975329
-3.7225,0.3128489316446912,-0.2628260024388724
-3.722,0.2594980573562781,-0.3370024712750445
-3.7215,0.02475421048725994,-0.1144730647665284
-3.721,-0.658136980404429,0.5743084315693548
-3.7205,-1.351698346153801,1.284283204715573
-3.72,-1.991908837614759,1.655165548896433
-3.7195,-2.525417580498891,0.9345941373450475
-3.719,-1.83185621474952,0.2564092794143318
-3.7185,-1.789175515318789,-0.8350444763179138
-3.718,-0.9035510021311299,-0.6760949002404023
-3.7175,-0.3060212101009019,-0.4217755785163839
-3.717,0.09944543449103843,-0.09327978795619347
-3.7165,0.3448594562177392,0.2246193641988295
-3.716,0.3661998059331045,0.3941655786815084
-3.7155,0.3448594562177392,0.5213252395435176
-3.715,0.3128489316446912,0.6166949851900245
-3.7145,0.3128489316446912,0.6908714540261965
-3.714,0.3021787567870086,0.7544512844572011
-3.7135,0.3768699807907871,0.775644561267536
-3.713,0.8997085488172365,0.6590815388106942
-3.7125,1.326515543124542,0.1822328105781598
-3.712,0.6542945270905358,-0.6231117082145651
-3.7115,0.02475421048725994,-1.068170521231597
-3.711,0.1207857842064037,-0.8668343915334161
-3.7105,0.3982103305061524,-0.3158091944647096
-3.71,0.5796033030867573,0.1504428953626575
-3.7095,0.5902734779444399,0.383568940276341
-3.709,0.5369226036560266,0.4895353243280153
-3.7085,0.4515612047945656,0.5107286011383502
-3.708,0.3982103305061524,0.4153588554918433
-3.7075,0.4942419042252961,0.07626642652648545
-3.707,0.5049120790829789,-0.08268314955102604
-3.7065,0.4408910299368829,-0.1038764263613609
-3.706,0.3555296310754218,-0.1038764263613609
-3.7055,0.2808384070716433,-0.1250697031716958
-3.705,0.142126133921769,-0.1038764263613609
-3.7045,-0.4340633083930936,0.3941655786815084
-3.704,-1.148965023857831,1.072350436612224
-3.7035,-1.586442193022819,1.37965295036208
-3.703,-1.970568487899394,1.019367244586387
-3.7025,-1.661133417026597,0.3199891098453364
-3.702,-0.9782422261349084,-0.1038764263613609
-3.7015,-0.3593720843893152,-0.2946159176543747
-3.701,0.04609456020262521,-0.3052125560595421
-3.7005,0.1741366584948169,-0.3158091944647096
-3.7,0.3021787567870086,-0.1356663415768632
-3.6995,-0.08194753808956648,-0.400582301706049
-3.699,-0.4340633083930936,-0.5807251545938954
-3.6985,-0.2099896363817582,-0.1992461720078678
-3.698,-0.04993701351651855,0.09745970333682032
-3.6975,0.1527963087794516,0.4047622170866759
-3.697,0.3235191065023739,0.627291623595192
-3.6965,0.7716664505250448,0.5319218779486851
-3.696,1.422547116843686,0.002089957690313421
-3.6955,1.283834843693812,-0.6231117082145651
-3.695,0.5155822539406614,-1.036380606016095
-3.6945,0.2808384070716433,-1.068170521231597
-3.694,0.408880505363835,-0.6019184314042303
-3.6935,0.5582629533713921,-0.06148987274069118
-3.693,0.6009436528021226,0.3941655786815084
-3.6925,0.5582629533713921,0.6802748156210291
-3.692,0.4729015545099309,0.7650479228623686
-3.6915,0.3875401556484697,0.7226613692416989
-3.691,0.4835717293676135,0.5743084315693548
-3.6905,0.5582629533713921,0.4047622170866759
-3.69,0.4942419042252961,0.2352160026039969
-3.6895,0.3982103305061524,0.08686306493165288
-3.689,0.3235191065023739,-0.05089323433552374
-3.6885,0.2381577076409128,-0.1568596183871981
-3.688,-0.1993194615240755,0.1504428953626575
-3.6875,-1.031593100423322,0.8286277532933731
-3.687,-1.757164990745741,1.432636142387917
-3.6865,-2.312014083345239,1.273686566310405
-3.686,-2.653459678791083,0.2246193641988295
-3.6855,-1.895877263895616,-0.3793890248957141
-3.685,-1.010252750707956,-0.4641621321370536
-3.6845,-0.3166913849585846,-0.3158091944647096
-3.684,0.1101156093487211,-0.1144730647665284
-3.6835,0.3128489316446912,0.06566978812131802
-3.683,0.3768699807907871,0.1928294489833272
-3.6825,0.3768699807907871,0.2881991946298341
-3.682,0.3448594562177392,0.3517790250608387
-3.6815,0.3235191065023739,0.3941655786815084
-3.681,0.3235191065023739,0.4153588554918433
-3.6805,0.2061471830678648,0.2987958330350016
-3.68,0.4622313796522482,0.383568940276341
-3.6795,0.3341892813600565,-0.5913217929990628
-3.679,0.3661998059331045,-1.184733543688439
-3.6785,-0.3487019095316325,-1.788741932782983
-3.678,-0.5407650569699201,-2.180817553774178
-3.6775,-0.04993701351651855,-1.598002441489969
-3.677,0.3982103305061524,-0.6972881770507372
-3.6765,0.5902734779444399,-0.01910331912002144
-3.676,0.6222840025174878,0.3941655786815084
-3.6755,0.5475927785137094,0.55311515475902
-3.675,0.4622313796522482,0.5637117931641874
-3.6745,0.4515612047945656,0.4683420475176805
-3.674,0.5369226036560266,0.2670059178194992
-3.6735,0.5049120790829789,0.1504428953626575
-3.673,0.4195506802215176,0.07626642652648545
-3.6725,0.3448594562177392,0.03387987290581572
-3.672,0.2594980573562781,-0.01910331912002144
-3.6715,-0.156638762093345,-0.09327978795619347
-3.671,-0.8715404775580819,0.01268659609548085
-3.6705,-1.351698346153801,0.07626642652648545
-3.67,-1.693143941599645,-0.08268314955102604
-3.6695,-1.991908837614759,-0.474758770542221
-3.669,-1.586442193022819,-0.6654982618352349
-3.6685,-0.8928808272734472,-0.5489352393783931
-3.668,-0.2953510352432193,-0.3581957480853793
-3.6675,0.08877525963335578,-0.1674562567923655
-3.667,0.291508581929326,-0.01910331912002144
-3.6665,0.3661998059331045,0.08686306493165288
-3.666,0.3661998059331045,0.1822328105781598
-3.6655,0.3448594562177392,0.2458126410091644
-3.665,0.3235191065023739,0.309392471440169
-3.6645,0.3128489316446912,0.3729723018711736
-3.664,0.3341892813600565,0.4153588554918433
-3.6635,0.3982103305061524,0.4471487707073456
-3.663,0.8997085488172365,0.3305857482505039
-3.6625,1.134452395686255,-0.1250697031716958
-3.662,0.3768699807907871,-0.7714646458869092
-3.6615,-0.1886492866663929,-1.05757388282643
-3.661,-0.1032878878049318,-0.8138511995075789
-3.6605,0.2488278824985954,-0.3158091944647096
-3.66,0.5262524287983441,0.1822328105781598
-3.6595,-0.06060718837420119,-0.1356663415768632
-3.659,0.01408403562957729,0.1292496185523226
-3.6585,0.1101156093487211,0.2987958330350016
-3.658,0.2061471830678648,0.3729723018711736
-3.6575,0.4515612047945656,0.309392471440169
-3.657,0.4835717293676135,0.1716361721729923
-3.6565,0.4195506802215176,0.09745970333682032
-3.656,0.3341892813600565,0.04447651131098315
-3.6555,0.2808384070716433,-0.008506680714854012
-3.655,0.142126133921769,-0.04029659593035631
-3.6545,-0.5194247072545548,0.002089957690313421
-3.654,-1.533091318734406,0.02328323450064829
-3.6535,-2.23732285934146,-0.1144730647665284
-3.653,-2.664129853648766,-0.6760949002404023
-3.6525,-2.3973754822067,-1.184733543688439
-3.652,-1.522421143876723,-1.046977244421262
-3.6515,-0.6794773301197943,-0.6760949002404023
-3.651,-0.09261771294724913,-0.3158091944647096
-3.6505,0.2381577076409128,-0.05089323433552374
-3.65,0.3768699807907871,0.1186529801471552
-3.6495,0.3982103305061524,0.2140227257936621
-3.649,0.3768699807907871,0.2670059178194992
-3.6485,0.3448594562177392,0.309392471440169
-3.648,0.3341892813600565,0.3305857482505039
-3.6475,0.3341892813600565,0.3517790250608387
-3.647,0.3341892813600565,0.3729723018711736
-3.6465,0.5155822539406614,0.2881991946298341
-3.646,0.79300680024041,-0.08268314955102604
-3.6455,0.2594980573562781,-0.5913217929990628
-3.645,-0.4127229586777283,-1.184733543688439
-3.6445,-0.2633405106701714,-1.555615887869299
-3.644,0.1527963087794516,-1.301296566145281
-3.6435,0.4942419042252961,-0.6972881770507372
-3.643,0.6222840025174878,-0.1038764263613609
-3.6425,0.5902734779444399,0.309392471440169
-3.642,0.5049120790829789,0.4895353243280153
-3.6415,0.3448594562177392,0.4259554938970107
-3.641,0.3235191065023739,0.4153588554918433
-3.6405,-0.1459685872356623,-0.1038764263613609
-3.64,-0.391382608962363,-0.4111789401112165
-3.6395,-0.1993194615240755,-0.2840192792492073
-3.639,-0.04993701351651855,-0.1992461720078678
-3.6385,0.0674349099179905,-0.02969995752518888
-3.638,-0.4127229586777283,0.3729723018711736
-3.6375,-1.383708870726849,0.849821030103708
-3.637,-1.863866739322568,1.082947075017392
-3.6365,-2.205312334768412,0.92399749893988
-3.636,-2.450726356495113,0.1822328105781598
-3.6355,-1.885207089037933,-0.326405832869877
-3.635,-1.031593100423322,-0.3899856633008816
-3.6345,-0.3380317346739499,-0.2734226408440398
-3.634,0.1101156093487211,-0.1144730647665284
-3.6335,0.3235191065023739,0.02328323450064829
-3.633,0.3982103305061524,0.13984625695749
-3.6325,0.3982103305061524,0.2140227257936621
-3.632,0.3661998059331045,0.2776025562246667
-3.6315,0.3448594562177392,0.3305857482505039
-3.631,0.3341892813600565,0.3623756634660061
-3.6305,0.3555296310754218,0.3941655786815084
-3.63,0.4835717293676135,0.3305857482505039
-3.6295,0.942389248247967,0.1080563417419877
-3.629,1.049090996824793,-0.3899856633008816
-3.6285,0.3982103305061524,-1.078767159636765
-3.628,0.1314559590640864,-1.608599079895136
-3.6275,0.3448594562177392,-1.492036057438295
-3.627,0.5902734779444399,-0.8668343915334161
-3.6265,0.6969752265212663,-0.2310360872233701
-3.626,0.6649647019482183,0.2246193641988295
-3.6255,0.5582629533713921,0.5001319627331828
-3.625,0.4515612047945656,0.5955017083796896
-3.6245,0.4302208550792003,0.5425185163538525
-3.624,0.5049120790829789,0.3729723018711736
-3.6235,0.4729015545099309,0.2564092794143318
-3.623,0.3982103305061524,0.1716361721729923
-3.6225,0.3021787567870086,0.07626642652648545
-3.622,0.142126133921769,-0.08268314955102604
-3.6215,-0.1779791118087102,-0.1462629799820306
-3.621,-1.405049220442214,-0.792657922697244
-3.6205,-2.215982509626095,-1.142346990067769
-3.62,-2.546757930214257,-1.301296566145281
-3.6195,-2.813512301656323,-1.703968825541643
-3.619,-2.269333383914508,-1.661582271920973
-3.6185,-1.341028171296118,-1.174136905283272
-3.618,-0.5514352318276028,-0.6866915386455698
-3.6175,-0.01792648894347063,-0.2946159176543747
-3.617,0.2701682322139607,-0.04029659593035631
-3.6165,0.3875401556484697,0.09745970333682032
-3.616,0.408880505363835,0.1822328105781598
-3.6155,0.3875401556484697,0.2246193641988295
-3.615,0.3661998059331045,0.2564092794143318
-3.6145,0.3448594562177392,0.2776025562246667
-3.614,0.3448594562177392,0.2987958330350016
-3.6135,0.3875401556484697,0.309392471440169
-3.613,0.7503261008096795,0.1292496185523226
-3.6125,0.974399772821015,-0.3158091944647096
-3.612,0.3875401556484697,-0.8562377531282487
-3.6115,-0.1032878878049318,-1.34368311976595
-3.611,0.142126133921769,-1.576809164679634
-3.6105,0.5049120790829789,-1.078767159636765
-3.61,0.7289857510943143,-0.3581957480853793
-3.6095,0.7609962756673623,0.2246193641988295
-3.609,0.6756348768059011,0.5637117931641874
-3.6085,0.5369226036560266,0.6908714540261965
-3.608,0.4408910299368829,0.6696781772158616
-3.6075,0.5262524287983441,0.4895353243280153
-3.607,0.5262524287983441,0.3623756634660061
-3.6065,0.4515612047945656,0.2776025562246667
-3.606,0.3661998059331045,0.2140227257936621
-3.6055,0.3128489316446912,0.1504428953626575
-3.605,0.2061471830678648,0.09745970333682032
-3.6045,-0.3273615598162672,0.13984625695749
-3.604,-1.042263275281004,0.1716361721729923
-3.6035,-1.575772018165136,0.08686306493165288
-3.603,-1.938557963326346,-0.09327978795619347
-3.6025,-1.693143941599645,-0.3793890248957141
-3.602,-0.9035510021311299,-0.3370024712750445
-3.6015,-0.6154562809736985,-0.6125150698093976
-3.601,-0.6688071552621118,-0.9939940523954253
-3.6005,-0.2099896363817582,-0.6760949002404023
-3.6,0.04609456020262521,-0.4323722169215513
-3.5995,0.2488278824985954,-0.1568596183871981
-3.599,0.3448594562177392,0.04447651131098315
-3.5985,0.3235191065023739,0.1292496185523226
-3.598,0.3235191065023739,0.2034260873884947
-3.5975,0.3235191065023739,0.2776025562246667
-3.597,0.3661998059331045,0.3517790250608387
-3.5965,0.7396559259519968,0.2352160026039969
-3.596,1.305175193409177,-0.2204394488182027
-3.5955,0.8676980242441885,-0.9410108603695881
-3.595,0.09944543449103843,-1.38606967338662
-3.5945,0.1741366584948169,-0.8032545611024114
-3.594,0.4835717293676135,-0.2098428104130352
-3.5935,0.6969752265212663,0.1716361721729923
-3.593,0.7183155762366316,0.3411823866556712
-3.5925,0.6329541773751706,0.3517790250608387
-3.592,0.5049120790829789,0.3517790250608387
-3.5915,0.408880505363835,0.3517790250608387
-3.591,0.4408910299368829,0.2881991946298341
-3.5905,0.4729015545099309,0.2458126410091644
-3.59,0.4302208550792003,0.2564092794143318
-3.5895,0.3661998059331045,0.2776025562246667
-3.589,0.3128489316446912,0.2987958330350016
-3.5885,0.2274875327832301,0.3305857482505039
-3.588,-0.2420001609548061,0.6802748156210291
-3.5875,-1.020922925565639,1.273686566310405
-3.587,-1.618452717595867,1.676358825706768
-3.5865,-2.002579012472442,1.697552102517103
-3.586,-1.927887788468663,1.475022696008586
-3.5855,-1.244996597576974,0.9769806909657173
-3.585,-0.5514352318276028,0.5107286011383502
-3.5845,-0.04993701351651855,0.2034260873884947
-3.584,0.2274875327832301,0.04447651131098315
-3.5835,0.3555296310754218,0.002089957690313421
-3.583,0.3768699807907871,0.03387987290581572
-3.5825,0.3661998059331045,0.09745970333682032
-3.582,0.2488278824985954,0.07626642652648545
-3.5815,0.2701682322139607,0.1822328105781598
-3.581,0.1848068333524996,0.1610395337678249
-3.5805,-0.4767440078238243,-0.4641621321370536
-3.58,-0.1459685872356623,-0.2628260024388724
-3.5795,0.5582629533713921,-0.4853554089473885
-3.579,1.369196242555273,-1.004590690800593
-3.5785,1.347855892839907,-1.248313374119443
-3.578,1.123782220828572,-0.8350444763179138
-3.5775,1.038420821967111,-0.2416327256285375
-3.577,0.942389248247967,0.2246193641988295
-3.5765,0.7823366253827275,0.5319218779486851
-3.576,0.6329541773751706,0.6484849004055269
-3.5755,0.4942419042252961,0.627291623595192
-3.575,0.3982103305061524,0.55311515475902
-3.5745,0.3768699807907871,0.4365521323021782
-3.574,0.4195506802215176,0.2881991946298341
-3.5735,0.3982103305061524,0.1928294489833272
-3.573,0.3555296310754218,0.1292496185523226
-3.5725,0.3128489316446912,0.07626642652648545
-3.572,0.2594980573562781,0.02328323450064829
-3.5715,-0.06060718837420119,0.2881991946298341
-3.571,-0.8502001278427167,0.92399749893988
-3.5705,-1.639793067311232,1.496215972818921
-3.57,-1.991908837614759,1.538602526439591
-3.5695,-2.269333383914508,0.5001319627331828
-3.569,-1.83185621474952,-0.2734226408440398
-3.5685,-1.052933450138687,-0.4429688553267188
-3.568,-0.3807124341046804,-0.3158091944647096
-3.5675,0.0674349099179905,-0.1144730647665284
-3.567,0.291508581929326,0.07626642652648545
-3.5665,0.3768699807907871,0.2246193641988295
-3.566,0.3875401556484697,0.3411823866556712
-3.5655,0.3555296310754218,0.4153588554918433
-3.565,0.3341892813600565,0.457745409112513
-3.5645,0.3235191065023739,0.4895353243280153
-3.564,0.3235191065023739,0.5107286011383502
-3.5635,0.4302208550792003,0.4683420475176805
-3.563,0.974399772821015,0.08686306493165288
-3.5625,1.273164668836129,-0.5913217929990628
-3.562,0.5689331282290746,-1.311893204550448
-3.5615,0.142126133921769,-1.237716735714276
-3.561,0.2701682322139607,-0.4959520473525559
-3.5605,-0.156638762093345,-0.8668343915334161
-3.56,0.1741366584948169,-0.5383386009732256
-3.5595,0.3875401556484697,-0.3475991096802118
-3.559,0.4729015545099309,-0.1992461720078678
-3.5585,0.4942419042252961,-0.08268314955102604
-3.558,0.4195506802215176,-0.1038764263613609
-3.5575,0.4729015545099309,-0.1886495336027004
-3.557,0.4515612047945656,-0.1780528951975329
-3.5565,0.3982103305061524,-0.1356663415768632
-3.556,0.3341892813600565,-0.06148987274069118
-3.5555,0.291508581929326,0.002089957690313421
-3.555,0.1634664836371343,0.1822328105781598
-3.5545,-0.5087545323968721,0.7650479228623686
-3.554,-1.373038695869166,1.369056311956912
-3.5535,-1.917217613610981,1.729342017732605
-3.553,-2.3973754822067,1.70814874092227
-3.5525,-2.344024607918286,1.104140351827727
-3.552,-1.565101843307454,0.5743084315693548
-3.5515,-0.7434983792658902,0.2881991946298341
-3.551,-0.1352984123779797,0.2034260873884947
-3.5505,0.2061471830678648,0.2458126410091644
-3.55,0.3661998059331045,0.3623756634660061
-3.5495,0.3982103305061524,0.4789386859228479
-3.549,0.3875401556484697,0.5955017083796896
-3.5485,0.3555296310754218,0.6908714540261965
-3.548,0.3341892813600565,0.7544512844572011
-3.5475,0.3341892813600565,0.7968378380778709
-3.547,0.3661998059331045,0.8074344764830383
-3.5465,0.7396559259519968,0.627291623595192
-3.546,1.187803269974668,0.02328323450064829
-3.5455,0.6542945270905358,-0.7502713690765743
-3.545,-0.1673089369510276,-1.163540266878104
-3.5445,-0.1673089369510276,-0.8032545611024114
-3.544,0.1741366584948169,-0.4217755785163839
-3.5435,0.4622313796522482,-0.1674562567923655
-3.543,0.5582629533713921,-0.04029659593035631
-3.5425,0.4195506802215176,-0.1568596183871981
-3.542,0.4302208550792003,-0.1038764263613609
-3.5415,-0.124628237520297,-0.6443049850249
-3.541,-0.2420001609548061,-0.8138511995075789
-3.5405,-0.007256314085787988,-0.6654982618352349
-3.54,0.1314559590640864,-0.5065486857577234
-3.5395,0.2701682322139607,-0.3370024712750445
-3.539,0.2808384070716433,-0.2840192792492073
-3.5385,0.2274875327832301,-0.2628260024388724
-3.538,-0.2099896363817582,-0.06148987274069118
-3.5375,-1.095614149569417,0.2776025562246667
-3.537,-1.789175515318789,0.4789386859228479
-3.5365,-2.183971985053047,0.383568940276341
-3.536,-2.280003558772191,0.1080563417419877
-3.5355,-1.629122892453549,-0.01910331912002144
-3.535,-0.8288597781273515,0.01268659609548085
-3.5345,-0.2099896363817582,0.1080563417419877
-3.534,0.1634664836371343,0.2352160026039969
-3.5335,0.3448594562177392,0.3517790250608387
-3.533,0.3982103305061524,0.457745409112513
-3.5325,0.3875401556484697,0.5425185163538525
-3.532,0.3661998059331045,0.6060983467848571
-3.5315,0.3341892813600565,0.6590815388106942
-3.531,0.3341892813600565,0.6802748156210291
-3.5305,0.3448594562177392,0.6802748156210291
-3.53,0.5155822539406614,0.627291623595192
-3.5295,1.081101521397841,0.3199891098453364
-3.529,1.038420821967111,-0.3052125560595421
-3.5285,0.5262524287983441,-0.8880276683437509
-3.528,0.3555296310754218,-1.311893204550448
-3.5275,0.5689331282290746,-1.01518732920576
-3.527,0.7503261008096795,-0.4853554089473885
-3.5265,0.7823366253827275,-0.07208651114585861
-3.526,0.6969752265212663,0.1292496185523226
-3.5255,0.5582629533713921,0.1504428953626575
-3.525,0.4302208550792003,0.09745970333682032
-3.5245,0.3982103305061524,-0.01910331912002144
-3.524,0.4408910299368829,-0.1674562567923655
-3.5235,0.3341892813600565,-0.326405832869877
-3.523,0.2594980573562781,-0.3793890248957141
-3.5225,-0.007256314085787988,-0.6019184314042303
-3.522,-0.5514352318276028,-1.068170521231597
-3.5215,-0.807519428411986,-0.8668343915334161
-3.521,-1.639793067311232,-0.8244478379127463
-3.5205,-2.333354433060604,-0.792657922697244
-3.52,-2.685470203364131,-0.7820612842920766
-3.5195,-3.058926323383024,-0.9198175835592532
-3.519,-2.525417580498891,-0.9728007755850904
-3.5185,-1.522421143876723,-0.6654982618352349
-3.518,-0.6261264558313813,-0.2946159176543747
-3.5175,-0.01792648894347063,0.02328323450064829
-3.517,0.291508581929326,0.2564092794143318
-3.5165,0.4195506802215176,0.4153588554918433
-3.516,0.4302208550792003,0.5107286011383502
-3.5155,0.3982103305061524,0.5743084315693548
-3.515,0.3661998059331045,0.6060983467848571
-3.5145,0.3555296310754218,0.6166949851900245
-3.514,0.3768699807907871,0.627291623595192
-3.5135,0.4729015545099309,0.6060983467848571
-3.513,1.017080472251745,0.4153588554918433
-3.5125,1.507908515705147,-0.1144730647665284
-3.512,0.857027849386506,-0.9198175835592532
-3.5115,0.2488278824985954,-1.078767159636765
-3.511,0.3661998059331045,-0.6972881770507372
-3.5105,0.6009436528021226,-0.4111789401112165
-3.51,0.7183155762366316,-0.1674562567923655
-3.5095,0.6756348768059011,-0.01910331912002144
-3.509,0.5689331282290746,0.01268659609548085
-3.5085,0.4515612047945656,-0.008506680714854012
-3.508,0.3875401556484697,-0.07208651114585861
-3.5075,0.4835717293676135,-0.2310360872233701
-3.507,0.5049120790829789,-0.3052125560595421
-3.5065,0.4515612047945656,-0.2840192792492073
-3.506,0.3661998059331045,-0.2098428104130352
-3.5055,0.3021787567870086,-0.1462629799820306
-3.505,0.0674349099179905,0.02328323450064829
-3.5045,-0.5834457564006506,0.457745409112513
-3.504,-1.074273799854052,0.701468092431364
-3.5035,-1.1062843244271,0.7120647308365314
-3.503,-2.023919362187807,0.02328323450064829
-3.5025,-2.205312334768412,-0.04029659593035631
-3.502,-1.533091318734406,0.09745970333682032
-3.5015,-0.7968492535543035,0.1716361721729923
-3.501,-0.156638762093345,0.3199891098453364
-3.5005,0.2061471830678648,0.4047622170866759
-3.5,0.3235191065023739,0.4365521323021782
-3.4995,0.3661998059331045,0.4683420475176805
-3.499,0.3555296310754218,0.5001319627331828
-3.4985,0.3341892813600565,0.5319218779486851
-3.498,0.3341892813600565,0.55311515475902
-3.4975,0.3448594562177392,0.55311515475902
-3.497,0.3768699807907871,0.5425185163538525
-3.4965,0.7609962756673623,0.4047622170866759
-3.496,1.486568165989782,-0.07208651114585861
-3.4955,1.411876941986003,-0.8986243067489184
-3.495,0.6436243522328531,-1.502632695843462
-3.4945,0.5796033030867573,-0.9728007755850904
-3.494,0.7503261008096795,-0.5595318777835605
-3.4935,0.857027849386506,-0.3687923864905467
-3.493,0.825017324813458,-0.2840192792492073
-3.4925,0.6969752265212663,-0.252229364033705
-3.492,0.5369226036560266,-0.2416327256285375
-3.4915,0.4195506802215176,-0.252229364033705
-3.491,0.4195506802215176,-0.2734226408440398
-3.4905,0.4195506802215176,-0.2734226408440398
-3.49,0.3768699807907871,-0.2098428104130352
-3.4895,0.3235191065023739,-0.1250697031716958
-3.489,0.291508581929326,-0.02969995752518888
-3.4885,0.1848068333524996,0.09745970333682032
-3.488,-0.3700422592469978,0.5743084315693548
-3.4875,-1.095614149569417,1.178316820663898
-3.487,-1.597112367880501,1.496215972818921
-3.4865,-1.949228138184029,1.612778995275763
-3.486,-2.173301810195364,1.400846227172415
-3.4855,-1.554431668449771,0.9451907757502149
-3.485,-0.807519428411986,0.6590815388106942
-3.4845,-0.274010685527854,0.4789386859228479
-3.484,0.01408403562957729,0.3623756634660061
-3.4835,0.01408403562957729,0.2034260873884947
-3.483,-0.4340633083930936,-0.2628260024388724
-3.4825,-0.1673089369510276,0.02328323450064829
-3.482,-0.01792648894347063,0.2140227257936621
-3.4815,0.1634664836371343,0.4153588554918433
-3.481,0.3021787567870086,0.5319218779486851
-3.4805,0.3235191065023739,0.5001319627331828
-3.48,0.3448594562177392,0.4365521323021782
-3.4795,0.6222840025174878,0.2140227257936621
-3.479,0.9530594231056497,-0.3370024712750445
-3.4785,0.5155822539406614,-1.089363798041932
-3.478,0.3768699807907871,-0.9939940523954253
-3.4775,0.6436243522328531,-0.3793890248957141
-3.477,0.8463576745288233,-0.252229364033705
-3.4765,0.8890383739595538,-0.1780528951975329
-3.476,0.79300680024041,-0.1462629799820306
-3.4755,0.6436243522328531,-0.1780528951975329
-3.475,0.4942419042252961,-0.2204394488182027
-3.4745,0.4408910299368829,-0.2840192792492073
-3.474,0.5155822539406614,-0.3899856633008816
-3.4735,0.4942419042252961,-0.3687923864905467
-3.473,0.4195506802215176,-0.2628260024388724
-3.4725,0.3448594562177392,-0.1568596183871981
-3.472,0.291508581929326,-0.07208651114585861
-3.4715,-0.007256314085787988,0.2140227257936621
-3.471,-0.7861790786966207,0.8604176685088755
-3.4705,-1.629122892453549,1.485619334413754
-3.47,-2.258663209056825,1.75053529454294
-3.4695,-2.6427895039334,1.061753798207057
-3.469,-1.917217613610981,0.3305857482505039
-3.4685,-1.010252750707956,0.04447651131098315
-3.468,-0.3273615598162672,0.03387987290581572
-3.4675,0.1101156093487211,0.1504428953626575
-3.467,0.3235191065023739,0.3199891098453364
-3.4665,0.3982103305061524,0.4789386859228479
-3.466,0.3982103305061524,0.6060983467848571
-3.4655,0.3661998059331045,0.701468092431364
-3.465,0.3341892813600565,0.7650479228623686
-3.4645,0.3235191065023739,0.7968378380778709
-3.464,0.2168173579255475,0.6908714540261965
-3.4635,0.3448594562177392,0.7226613692416989
-3.463,0.1741366584948169,0.01268659609548085
-3.4625,0.2274875327832301,-0.7608680074817418
-3.462,-0.2420001609548061,-1.417859588602123
-3.4615,-0.8608703027003992,-2.085447808127671
-3.461,-0.5514352318276028,-1.88411167842949
-3.4605,0.07810508477567314,-1.258910012524611
-3.46,0.4622313796522482,-0.6654982618352349
-3.4595,0.6116138276598051,-0.2416327256285375
-3.459,0.6009436528021226,-0.06148987274069118
-3.4585,0.5155822539406614,-0.02969995752518888
-3.458,0.4408910299368829,-0.07208651114585861
-3.4575,0.5475927785137094,-0.2204394488182027
-3.457,0.5582629533713921,-0.3158091944647096
-3.4565,0.4729015545099309,-0.3687923864905467
-3.456,0.3768699807907871,-0.400582301706049
-3.4555,0.3021787567870086,-0.4111789401112165
-3.455,0.04609456020262521,-0.2946159176543747
-3.4545,-0.7114878546928423,0.2246193641988295
-3.454,-1.533091318734406,0.849821030103708
-3.4535,-2.066600061618538,1.231300012689736
-3.453,-2.44005618163743,1.188913459069066
-3.4525,-2.07727023647622,0.7120647308365314
-3.452,-1.244996597576974,0.2881991946298341
-3.4515,-0.4980843575391895,0.05507314971615059
-3.451,0.01408403562957729,0.002089957690313421
-3.4505,0.2808384070716433,0.05507314971615059
-3.45,0.3875401556484697,0.1716361721729923
-3.4495,0.3982103305061524,0.309392471440169
-3.449,0.3768699807907871,0.4471487707073456
-3.4485,0.3555296310754218,0.5637117931641874
-3.448,0.3341892813600565,0.6696781772158616
-3.4475,0.3341892813600565,0.7332580076468663
-3.447,0.3661998059331045,0.775644561267536
-3.4465,0.5902734779444399,0.701468092431364
-3.446,1.177133095116985,0.3411823866556712
-3.4455,1.091771696255524,-0.326405832869877
-3.445,0.4408910299368829,-0.8032545611024114
-3.4445,0.3448594562177392,-0.6866915386455698
-3.444,0.4302208550792003,-0.5913217929990628
-3.4435,0.5689331282290746,-0.3475991096802118
-3.443,0.291508581929326,-0.4323722169215513
-3.4425,-0.1886492866663929,-0.6866915386455698
-3.442,-0.04993701351651855,-0.400582301706049
-3.4415,0.03542438534494258,-0.2628260024388724
-3.441,0.2594980573562781,-0.2098428104130352
-3.4405,0.4622313796522482,-0.2098428104130352
-3.44,0.4302208550792003,-0.2734226408440398
-3.4395,0.3661998059331045,-0.3158091944647096
-3.439,0.3128489316446912,-0.3475991096802118
-3.4385,0.1848068333524996,-0.3581957480853793
-3.438,-0.5087545323968721,-0.2628260024388724
-3.4375,-1.373038695869166,-0.1886495336027004
-3.437,-2.045259711903173,-0.2628260024388724
-3.4365,-2.322684258202921,-0.6866915386455698
-3.436,-2.365364957633652,-1.333086481360783
-3.4355,-1.682473766741963,-1.269506650929778
-3.435,-0.8608703027003992,-0.8244478379127463
-3.4345,-0.2206598112394408,-0.3475991096802118
-3.434,0.1741366584948169,0.02328323450064829
-3.4335,0.3555296310754218,0.2670059178194992
-3.433,0.408880505363835,0.4153588554918433
-3.4325,0.3982103305061524,0.4895353243280153
-3.432,0.3661998059331045,0.5319218779486851
-3.4315,0.3448594562177392,0.55311515475902
-3.431,0.3341892813600565,0.55311515475902
-3.4305,0.3555296310754218,0.5425185163538525
-3.43,0.4302208550792003,0.5001319627331828
-3.4295,0.6756348768059011,0.2034260873884947
-3.429,0.79300680024041,-0.4323722169215513
-3.4285,0.5155822539406614,-1.184733543688439
-3.428,0.4515612047945656,-1.714565463946811
-3.4275,0.6649647019482183,-1.608599079895136
-3.427,0.825017324813458,-1.036380606016095
-3.4265,0.8036769750980928,-0.4641621321370536
-3.426,0.6756348768059011,-0.07208651114585861
-3.4255,0.5369226036560266,0.05507314971615059
-3.425,0.4195506802215176,0.02328323450064829
-3.4245,0.2274875327832301,-0.1992461720078678
-3.424,0.3661998059331045,-0.1462629799820306
-3.4235,-0.423393133535411,-0.9622041371799229
-3.423,-0.2953510352432193,-0.8244478379127463
-3.4225,-0.1352984123779797,-0.6443049850249
-3.422,0.01408403562957729,-0.4535654937318862
-3.4215,-0.1673089369510276,0.09745970333682032
-3.421,-1.116954499284783,0.9028042221295453
-3.4205,-2.19464215991073,1.580989080060261
-3.42,-2.994905274236928,1.739938656137773
-3.4195,-3.517743842263377,0.5849050699745222
-3.419,-2.909543875375467,-0.4641621321370536
-3.4185,-1.714484291315011,-0.6443049850249
-3.418,-0.7114878546928423,-0.400582301706049
-3.4175,-0.04993701351651855,-0.05089323433552374
-3.417,0.3021787567870086,0.2564092794143318
-3.4165,0.4302208550792003,0.4789386859228479
-3.416,0.4515612047945656,0.627291623595192
-3.4155,0.4195506802215176,0.7120647308365314
-3.415,0.3768699807907871,0.7544512844572011
-3.4145,0.3661998059331045,0.7650479228623686
-3.414,0.3661998059331045,0.7438546460520338
-3.4135,0.408880505363835,0.6802748156210291
-3.413,0.707645401378949,0.5213252395435176
-3.4125,1.166462920259302,0.1716361721729923
-3.412,0.7716664505250448,-0.474758770542221
-3.4115,0.3555296310754218,-1.184733543688439
-3.411,0.5369226036560266,-1.42845622700729
-3.4105,0.7609962756673623,-1.05757388282643
-3.41,0.8676980242441885,-0.6125150698093976
-3.4095,0.8143471499557753,-0.326405832869877
-3.409,0.6756348768059011,-0.1674562567923655
-3.4085,0.5262524287983441,-0.1250697031716958
-3.408,0.4302208550792003,-0.1674562567923655
-3.4075,0.4942419042252961,-0.326405832869877
-3.407,0.4942419042252961,-0.4111789401112165
-3.4065,0.4408910299368829,-0.4111789401112165
-3.406,0.3555296310754218,-0.3793890248957141
-3.4055,0.142126133921769,-0.474758770542221
-3.405,-0.007256314085787988,-0.3052125560595421
-3.4045,-1.341028171296118,-0.8668343915334161
-3.404,-1.725154466172693,-0.7608680074817418
-3.4035,-2.023919362187807,-0.718481453861072
-3.403,-2.344024607918286,-0.8562377531282487
-3.4025,-2.119950935906951,-0.8986243067489184
-3.402,-1.362368521011484,-0.6443049850249
-3.4015,-0.6367966306890638,-0.3158091944647096
-3.401,-0.09261771294724913,0.002089957690313421
-3.4005,0.2274875327832301,0.2352160026039969
-3.4,0.3661998059331045,0.4047622170866759
-3.3995,0.3982103305061524,0.5107286011383502
-3.399,0.3982103305061524,0.5743084315693548
-3.3985,0.3768699807907871,0.6166949851900245
-3.398,0.3555296310754218,0.627291623595192
-3.3975,0.3555296310754218,0.6166949851900245
-3.397,0.3875401556484697,0.5955017083796896
-3.3965,0.4942419042252961,0.5213252395435176
-3.396,1.027750647109428,0.2352160026039969
-3.3955,1.038420821967111,-0.3581957480853793
-3.395,0.4515612047945656,-1.025783967610927
-3.3945,0.3555296310754218,-1.216523458903942
-3.394,0.5369226036560266,-0.8668343915334161
-3.3935,0.6756348768059011,-0.4323722169215513
-3.393,0.6969752265212663,-0.1038764263613609
-3.3925,0.6329541773751706,0.05507314971615059
-3.392,0.5369226036560266,0.08686306493165288
-3.3915,0.4302208550792003,0.05507314971615059
-3.391,0.4729015545099309,-0.09327978795619347
-3.3905,0.5369226036560266,-0.252229364033705
-3.39,0.4835717293676135,-0.3052125560595421
-3.3895,0.3982103305061524,-0.3052125560595421
-3.389,0.3341892813600565,-0.3052125560595421
-3.3885,0.2168173579255475,-0.2628260024388724
-3.388,-0.274010685527854,0.09745970333682032
-3.3875,-1.020922925565639,0.8180311148882058
-3.387,-1.629122892453549,1.432636142387917
-3.3865,-2.066600061618538,1.623375633680931
-3.386,-2.045259711903173,1.37965295036208
-3.3855,-1.554431668449771,0.6696781772158616
-3.385,-1.383708870726849,-0.3475991096802118
-3.3845,-0.6047861061160158,-0.4111789401112165
-3.384,-0.1352984123779797,-0.3475991096802118
-3.3835,0.1954770082101822,-0.1144730647665284
-3.383,0.3768699807907871,0.13984625695749
-3.3825,0.3768699807907871,0.2987958330350016
-3.382,0.3555296310754218,0.4471487707073456
-3.3815,0.3235191065023739,0.5849050699745222
-3.381,0.3235191065023739,0.6908714540261965
-3.3805,0.3448594562177392,0.7650479228623686
-3.38,0.3982103305061524,0.7968378380778709
-3.3795,0.5902734779444399,0.55311515475902
-3.379,0.9317190733902845,-0.08268314955102604
-3.3785,1.497238340847464,-0.8244478379127463
-3.378,1.902704985439405,-0.8032545611024114
-3.3775,1.870694460866357,-0.4535654937318862
-3.377,1.593269914566608,-0.07208651114585861
-3.3765,1.241154144263081,0.1822328105781598
-3.376,0.8890383739595538,0.2352160026039969
-3.3755,0.6116138276598051,0.2034260873884947
-3.375,0.4408910299368829,0.1822328105781598
-3.3745,0.3875401556484697,0.06566978812131802
-3.374,0.4835717293676135,-0.1038764263613609
-3.3735,0.4729015545099309,-0.2204394488182027
-3.373,0.408880505363835,-0.2840192792492073
-3.3725,0.3235191065023739,-0.3370024712750445
-3.372,0.2701682322139607,-0.3687923864905467
-3.3715,-0.08194753808956648,-0.1356663415768632
-3.371,-0.839529952985034,0.4789386859228479
-3.3705,-1.565101843307454,1.072350436612224
-3.37,-2.162631635337682,1.25249328950007
-3.3695,-2.536087755356574,0.6696781772158616
-3.369,-1.959898313041711,0.002089957690313421
-3.3685,-1.052933450138687,-0.2840192792492073
-3.368,-0.3593720843893152,-0.3052125560595421
-3.3675,0.08877525963335578,-0.2098428104130352
-3.367,0.3128489316446912,-0.05089323433552374
-3.3665,0.2488278824985954,-0.02969995752518888
-3.366,0.3768699807907871,0.2352160026039969
-3.3655,-0.3807124341046804,-0.3581957480853793
-3.365,-0.3487019095316325,-0.1886495336027004
-3.3645,-0.156638762093345,0.1080563417419877
-3.364,0.03542438534494258,0.3517790250608387
-3.3635,0.3448594562177392,0.5743084315693548
-3.363,1.006410297394063,0.3305857482505039
-3.3625,1.529248865420512,-0.3899856633008816
-3.362,0.942389248247967,-1.301296566145281
-3.3615,0.3341892813600565,-1.778145294377815
-3.361,0.408880505363835,-1.502632695843462
-3.3605,0.6116138276598051,-0.8032545611024114
-3.36,0.7289857510943143,-0.1462629799820306
-3.3595,0.707645401378949,0.2140227257936621
-3.359,0.6116138276598051,0.3623756634660061
-3.3585,0.4942419042252961,0.383568940276341
-3.358,0.3982103305061524,0.3199891098453364
-3.3575,0.4515612047945656,0.06566978812131802
-3.357,0.4729015545099309,-0.1674562567923655
-3.3565,0.4302208550792003,-0.2946159176543747
-3.356,0.3661998059331045,-0.3687923864905467
-3.3555,0.291508581929326,-0.4323722169215513
-3.355,0.01408403562957729,-0.4217755785163839
-3.3545,-0.7114878546928423,-0.1144730647665284
-3.354,-1.554431668449771,0.3411823866556712
-3.3535,-2.087940411333903,0.6378882620003594
-3.353,-2.514747405641209,0.457745409112513
-3.3525,-2.03458953704549,-0.07208651114585861
-3.352,-1.170305373573196,-0.3370024712750445
-3.3515,-0.4447334832507763,-0.3899856633008816
-3.351,0.03542438534494258,-0.326405832869877
-3.3505,0.291508581929326,-0.1992461720078678
-3.35,0.3875401556484697,-0.05089323433552374
-3.3495,0.3982103305061524,0.09745970333682032
-3.349,0.3661998059331045,0.2458126410091644
-3.3485,0.3448594562177392,0.3729723018711736
-3.348,0.3341892813600565,0.4789386859228479
-3.3475,0.3341892813600565,0.5743084315693548
-3.347,0.3661998059331045,0.6378882620003594
-3.3465,0.5475927785137094,0.3517790250608387
-3.346,1.059761171682476,-0.1250697031716958
-3.3455,0.5262524287983441,-0.9939940523954253
-3.345,-0.8502001278427167,-2.032464616101834
-3.3445,-0.5834457564006506,-1.258910012524611
-3.344,-0.09261771294724913,-0.4641621321370536
-3.3435,0.3661998059331045,0.1504428953626575
-3.343,0.6649647019482183,0.5849050699745222
-3.3425,0.6542945270905358,0.6696781772158616
-3.342,0.5475927785137094,0.6166949851900245
-3.3415,0.4408910299368829,0.4683420475176805
-3.341,0.4195506802215176,0.2246193641988295
-3.3405,0.4195506802215176,-0.01910331912002144
-3.34,0.3768699807907871,-0.1462629799820306
-3.3395,0.3341892813600565,-0.2416327256285375
-3.339,0.3128489316446912,-0.3158091944647096
-3.3385,0.2594980573562781,-0.3581957480853793
-3.338,-0.1886492866663929,0.01268659609548085
-3.3375,-0.9889124009925911,0.7332580076468663
-3.337,-1.778505340461106,1.37965295036208
-3.3365,-2.461396531352796,1.326669758336243
-3.336,-2.674800028506448,0.309392471440169
-3.3355,-1.863866739322568,-0.2840192792492073
-3.335,-0.9569018764195432,-0.4217755785163839
-3.3345,-0.2633405106701714,-0.326405832869877
-3.334,0.1527963087794516,-0.1568596183871981
-3.3335,0.3555296310754218,0.02328323450064829
-3.333,0.408880505363835,0.1610395337678249
-3.3325,0.3982103305061524,0.2776025562246667
-3.332,0.3661998059331045,0.3729723018711736
-3.3315,0.3448594562177392,0.4365521323021782
-3.331,0.3341892813600565,0.4789386859228479
-3.3305,0.3448594562177392,0.5107286011383502
-3.33,0.5155822539406614,0.4895353243280153
-3.3295,1.059761171682476,0.2140227257936621
-3.329,1.006410297394063,-0.2204394488182027
-3.3285,0.3768699807907871,-0.6972881770507372
-3.328,0.2488278824985954,-0.5277419625680583
-3.3275,0.5369226036560266,-0.1674562567923655
-3.327,0.7716664505250448,-0.01910331912002144
-3.3265,0.7183155762366316,-0.1462629799820306
-3.326,0.707645401378949,-0.1992461720078678
-3.3255,-0.1779791118087102,-1.036380606016095
-3.325,-0.07127736323188383,-0.8138511995075789
-3.3245,0.01408403562957729,-0.7078848154559045
-3.324,0.1741366584948169,-0.6760949002404023
-3.3235,0.3128489316446912,-0.4535654937318862
-3.323,0.3128489316446912,-0.2946159176543747
-3.3225,0.2808384070716433,-0.1674562567923655
-3.322,0.2488278824985954,-0.06148987274069118
-3.3215,-0.2420001609548061,0.07626642652648545
-3.321,-1.223656247861609,0.383568940276341
-3.3205,-2.045259711903173,0.6802748156210291
-3.32,-2.536087755356574,0.8392243916985406
-3.3195,-2.930884225090832,0.5637117931641874
-3.319,-2.354694782775969,0.07626642652648545
-3.3185,-1.373038695869166,-0.02969995752518888
-3.318,-0.5300948821122373,0.06566978812131802
-3.3175,0.02475421048725994,0.1928294489833272
-3.317,0.3128489316446912,0.309392471440169
-3.3165,0.4195506802215176,0.3941655786815084
-3.316,0.4302208550792003,0.4259554938970107
-3.3155,0.3982103305061524,0.4365521323021782
-3.315,0.3661998059331045,0.4259554938970107
-3.3145,0.3448594562177392,0.3941655786815084
-3.314,0.3555296310754218,0.3517790250608387
-3.3135,0.4302208550792003,0.2776025562246667
-3.313,0.9103787236749192,-0.09327978795619347
-3.3125,1.166462920259302,-0.8562377531282487
-3.312,0.3982103305061524,-1.640388995110639
-3.3115,-0.1139580626626144,-1.672178910326141
-3.311,0.2168173579255475,-0.8456411147230812
-3.3105,0.6222840025174878,-0.4641621321370536
-3.31,0.8356874996711408,-0.3475991096802118
-3.3095,0.8356874996711408,-0.3370024712750445
-3.309,0.6969752265212663,-0.3370024712750445
-3.3085,0.5369226036560266,-0.326405832869877
-3.308,0.3235191065023739,-0.3899856633008816
-3.3075,0.3982103305061524,-0.3793890248957141
-3.307,0.2381577076409128,-0.5277419625680583
-3.3065,-0.4767440078238243,-1.05757388282643
-3.306,-0.3166913849585846,-0.6549016234300674
-3.3055,-0.1779791118087102,-0.3687923864905467
-3.305,-0.1032878878049318,-0.01910331912002144
-3.3045,-0.4767440078238243,0.6908714540261965
-3.304,-1.127624674142465,1.263089927905238
-3.3035,-1.83185621474952,1.475022696008586
-3.303,-2.504077230783526,1.051157159801889
-3.3025,-2.461396531352796,0.1504428953626575
-3.302,-1.661133417026597,-0.1780528951975329
-3.3015,-0.7861790786966207,-0.1356663415768632
-3.301,-0.1459685872356623,0.04447651131098315
-3.3005,0.2274875327832301,0.2458126410091644
-3.3,0.3875401556484697,0.4047622170866759
-3.2995,0.4195506802215176,0.5213252395435176
-3.299,0.408880505363835,0.5955017083796896
-3.2985,0.3768699807907871,0.627291623595192
-3.298,0.3555296310754218,0.6378882620003594
-3.2975,0.3555296310754218,0.627291623595192
-3.297,0.3875401556484697,0.5849050699745222
-3.2965,0.8036769750980928,0.3411823866556712
-3.296,1.497238340847464,-0.2946159176543747
-3.2955,1.326515543124542,-1.152943628472937
-3.295,0.5475927785137094,-1.862918401619155
-3.2945,0.291508581929326,-2.021867977696666
-3.294,0.3982103305061524,-1.502632695843462
-3.2935,0.5582629533713921,-0.8562377531282487
-3.293,0.6436243522328531,-0.3687923864905467
-3.2925,0.6222840025174878,-0.09327978795619347
-3.292,0.5582629533713921,-0.05089323433552374
-3.2915,0.4729015545099309,-0.1038764263613609
-3.291,0.5262524287983441,-0.2204394488182027
-3.2905,0.5689331282290746,-0.326405832869877
-3.29,0.5049120790829789,-0.3687923864905467
-3.2895,0.408880505363835,-0.3793890248957141
-3.289,0.3341892813600565,-0.3793890248957141
-3.2885,0.08877525963335578,-0.474758770542221
-3.288,-0.2846808603855366,-0.09327978795619347
-3.2875,-1.703814116457328,-0.4111789401112165
-3.287,-2.109280761049269,-0.3052125560595421
-3.2865,-2.418715831922065,-0.3899856633008816
-3.286,-2.589438629644987,-0.7502713690765743
-3.2855,-1.885207089037933,-0.718481453861072
-3.285,-0.9995825758502737,-0.4535654937318862
-3.2845,-0.3273615598162672,-0.1674562567923655
-3.284,0.09944543449103843,0.09745970333682032
-3.2835,0.3235191065023739,0.2881991946298341
-3.283,0.3982103305061524,0.4365521323021782
-3.2825,0.3982103305061524,0.5213252395435176
-3.282,0.3768699807907871,0.5849050699745222
-3.2815,0.3661998059331045,0.627291623595192
-3.281,0.3555296310754218,0.6378882620003594
-3.2805,0.3661998059331045,0.627291623595192
-3.28,0.4729015545099309,0.5849050699745222
-3.2795,1.091771696255524,0.3517790250608387
-3.279,1.625280439139656,-0.2416327256285375
-3.2785,1.251824319120764,-1.025783967610927
-3.278,0.9210488985326017,-1.301296566145281
-3.2775,0.8890383739595538,-1.025783967610927
-3.277,0.8997085488172365,-0.570128516188728
-3.2765,0.8463576745288233,-0.1992461720078678
-3.276,0.7289857510943143,0.02328323450064829
-3.2755,0.5689331282290746,0.1080563417419877
-3.275,0.4302208550792003,0.05507314971615059
-3.2745,0.3661998059331045,-0.05089323433552374
-3.274,0.3341892813600565,-0.1674562567923655
-3.2735,0.3128489316446912,-0.2416327256285375
-3.273,0.291508581929326,-0.2734226408440398
-3.2725,0.2808384070716433,-0.3052125560595421
-3.272,0.2701682322139607,-0.326405832869877
-3.2715,-0.06060718837420119,-0.1038764263613609
-3.271,-0.7968492535543035,0.4895353243280153
-3.2705,-1.522421143876723,1.093543713422559
-3.27,-2.141291285622316,1.25249328950007
-3.2695,-2.461396531352796,0.4259554938970107
-3.269,-1.810515865034154,-0.1886495336027004
-3.2685,-1.298347471865388,-0.6231117082145651
-3.268,-1.042263275281004,-0.8880276683437509
-3.2675,-0.3807124341046804,-0.4429688553267188
-3.267,-0.007256314085787988,-0.09327978795619347
-3.2665,0.2594980573562781,0.2458126410091644
-3.266,0.3875401556484697,0.4683420475176805
-3.2655,0.3661998059331045,0.5425185163538525
-3.265,0.3448594562177392,0.5743084315693548
-3.2645,0.3341892813600565,0.5849050699745222
-3.264,0.3448594562177392,0.5849050699745222
-3.2635,0.4302208550792003,0.5319218779486851
-3.263,0.974399772821015,0.2564092794143318
-3.2625,1.582599739708926,-0.3687923864905467
-3.262,1.241154144263081,-1.216523458903942
-3.2615,0.7289857510943143,-1.42845622700729
-3.261,0.7716664505250448,-0.9728007755850904
-3.2605,0.8890383739595538,-0.6972881770507372
-3.26,0.9103787236749192,-0.5065486857577234
-3.2595,0.8036769750980928,-0.400582301706049
-3.259,0.6436243522328531,-0.3370024712750445
-3.2585,0.4942419042252961,-0.2946159176543747
-3.258,0.3982103305061524,-0.2734226408440398
-3.2575,0.4729015545099309,-0.3687923864905467
-3.257,0.4835717293676135,-0.400582301706049
-3.2565,0.4195506802215176,-0.3581957480853793
-3.256,0.3448594562177392,-0.2946159176543747
-3.2555,0.2808384070716433,-0.2204394488182027
-3.255,0.04609456020262521,-0.1144730647665284
-3.2545,-0.690147504977477,0.1504428953626575
-3.254,-1.426389570157579,0.3517790250608387
-3.2535,-1.938557963326346,0.2881991946298341
-3.253,-2.3973754822067,0.002089957690313421
-3.2525,-1.959898313041711,-0.1992461720078678
-3.252,-1.1062843244271,-0.1250697031716958
-3.2515,-0.4127229586777283,0.06566978812131802
-3.251,0.04609456020262521,0.2458126410091644
-3.2505,0.291508581929326,0.383568940276341
-3.25,0.2274875327832301,0.3199891098453364
-3.2495,0.2701682322139607,0.4047622170866759
-3.249,-0.4874141826815069,-0.3052125560595421
-3.2485,-0.2633405106701714,-0.05089323433552374
-3.248,-0.08194753808956648,0.1080563417419877
-3.2475,0.1101156093487211,0.2670059178194992
-3.247,0.3235191065023739,0.3941655786815084
-3.2465,0.4835717293676135,0.2352160026039969
-3.246,0.5902734779444399,-0.3581957480853793
-3.2455,0.2488278824985954,-1.205926820498774
-3.245,-0.007256314085787988,-1.682775548731308
-3.2445,0.3448594562177392,-2.074851169722503
-3.244,0.7289857510943143,-1.926498232050159
-3.2435,0.8997085488172365,-1.364876396576285
-3.243,0.8356874996711408,-0.7820612842920766
-3.2425,0.6969752265212663,-0.3793890248957141
-3.242,0.5582629533713921,-0.1356663415768632
-3.2415,0.4515612047945656,-0.06148987274069118
-3.241,0.4302208550792003,-0.1780528951975329
-3.2405,0.4302208550792003,-0.2946159176543747
-3.24,0.3875401556484697,-0.3158091944647096
-3.2395,0.3341892813600565,-0.2946159176543747
-3.239,0.291508581929326,-0.252229364033705
-3.2385,0.1848068333524996,-0.1992461720078678
-3.238,-0.3807124341046804,-0.05089323433552374
-3.2375,-1.180975548430879,0.1610395337678249
-3.237,-1.853196564464885,0.2352160026039969
-3.2365,-2.472066706210478,0.04447651131098315
-3.236,-2.173301810195364,-0.3158091944647096
-3.2355,-1.298347471865388,-0.3158091944647096
-3.235,-0.5300948821122373,-0.1462629799820306
-3.2345,-0.007256314085787988,0.05507314971615059
-3.234,0.2701682322139607,0.2140227257936621
-3.2335,0.3768699807907871,0.3305857482505039
-3.233,0.3982103305061524,0.4153588554918433
-3.2325,0.3768699807907871,0.4683420475176805
-3.232,0.3448594562177392,0.5001319627331828
-3.2315,0.3341892813600565,0.5107286011383502
-3.231,0.3235191065023739,0.5001319627331828
-3.2305,0.3235191065023739,0.4895353243280153
-3.23,0.3555296310754218,0.2776025562246667
-3.2295,0.942389248247967,-0.2310360872233701
-3.229,1.19847344483235,-0.8774310299385835
-3.2285,0.4622313796522482,-1.640388995110639
-3.228,-0.3487019095316325,-2.382153683472359
-3.2275,0.1207857842064037,-1.894708316834657
-3.227,0.4835717293676135,-1.248313374119443
-3.2265,0.6969752265212663,-0.6654982618352349
-3.226,0.7609962756673623,-0.2946159176543747
-3.2255,0.6116138276598051,-0.1356663415768632
-3.225,0.4622313796522482,-0.08268314955102604
-3.2245,0.408880505363835,-0.1144730647665284
-3.224,0.4729015545099309,-0.1992461720078678
-3.2235,0.4515612047945656,-0.2310360872233701
-3.223,0.3875401556484697,-0.2310360872233701
-3.2225,0.3448594562177392,-0.2098428104130352
-3.222,0.291508581929326,-0.1780528951975329
-3.2215,-0.156638762093345,-0.1462629799820306
-3.221,-1.148965023857831,0.03387987290581572
-3.2205,-1.938557963326346,0.1716361721729923
-3.22,-2.247993034199143,0.06566978812131802
-3.2195,-2.376035132491334,-0.2628260024388724
-3.219,-1.799845690176472,-0.400582301706049
-3.2185,-0.9782422261349084,-0.2734226408440398
-3.218,-0.3060212101009019,-0.08268314955102604
-3.2175,0.1207857842064037,0.09745970333682032
-3.217,0.3341892813600565,0.2352160026039969
-3.2165,0.3982103305061524,0.3305857482505039
-3.216,0.3982103305061524,0.3941655786815084
-3.2155,0.3661998059331045,0.4365521323021782
-3.215,0.3448594562177392,0.457745409112513
-3.2145,0.3448594562177392,0.4683420475176805
-3.214,0.3555296310754218,0.457745409112513
-3.2135,0.3982103305061524,0.4365521323021782
-3.213,0.6756348768059011,0.2458126410091644
-3.2125,1.006410297394063,-0.3475991096802118
-3.212,0.7289857510943143,-1.131750351662602
-3.2115,0.2488278824985954,-1.79933857118815
-3.211,0.3982103305061524,-2.244397384205182
-3.2105,0.6863050516635838,-1.820531847998485
-3.21,0.825017324813458,-1.184733543688439
-3.2095,0.6756348768059011,-0.7820612842920766
-3.209,0.6329541773751706,-0.3687923864905467
-3.2085,0.2488278824985954,-0.4217755785163839
-3.208,-0.2953510352432193,-0.8138511995075789
-3.2075,0.1101156093487211,-0.6654982618352349
-3.207,0.3128489316446912,-0.5489352393783931
-3.2065,0.4302208550792003,-0.3475991096802118
-3.206,0.4195506802215176,-0.2310360872233701
-3.2055,0.3341892813600565,-0.1992461720078678
-3.205,0.08877525963335578,-0.1250697031716958
-3.2045,-0.7648387289812555,0.1186529801471552
-3.204,-1.501080794161358,0.2987958330350016
-3.2035,-2.215982509626095,0.2564092794143318
-3.203,-2.845522826229371,-0.2416327256285375
-3.2025,-2.632119329075718,-0.8456411147230812
-3.202,-1.682473766741963,-0.792657922697244
-3.2015,-0.7755089038389382,-0.4429688553267188
-3.201,-0.124628237520297,-0.09327978795619347
-3.2005,0.2381577076409128,0.1822328105781598
-3.2,0.3875401556484697,0.3517790250608387
-3.1995,0.4302208550792003,0.4471487707073456
-3.199,0.3982103305061524,0.4895353243280153
-3.1985,0.3661998059331045,0.5001319627331828
-3.198,0.3448594562177392,0.5001319627331828
-3.1975,0.3555296310754218,0.4789386859228479
-3.197,0.3768699807907871,0.4365521323021782
-3.1965,0.4195506802215176,0.383568940276341
-3.196,0.6542945270905358,0.07626642652648545
-3.1955,0.5582629533713921,-0.5489352393783931
-3.195,0.09944543449103843,-1.0999604364471
-3.1945,0.3555296310754218,-1.555615887869299
-3.194,0.7823366253827275,-1.693372187136476
-3.1935,0.974399772821015,-1.280103289334946
-3.193,0.9103787236749192,-0.8562377531282487
-3.1925,0.7396559259519968,-0.4959520473525559
-3.192,0.5689331282290746,-0.2098428104130352
-3.1915,0.4408910299368829,-0.08268314955102604
-3.191,0.3768699807907871,-0.1780528951975329
-3.1905,0.4729015545099309,-0.1780528951975329
-3.19,0.408880505363835,-0.2098428104130352
-3.1895,-0.1352984123779797,-0.6866915386455698
-3.189,-0.3807124341046804,-0.6972881770507372
-3.1885,-0.4020527838200457,-0.2734226408440398
-3.188,-0.9035510021311299,0.05507314971615059
-3.1875,-1.618452717595867,0.4047622170866759
-3.187,-2.290673733629873,0.5001319627331828
-3.1865,-2.845522826229371,0.3941655786815084
-3.186,-3.154957897102167,0.04447651131098315
-3.1855,-2.365364957633652,-0.1780528951975329
-3.185,-1.319687821580753,-0.1144730647665284
-3.1845,-0.4554036581084589,0.05507314971615059
-3.184,0.08877525963335578,0.2246193641988295
-3.1835,0.3555296310754218,0.3623756634660061
-3.183,0.4408910299368829,0.4365521323021782
-3.1825,0.4302208550792003,0.4789386859228479
-3.182,0.3982103305061524,0.4895353243280153
-3.1815,0.3768699807907871,0.4789386859228479
-3.181,0.3661998059331045,0.4471487707073456
-3.1805,0.3768699807907871,0.4259554938970107
-3.18,0.4835717293676135,0.3411823866556712
-3.1795,0.9530594231056497,-0.06148987274069118
-3.179,1.230483969405398,-0.8350444763179138
-3.1785,0.6436243522328531,-1.640388995110639
-3.178,0.3661998059331045,-1.51322933424863
-3.1775,0.5262524287983441,-0.9728007755850904
-3.177,0.707645401378949,-0.6654982618352349
-3.1765,0.7716664505250448,-0.3793890248957141
-3.176,0.7183155762366316,-0.2734226408440398
-3.1755,0.6116138276598051,-0.2310360872233701
-3.175,0.4942419042252961,-0.1992461720078678
-3.1745,0.4408910299368829,-0.1992461720078678
-3.174,0.4622313796522482,-0.2310360872233701
-3.1735,0.4195506802215176,-0.1886495336027004
-3.173,0.3661998059331045,-0.1356663415768632
-3.1725,0.3235191065023739,-0.09327978795619347
-3.172,0.2808384070716433,-0.04029659593035631
-3.1715,-0.1779791118087102,0.1186529801471552
-3.171,-0.7755089038389382,0.7120647308365314
-3.1705,-2.07727023647622,0.4789386859228479
-3.17,-2.6427895039334,0.5319218779486851
-3.1695,-2.877533350802418,0.6590815388106942
-3.169,-2.418715831922065,0.5425185163538525
-3.1685,-1.405049220442214,0.5001319627331828
-3.168,-0.5621054066852853,0.4153588554918433
-3.1675,-0.01792648894347063,0.3623756634660061
-3.167,0.2701682322139607,0.3623756634660061
-3.1665,0.3875401556484697,0.3941655786815084
-3.166,0.408880505363835,0.4365521323021782
-3.1655,0.3875401556484697,0.4683420475176805
-3.165,0.3661998059331045,0.4789386859228479
-3.1645,0.3661998059331045,0.4789386859228479
-3.164,0.3661998059331045,0.4683420475176805
-3.1635,0.3875401556484697,0.4365521323021782
-3.163,0.8676980242441885,0.2987958330350016
-3.1625,1.454557641416734,-0.1250697031716958
-3.162,1.059761171682476,-0.8562377531282487
-3.1615,0.4515612047945656,-1.629792356705471
-3.161,0.4729015545099309,-1.820531847998485
-3.1605,0.6542945270905358,-1.34368311976595
-3.16,0.7609962756673623,-0.8138511995075789
-3.1595,0.7396559259519968,-0.4429688553267188
-3.159,0.6222840025174878,-0.1992461720078678
-3.1585,0.4942419042252961,-0.08268314955102604
-3.158,0.408880505363835,-0.05089323433552374
-3.1575,0.4729015545099309,-0.1462629799820306
-3.157,0.4835717293676135,-0.1992461720078678
-3.1565,0.4195506802215176,-0.2098428104130352
-3.156,0.3555296310754218,-0.1886495336027004
-3.1555,0.3021787567870086,-0.1568596183871981
-3.155,0.09944543449103843,-0.1462629799820306
-3.1545,-0.572775581542968,-0.1886495336027004
-3.154,-1.373038695869166,-0.252229364033705
-3.1535,-2.03458953704549,-0.4111789401112165
-3.153,-2.418715831922065,-0.792657922697244
-3.1525,-2.07727023647622,-1.078767159636765
-3.152,-1.116954499284783,-0.7290780922662394
-3.1515,-0.7968492535543035,-0.7078848154559045
-3.151,-0.6154562809736985,-0.6443049850249
-3.1505,-0.1352984123779797,-0.1886495336027004
-3.15,0.1314559590640864,0.1186529801471552
-3.1495,0.3341892813600565,0.3729723018711736
-3.149,0.3768699807907871,0.457745409112513
-3.1485,0.3448594562177392,0.4683420475176805
-3.148,0.3341892813600565,0.4471487707073456
-3.1475,0.3341892813600565,0.4259554938970107
-3.147,0.3448594562177392,0.3941655786815084
-3.1465,0.6329541773751706,0.2458126410091644
-3.146,1.123782220828572,-0.2734226408440398
-3.1455,1.315845368266859,-1.0999604364471
-3.145,1.689301488285752,-1.958288147265661
-3.1445,1.902704985439405,-2.360960406662024
-3.144,1.753322537431848,-2.021867977696666
-3.1435,1.433217291701369,-1.269506650929778
-3.143,1.059761171682476,-0.6760949002404023
-3.1425,0.7289857510943143,-0.2840192792492073
-3.142,0.4942419042252961,-0.06148987274069118
-3.1415,0.3555296310754218,0.02328323450064829
-3.141,0.3875401556484697,-0.06148987274069118
-3.1405,0.4302208550792003,-0.1674562567923655
-3.14,0.408880505363835,-0.1886495336027004
-3.1395,0.3555296310754218,-0.1568596183871981
-3.139,0.3235191065023739,-0.1144730647665284
-3.1385,0.2274875327832301,-0.06148987274069118
-3.138,-0.2526703358124887,0.3411823866556712
-3.1375,-0.9462317015618604,0.9769806909657173
-3.137,-1.479740444445993,1.369056311956912
-3.1365,-1.87453691418025,1.411442865577582
-3.136,-1.938557963326346,1.178316820663898
-3.1355,-1.298347471865388,0.775644561267536
-3.135,-0.6154562809736985,0.4153588554918433
-3.1345,-0.09261771294724913,0.2034260873884947
-3.134,0.2061471830678648,0.13984625695749
-3.1335,0.3448594562177392,0.1716361721729923
-3.133,0.2274875327832301,0.1080563417419877
-3.1325,0.2701682322139607,0.2564092794143318
-3.132,-0.5194247072545548,-0.400582301706049
-3.1315,-0.2953510352432193,-0.07208651114585861
-3.131,-0.1032878878049318,0.1716361721729923
-3.1305,0.1207857842064037,0.4047622170866759
-3.13,0.5902734779444399,0.5213252395435176
-3.1295,1.369196242555273,0.07626642652648545
-3.129,1.678631313428069,-0.7714646458869092
-3.1285,1.006410297394063,-1.492036057438295
-3.128,0.4942419042252961,-1.375473034981453
-3.1275,0.4835717293676135,-0.7820612842920766
-3.127,0.5796033030867573,-0.2310360872233701
-3.1265,0.6436243522328531,0.07626642652648545
-3.126,0.6116138276598051,0.2034260873884947
-3.1255,0.5262524287983441,0.2246193641988295
-3.125,0.4408910299368829,0.2140227257936621
-3.1245,0.408880505363835,0.1292496185523226
-3.124,0.4622313796522482,-0.008506680714854012
-3.1235,0.4302208550792003,-0.07208651114585861
-3.123,0.3768699807907871,-0.1356663415768632
-3.1225,0.3341892813600565,-0.1992461720078678
-3.122,0.2808384070716433,-0.2628260024388724
-3.1215,-0.124628237520297,-0.1992461720078678
-3.121,-0.9355615267041777,0.04447651131098315
-3.1205,-1.543761493592088,0.1822328105781598
-3.12,-1.735824641030376,0.04447651131098315
-3.1195,-1.895877263895616,-0.2946159176543747
-3.119,-1.490410619303675,-0.4853554089473885
-3.1185,-0.8181896032696687,-0.4535654937318862
-3.118,-0.2526703358124887,-0.3370024712750445
-3.1175,0.1207857842064037,-0.1992461720078678
-3.117,0.3021787567870086,-0.05089323433552374
-3.1165,0.3661998059331045,0.07626642652648545
-3.116,0.3661998059331045,0.1928294489833272
-3.1155,0.3448594562177392,0.2987958330350016
-3.115,0.3235191065023739,0.3941655786815084
-3.1145,0.3235191065023739,0.4683420475176805
-3.114,0.3341892813600565,0.5425185163538525
-3.1135,0.408880505363835,0.5425185163538525
-3.113,0.707645401378949,0.05507314971615059
-3.1125,0.9210488985326017,-0.5489352393783931
-3.112,-0.2953510352432193,-1.979481424075996
-3.1115,-0.423393133535411,-1.682775548731308
-3.111,-0.01792648894347063,-0.7820612842920766
-3.1105,0.4195506802215176,-0.1674562567923655
-3.11,0.7503261008096795,0.1716361721729923
-3.1095,0.7716664505250448,0.2670059178194992
-3.109,0.6649647019482183,0.2670059178194992
-3.1085,0.5262524287983441,0.2034260873884947
-3.108,0.4195506802215176,0.09745970333682032
-3.1075,0.4729015545099309,-0.06148987274069118
-3.107,0.4729015545099309,-0.1356663415768632
-3.1065,0.4195506802215176,-0.1568596183871981
-3.106,0.3555296310754218,-0.1462629799820306
-3.1055,0.3128489316446912,-0.1462629799820306
-3.105,0.0674349099179905,-0.1038764263613609
-3.1045,-0.6794773301197943,0.02328323450064829
-3.104,-1.501080794161358,0.1504428953626575
-3.1035,-2.130621110764634,0.1186529801471552
-3.103,-2.482736881068161,-0.2416327256285375
-3.1025,-1.949228138184029,-0.5383386009732256
-3.102,-1.1062843244271,-0.4641621321370536
-3.1015,-0.391382608962363,-0.252229364033705
-3.101,0.0674349099179905,-0.04029659593035631
-3.1005,0.3021787567870086,0.1292496185523226
-3.1,0.3875401556484697,0.2458126410091644
-3.0995,0.3982103305061524,0.3199891098453364
-3.099,0.3661998059331045,0.3729723018711736
-3.0985,0.3341892813600565,0.4153588554918433
-3.098,0.3235191065023739,0.4365521323021782
-3.0975,0.3341892813600565,0.4471487707073456
-3.097,0.3448594562177392,0.4471487707073456
-3.0965,0.4942419042252961,0.3729723018711736
-3.096,1.038420821967111,-0.01910331912002144
-3.0955,1.145122570543937,-0.6972881770507372
-3.095,0.7289857510943143,-1.237716735714276
-3.0945,0.6222840025174878,-1.195330182093607
-3.094,0.6756348768059011,-0.718481453861072
-3.0935,0.5902734779444399,-0.3793890248957141
-3.093,0.6436243522328531,0.03387987290581572
-3.0925,-0.124628237520297,-0.4959520473525559
-3.092,-0.1993194615240755,-0.4535654937318862
-3.0915,-0.08194753808956648,-0.3052125560595421
-3.091,0.1207857842064037,-0.252229364033705
-3.0905,0.3555296310754218,-0.1674562567923655
-3.09,0.3982103305061524,-0.1356663415768632
-3.0895,0.3555296310754218,-0.1462629799820306
-3.089,0.3021787567870086,-0.1356663415768632
-3.0885,0.2381577076409128,-0.1356663415768632
-3.088,-0.2526703358124887,0.01268659609548085
-3.0875,-1.116954499284783,0.2352160026039969
-3.087,-1.693143941599645,0.2987958330350016
-3.0865,-2.205312334768412,0.07626642652648545
-3.086,-2.514747405641209,-0.5277419625680583
-3.0855,-1.938557963326346,-0.7396747306714069
-3.085,-1.074273799854052,-0.5595318777835605
-3.0845,-0.3593720843893152,-0.252229364033705
-3.084,0.08877525963335578,0.002089957690313421
-3.0835,0.3235191065023739,0.1928294489833272
-3.083,0.3982103305061524,0.309392471440169
-3.0825,0.3982103305061524,0.383568940276341
-3.082,0.3661998059331045,0.4153588554918433
-3.0815,0.3448594562177392,0.4365521323021782
-3.081,0.3341892813600565,0.4365521323021782
-3.0805,0.3555296310754218,0.4365521323021782
-3.08,0.5689331282290746,0.3623756634660061
-3.0795,1.209143619690033,-0.01910331912002144
-3.079,1.166462920259302,-0.718481453861072
-3.0785,0.2808384070716433,-1.417859588602123
-3.078,-0.04993701351651855,-1.290699927740113
-3.0775,0.2168173579255475,-0.9728007755850904
-3.077,0.5262524287983441,-0.6443049850249
-3.0765,0.707645401378949,-0.4429688553267188
-3.076,0.6969752265212663,-0.3052125560595421
-3.0755,0.6009436528021226,-0.252229364033705
-3.075,0.4835717293676135,-0.252229364033705
-3.0745,0.3235191065023739,-0.3899856633008816
-3.074,0.4942419042252961,-0.4111789401112165
-3.0735,0.4515612047945656,-0.400582301706049
-3.073,-0.2206598112394408,-0.8880276683437509
-3.0725,-0.2526703358124887,-0.7290780922662394
-3.072,-0.124628237520297,-0.4217755785163839
-3.0715,-0.3166913849585846,-0.04029659593035631
-3.071,-0.9782422261349084,0.5955017083796896
-3.0705,-1.735824641030376,1.061753798207057
-3.07,-2.269333383914508,1.210106735879401
-3.0695,-2.621449154218035,0.9134008605347127
-3.069,-2.215982509626095,0.4789386859228479
-3.0685,-1.330357996438436,0.309392471440169
-3.068,-0.5300948821122373,0.3199891098453364
-3.0675,0.01408403562957729,0.383568940276341
-3.067,0.291508581929326,0.457745409112513
-3.0665,0.3982103305061524,0.5107286011383502
-3.066,0.408880505363835,0.5425185163538525
-3.0655,0.3875401556484697,0.5425185163538525
-3.065,0.3555296310754218,0.5213252395435176
-3.0645,0.3448594562177392,0.4895353243280153
-3.064,0.3448594562177392,0.4365521323021782
-3.0635,0.3982103305061524,0.3623756634660061
-3.063,0.8676980242441885,0.1610395337678249
-3.0625,1.401206767128321,-0.3158091944647096
-3.062,0.8783681991018712,-1.089363798041932
-3.0615,0.1314559590640864,-1.47084278062796
-3.061,0.142126133921769,-1.205926820498774
-3.0605,0.3768699807907871,-0.8562377531282487
-3.06,0.5582629533713921,-0.6125150698093976
-3.0595,0.6009436528021226,-0.4429688553267188
-3.059,0.5582629533713921,-0.3158091944647096
-3.0585,0.4835717293676135,-0.2204394488182027
-3.058,0.408880505363835,-0.1674562567923655
-3.0575,0.4408910299368829,-0.1462629799820306
-3.057,0.4302208550792003,-0.1144730647665284
-3.0565,0.3768699807907871,-0.09327978795619347
-3.056,0.3341892813600565,-0.08268314955102604
-3.0555,0.291508581929326,-0.05089323433552374
-3.055,0.04609456020262521,-0.01910331912002144
-3.0545,-0.5941159312583333,0.1186529801471552
-3.054,-1.405049220442214,0.05507314971615059
-3.0535,-2.525417580498891,-0.5913217929990628
-3.053,-2.696140378221814,-0.6654982618352349
-3.0525,-2.525417580498891,-1.036380606016095
-3.052,-1.67180359188428,-0.792657922697244
-3.0515,-0.7328282044082075,-0.3052125560595421
-3.051,-0.1352984123779797,0.04447651131098315
-3.0505,0.1954770082101822,0.2881991946298341
-3.05,0.3448594562177392,0.4365521323021782
-3.0495,0.3875401556484697,0.5107286011383502
-3.049,0.3768699807907871,0.5319218779486851
-3.0485,0.3555296310754218,0.5213252395435176
-3.048,0.3555296310754218,0.5001319627331828
-3.0475,0.3661998059331045,0.4471487707073456
-3.047,0.408880505363835,0.383568940276341
-3.0465,0.5689331282290746,0.2458126410091644
-3.046,0.8997085488172365,-0.08268314955102604
-3.0455,0.7396559259519968,-0.6760949002404023
-3.045,0.3235191065023739,-1.195330182093607
-3.0445,0.3555296310754218,-0.9833974139902578
-3.044,0.5796033030867573,-0.7608680074817418
-3.0435,0.7396559259519968,-0.5383386009732256
-3.043,0.7289857510943143,-0.3793890248957141
-3.0425,0.6222840025174878,-0.2734226408440398
-3.042,0.5049120790829789,-0.2204394488182027
-3.0415,0.408880505363835,-0.1886495336027004
-3.041,0.4195506802215176,-0.252229364033705
-3.0405,0.4622313796522482,-0.3158091944647096
-3.04,0.4302208550792003,-0.2628260024388724
-3.0395,0.3661998059331045,-0.1674562567923655
-3.039,0.3128489316446912,-0.08268314955102604
-3.0385,0.2061471830678648,-0.008506680714854012
-3.038,-0.3807124341046804,0.2458126410091644
-3.0375,-1.1062843244271,0.7120647308365314
-3.037,-1.458400094730627,1.029963882991555
-3.0365,-1.479740444445993,1.00877060618122
-3.036,-1.373038695869166,0.9028042221295453
-3.0355,-0.9248913518464952,0.6802748156210291
-3.035,-0.4447334832507763,0.4683420475176805
-3.0345,-0.2420001609548061,0.1928294489833272
-3.034,-0.5834457564006506,-0.3899856633008816
-3.0335,-0.2206598112394408,-0.1250697031716958
-3.033,-0.007256314085787988,0.07626642652648545
-3.0325,0.1741366584948169,0.2881991946298341
-3.032,0.3128489316446912,0.457745409112513
-3.0315,0.3235191065023739,0.4683420475176805
-3.031,0.3235191065023739,0.457745409112513
-3.0305,0.3341892813600565,0.4259554938970107
-3.03,0.5262524287983441,0.3199891098453364
-3.0295,1.241154144263081,-0.1144730647665284
-3.029,1.51857869056283,-0.9304142219644207
-3.0285,0.825017324813458,-1.703968825541643
-3.028,0.4729015545099309,-1.820531847998485
-3.0275,0.5155822539406614,-1.417859588602123
-3.027,0.6436243522328531,-0.8668343915334161
-3.0265,0.6649647019482183,-0.4429688553267188
-3.026,0.6116138276598051,-0.2098428104130352
-3.0255,0.5369226036560266,-0.08268314955102604
-3.025,0.4515612047945656,-0.04029659593035631
-3.0245,0.4195506802215176,-0.1038764263613609
-3.024,0.5369226036560266,-0.2734226408440398
-3.0235,0.5262524287983441,-0.3158091944647096
-3.023,0.4408910299368829,-0.2416327256285375
-3.0225,0.3555296310754218,-0.1992461720078678
-3.022,0.2808384070716433,-0.1568596183871981
-3.0215,0.01408403562957729,-0.05089323433552374
-3.021,-0.6688071552621118,0.13984625695749
-3.0205,-1.383708870726849,0.2352160026039969
-3.02,-1.970568487899394,0.1928294489833272
-3.0195,-2.525417580498891,0.01268659609548085
-3.019,-2.130621110764634,-0.2840192792492073
-3.0185,-1.223656247861609,-0.2416327256285375
-3.018,-0.4767440078238243,-0.05089323433552374
-3.0175,0.01408403562957729,0.1504428953626575
-3.017,0.2808384070716433,0.309392471440169
-3.0165,0.3768699807907871,0.4259554938970107
-3.016,0.3875401556484697,0.5001319627331828
-3.0155,0.2274875327832301,0.3941655786815084
-3.015,0.291508581929326,0.5107286011383502
-3.0145,-0.4980843575391895,-0.2734226408440398
-3.014,-0.3273615598162672,-0.1038764263613609
-3.0135,-0.06060718837420119,0.05507314971615059
-3.013,0.6649647019482183,0.01268659609548085
-3.0125,1.529248865420512,-0.326405832869877
-3.012,1.134452395686255,-1.089363798041932
-3.0115,0.3875401556484697,-1.47084278062796
-3.011,0.3768699807907871,-1.142346990067769
-3.0105,0.5582629533713921,-0.7290780922662394
-3.01,0.6863050516635838,-0.4217755785163839
-3.0095,0.6863050516635838,-0.2734226408440398
-3.009,0.6116138276598051,-0.2098428104130352
-3.0085,0.5049120790829789,-0.1674562567923655
-3.008,0.4195506802215176,-0.1886495336027004
-3.0075,0.6116138276598051,-0.3899856633008816
-3.007,0.6649647019482183,-0.4641621321370536
-3.0065,0.5689331282290746,-0.3899856633008816
-3.006,0.4408910299368829,-0.2628260024388724
-3.0055,0.3341892813600565,-0.1462629799820306
-3.005,0.142126133921769,0.06566978812131802
-3.0045,-0.5300948821122373,0.6590815388106942
-3.004,-1.180975548430879,1.316073119931075
-3.0035,-1.522421143876723,1.676358825706768
-3.003,-1.927887788468663,1.782325209758442
-3.0025,-2.045259711903173,1.390249588767247
-3.002,-1.437059745015262,0.7544512844572011
-3.0015,-0.7114878546928423,0.2776025562246667
-3.001,-0.156638762093345,0.04447651131098315
-3.0005,0.1741366584948169,0.002089957690313421
-3,0.3341892813600565,0.09745970333682032
-2.9995,0.3768699807907871,0.2458126410091644
-2.999,0.3661998059331045,0.4153588554918433
-2.9985,0.3341892813600565,0.5849050699745222
-2.998,0.3235191065023739,0.7226613692416989
-2.9975,0.3235191065023739,0.8286277532933731
-2.997,0.3448594562177392,0.9028042221295453
-2.9965,0.6009436528021226,0.849821030103708
-2.996,0.942389248247967,0.3411823866556712
-2.9955,0.6116138276598051,-0.1886495336027004
-2.995,-0.007256314085787988,-0.570128516188728
-2.9945,-0.3807124341046804,-1.078767159636765
-2.994,-0.4447334832507763,-0.9939940523954253
-2.9935,0.0674349099179905,-0.3370024712750445
-2.993,0.3661998059331045,0.02328323450064829
-2.9925,0.5582629533713921,0.2564092794143318
-2.992,0.6009436528021226,0.2987958330350016
-2.9915,0.4942419042252961,0.1716361721729923
-2.991,0.5155822539406614,-0.04029659593035631
-2.9905,0.5902734779444399,-0.2734226408440398
-2.99,0.5262524287983441,-0.3793890248957141
-2.9895,0.4302208550792003,-0.4323722169215513
-2.989,0.3448594562177392,-0.4641621321370536
-2.9885,0.2274875327832301,-0.474758770542221
-2.988,-0.4127229586777283,-0.2628260024388724
-2.9875,-1.405049220442214,0.09745970333682032
-2.987,-2.130621110764634,0.3199891098453364
-2.9865,-2.429386006779747,0.2987958330350016
-2.986,-2.60010880450267,0.03387987290581572
-2.9855,-2.098610586191586,-0.3475991096802118
-2.985,-1.223656247861609,-0.4535654937318862
-2.9845,-0.4660738329661415,-0.3687923864905467
-2.984,0.03542438534494258,-0.2098428104130352
-2.9835,0.291508581929326,-0.02969995752518888
-2.983,0.3982103305061524,0.1504428953626575
-2.9825,0.3982103305061524,0.309392471440169
-2.982,0.3768699807907871,0.4471487707073456
-2.9815,0.3555296310754218,0.5637117931641874
-2.981,0.3448594562177392,0.6590815388106942
-2.9805,0.3555296310754218,0.7332580076468663
-2.98,0.5369226036560266,0.7438546460520338
-2.9795,1.187803269974668,0.5319218779486851
-2.979,1.283834843693812,-0.008506680714854012
-2.9785,0.408880505363835,-0.6866915386455698
-2.978,0.03542438534494258,-1.131750351662602
-2.9775,0.2488278824985954,-0.8456411147230812
-2.977,0.5369226036560266,-0.2946159176543747
-2.9765,0.6756348768059011,0.1504428953626575
-2.976,0.5796033030867573,0.2987958330350016
-2.9755,0.4835717293676135,0.3411823866556712
-2.975,0.3128489316446912,0.2034260873884947
-2.9745,-0.3807124341046804,-0.474758770542221
-2.974,-0.08194753808956648,-0.1038764263613609
-2.9735,0.07810508477567314,-0.06148987274069118
-2.973,0.2168173579255475,-0.1250697031716958
-2.9725,0.291508581929326,-0.2204394488182027
-2.972,0.2594980573562781,-0.3793890248957141
-2.9715,-0.09261771294724913,-0.3052125560595421
-2.971,-0.807519428411986,0.07626642652648545
-2.9705,-1.116954499284783,0.3517790250608387
-2.97,-1.383708870726849,0.3411823866556712
-2.9695,-1.853196564464885,-0.008506680714854012
-2.969,-1.597112367880501,-0.3793890248957141
-2.9685,-0.9462317015618604,-0.474758770542221
-2.968,-0.3487019095316325,-0.3899856633008816
-2.9675,0.05676473506030786,-0.252229364033705
-2.967,0.2701682322139607,-0.07208651114585861
-2.9665,0.3661998059331045,0.09745970333682032
-2.966,0.3768699807907871,0.2564092794143318
-2.9655,0.3555296310754218,0.3941655786815084
-2.965,0.3341892813600565,0.5213252395435176
-2.9645,0.3235191065023739,0.6166949851900245
-2.964,0.3448594562177392,0.6908714540261965
-2.9635,0.408880505363835,0.7438546460520338
-2.963,0.8997085488172365,0.6060983467848571
-2.9625,1.422547116843686,0.1080563417419877
-2.962,0.942389248247967,-0.6231117082145651
-2.9615,0.3448594562177392,-1.216523458903942
-2.961,0.4408910299368829,-1.216523458903942
-2.9605,0.6649647019482183,-0.6866915386455698
-2.96,0.7609962756673623,-0.1356663415768632
-2.9595,0.7183155762366316,0.2034260873884947
-2.959,0.6009436528021226,0.383568940276341
-2.9585,0.4729015545099309,0.383568940276341
-2.958,0.3875401556484697,0.2776025562246667
-2.9575,0.5369226036560266,0.06566978812131802
-2.957,0.5902734779444399,-0.1250697031716958
-2.9565,0.3768699807907871,-0.3793890248957141
-2.956,0.3555296310754218,-0.400582301706049
-2.9555,-0.5194247072545548,-1.248313374119443
-2.955,-0.5194247072545548,-0.9939940523954253
-2.9545,-1.042263275281004,-0.4853554089473885
-2.954,-1.863866739322568,0.1080563417419877
-2.9535,-2.525417580498891,0.5955017083796896
-2.953,-2.898873700517784,0.2670059178194992
-2.9525,-2.344024607918286,-0.3370024712750445
-2.952,-1.383708870726849,-0.5065486857577234
-2.9515,-0.5407650569699201,-0.4429688553267188
-2.951,0.01408403562957729,-0.2840192792492073
-2.9505,0.291508581929326,-0.09327978795619347
-2.95,0.408880505363835,0.07626642652648545
-2.9495,0.4195506802215176,0.2140227257936621
-2.949,0.3875401556484697,0.3305857482505039
-2.9485,0.3448594562177392,0.4259554938970107
-2.948,0.3341892813600565,0.5107286011383502
-2.9475,0.3448594562177392,0.5637117931641874
-2.947,0.3982103305061524,0.6060983467848571
-2.9465,0.7289857510943143,0.5319218779486851
-2.946,1.443887466559051,0.1610395337678249
-2.9455,1.507908515705147,-0.5065486857577234
-2.945,0.6863050516635838,-1.068170521231597
-2.9445,0.4195506802215176,-0.8244478379127463
-2.944,0.5262524287983441,-0.4959520473525559
-2.9435,0.6542945270905358,-0.2098428104130352
-2.943,0.6863050516635838,0.02328323450064829
-2.9425,0.6222840025174878,0.1292496185523226
-2.942,0.5262524287983441,0.1080563417419877
-2.9415,0.4302208550792003,0.04447651131098315
-2.941,0.4408910299368829,-0.07208651114585861
-2.9405,0.4835717293676135,-0.1780528951975329
-2.94,0.4408910299368829,-0.2098428104130352
-2.9395,0.3768699807907871,-0.1992461720078678
-2.939,0.3128489316446912,-0.1992461720078678
-2.9385,0.2594980573562781,-0.1886495336027004
-2.938,-0.06060718837420119,-0.09327978795619347
-2.9375,-0.8288597781273515,0.09745970333682032
-2.937,-1.51175096901904,0.2034260873884947
-2.9365,-2.119950935906951,-0.02969995752518888
-2.936,-2.824182476514005,-0.8456411147230812
-2.9355,-2.07727023647622,-0.7290780922662394
-2.935,-1.191645723288561,-0.5065486857577234
-2.9345,-0.4127229586777283,-0.1886495336027004
-2.934,0.1101156093487211,0.09745970333682032
-2.9335,0.3128489316446912,0.2140227257936621
-2.933,0.3661998059331045,0.2987958330350016
-2.9325,0.3661998059331045,0.3623756634660061
-2.932,0.3448594562177392,0.4153588554918433
-2.9315,0.3235191065023739,0.4471487707073456
-2.931,0.3341892813600565,0.4683420475176805
-2.9305,0.3555296310754218,0.4789386859228479
-2.93,0.5475927785137094,0.4047622170866759
-2.9295,1.241154144263081,-0.09327978795619347
-2.929,1.529248865420512,-0.9410108603695881
-2.9285,0.6863050516635838,-1.809935209593318
-2.928,0.0674349099179905,-2.159624276963843
-2.9275,0.142126133921769,-1.587405803084801
-2.927,0.3982103305061524,-0.8350444763179138
-2.9265,0.5689331282290746,-0.2840192792492073
-2.926,0.6009436528021226,0.04447651131098315
-2.9255,0.5369226036560266,0.1928294489833272
-2.925,0.4622313796522482,0.2246193641988295
-2.9245,0.4408910299368829,0.1186529801471552
-2.924,0.5582629533713921,-0.1144730647665284
-2.9235,0.5369226036560266,-0.2204394488182027
-2.923,0.4515612047945656,-0.2628260024388724
-2.9225,0.3661998059331045,-0.252229364033705
-2.922,0.2808384070716433,-0.2416327256285375
-2.9215,-0.1032878878049318,-0.1038764263613609
-2.921,-0.8502001278427167,0.1716361721729923
-2.9205,-1.533091318734406,0.2881991946298341
-2.92,-2.151961460479999,0.2034260873884947
-2.9195,-2.472066706210478,-0.2204394488182027
-2.919,-1.778505340461106,-0.474758770542221
-2.9185,-0.9142211769888124,-0.3899856633008816
-2.918,-0.3060212101009019,-0.2310360872233701
-2.9175,0.01408403562957729,-0.1144730647665284
-2.917,0.2488278824985954,0.08686306493165288
-2.9165,-0.3700422592469978,-0.474758770542221
-2.916,-0.2099896363817582,-0.2204394488182027
-2.9155,-0.03926683865883591,0.02328323450064829
-2.915,0.1314559590640864,0.2564092794143318
-2.9145,0.2808384070716433,0.4471487707073456
-2.914,0.3235191065023739,0.4895353243280153
-2.9135,0.408880505363835,0.457745409112513
-2.913,0.8676980242441885,0.09745970333682032
-2.9125,1.475897991132099,-0.7502713690765743
-2.912,1.305175193409177,-1.714565463946811
-2.9115,0.6009436528021226,-2.445733513903364
-2.911,0.4942419042252961,-2.339767129851689
-2.9105,0.6116138276598051,-1.47084278062796
-2.91,0.6969752265212663,-0.7078848154559045
-2.9095,0.6969752265212663,-0.1568596183871981
-2.909,0.6116138276598051,0.1504428953626575
-2.9085,0.5049120790829789,0.1928294489833272
-2.908,0.4195506802215176,0.1292496185523226
-2.9075,0.4942419042252961,0.002089957690313421
-2.907,0.4942419042252961,-0.09327978795619347
-2.9065,0.4302208550792003,-0.1674562567923655
-2.906,0.3661998059331045,-0.2098428104130352
-2.9055,0.3021787567870086,-0.2310360872233701
-2.905,0.1634664836371343,-0.326405832869877
-2.9045,-0.4447334832507763,-0.7078848154559045
-2.904,-1.202315898146244,-1.163540266878104
-2.9035,-1.778505340461106,-1.576809164679634
-2.903,-2.098610586191586,-1.852321763213987
-2.9025,-1.639793067311232,-1.555615887869299
-2.902,-0.9142211769888124,-0.9622041371799229
-2.9015,-0.3060212101009019,-0.4111789401112165
-2.901,0.08877525963335578,-0.01910331912002144
-2.9005,0.291508581929326,0.2140227257936621
-2.9,0.3661998059331045,0.3411823866556712
-2.8995,0.3661998059331045,0.4047622170866759
-2.899,0.3448594562177392,0.4365521323021782
-2.8985,0.3235191065023739,0.4471487707073456
-2.898,0.2808384070716433,0.4259554938970107
-2.8975,0.2061471830678648,0.3411823866556712
-2.897,0.2808384070716433,0.3941655786815084
-2.8965,-0.2633405106701714,-0.2628260024388724
-2.896,0.1741366584948169,-0.5171453241628908
-2.8955,0.4302208550792003,-0.8880276683437509
-2.895,-0.07127736323188383,-1.258910012524611
-2.8945,0.08877525963335578,-0.7502713690765743
-2.894,0.4195506802215176,-0.3052125560595421
-2.8935,0.6436243522328531,-0.08268314955102604
-2.893,0.6969752265212663,-0.01910331912002144
-2.8925,0.6329541773751706,0.06566978812131802
-2.892,0.5155822539406614,0.13984625695749
-2.8915,0.4195506802215176,0.1292496185523226
-2.891,0.4195506802215176,-0.04029659593035631
-2.8905,0.4729015545099309,-0.252229364033705
-2.89,0.4302208550792003,-0.2840192792492073
-2.8895,0.3555296310754218,-0.252229364033705
-2.889,0.3021787567870086,-0.1992461720078678
-2.8885,0.1954770082101822,-0.1356663415768632
-2.888,-0.3700422592469978,0.002089957690313421
-2.8875,-1.127624674142465,0.1610395337678249
-2.887,-1.735824641030376,0.2034260873884947
-2.8865,-2.119950935906951,0.1080563417419877
-2.886,-2.333354433060604,0.09745970333682032
-2.8855,-1.746494815888059,0.09745970333682032
-2.885,-0.9355615267041777,0.1186529801471552
-2.8845,-0.2846808603855366,0.1716361721729923
-2.884,0.1101156093487211,0.2246193641988295
-2.8835,0.3128489316446912,0.2776025562246667
-2.883,0.3768699807907871,0.3305857482505039
-2.8825,0.3768699807907871,0.3729723018711736
-2.882,0.3448594562177392,0.4153588554918433
-2.8815,0.3235191065023739,0.4365521323021782
-2.881,0.3235191065023739,0.4471487707073456
-2.8805,0.3448594562177392,0.4471487707073456
-2.88,0.5262524287983441,0.3729723018711736
-2.8795,1.145122570543937,0.02328323450064829
-2.879,1.123782220828572,-0.6337083466197325
-2.8785,0.2168173579255475,-1.248313374119443
-2.878,-0.06060718837420119,-0.9516074987747555
-2.8775,0.142126133921769,-0.6231117082145651
-2.877,0.5369226036560266,-0.3158091944647096
-2.8765,0.1741366584948169,-0.8350444763179138
-2.876,-0.02859666380115328,-1.046977244421262
-2.8755,0.07810508477567314,-0.8032545611024114
-2.875,0.142126133921769,-0.5807251545938954
-2.8745,0.3021787567870086,-0.3793890248957141
-2.874,0.5262524287983441,-0.3370024712750445
-2.8735,0.5049120790829789,-0.3052125560595421
-2.873,0.4302208550792003,-0.2204394488182027
-2.8725,0.3448594562177392,-0.1038764263613609
-2.872,0.2808384070716433,0.002089957690313421
-2.8715,0.0674349099179905,0.13984625695749
-2.871,-0.7434983792658902,0.4365521323021782
-2.8705,-1.629122892453549,0.7120647308365314
-2.87,-2.376035132491334,0.7544512844572011
-2.8695,-2.632119329075718,0.309392471440169
-2.869,-1.917217613610981,0.06566978812131802
-2.8685,-1.020922925565639,0.1080563417419877
-2.868,-0.3166913849585846,0.2564092794143318
-2.8675,0.1207857842064037,0.4047622170866759
-2.867,0.3341892813600565,0.5107286011383502
-2.8665,0.3982103305061524,0.5637117931641874
-2.866,0.3875401556484697,0.5743084315693548
-2.8655,0.3555296310754218,0.5637117931641874
-2.865,0.3235191065023739,0.5319218779486851
-2.8645,0.3128489316446912,0.4789386859228479
-2.864,0.3235191065023739,0.4153588554918433
-2.8635,0.4302208550792003,0.309392471440169
-2.863,1.017080472251745,-0.1886495336027004
-2.8625,1.315845368266859,-1.036380606016095
-2.862,0.4729015545099309,-1.79933857118815
-2.8615,-0.2206598112394408,-1.79933857118815
-2.861,-0.07127736323188383,-1.216523458903942
-2.8605,0.291508581929326,-0.7502713690765743
-2.86,0.5582629533713921,-0.5277419625680583
-2.8595,0.6329541773751706,-0.3475991096802118
-2.859,0.5689331282290746,-0.2628260024388724
-2.8585,0.4195506802215176,-0.3158091944647096
-2.858,0.3235191065023739,-0.3370024712750445
-2.8575,0.4835717293676135,-0.3475991096802118
-2.857,0.3768699807907871,-0.474758770542221
-2.8565,-0.3380317346739499,-1.046977244421262
-2.856,-0.1673089369510276,-0.7078848154559045
-2.8555,-0.03926683865883591,-0.4217755785163839
-2.855,-0.1139580626626144,0.03387987290581572
-2.8545,-0.7648387289812555,0.8074344764830383
-2.854,-1.67180359188428,1.496215972818921
-2.8535,-2.514747405641209,1.941274785835954
-2.853,-3.261659645678994,1.676358825706768
-2.8525,-2.973564924521563,0.5955017083796896
-2.852,-1.885207089037933,0.02328323450064829
-2.8515,-0.8715404775580819,-0.1038764263613609
-2.851,-0.156638762093345,0.01268659609548085
-2.8505,0.2381577076409128,0.2034260873884947
-2.85,0.3982103305061524,0.4047622170866759
-2.8495,0.4302208550792003,0.5849050699745222
-2.849,0.3982103305061524,0.7226613692416989
-2.8485,0.3661998059331045,0.8286277532933731
-2.848,0.3448594562177392,0.8922075837243778
-2.8475,0.3235191065023739,0.92399749893988
-2.847,0.3341892813600565,0.92399749893988
-2.8465,0.5796033030867573,0.849821030103708
-2.846,1.262494493978446,0.5425185163538525
-2.8455,1.454557641416734,-0.1250697031716958
-2.845,0.8143471499557753,-0.9728007755850904
-2.8445,0.4942419042252961,-1.481439419033127
-2.844,0.5582629533713921,-1.163540266878104
-2.8435,0.6649647019482183,-0.6337083466197325
-2.843,0.6756348768059011,-0.1674562567923655
-2.8425,0.5902734779444399,0.08686306493165288
-2.842,0.4835717293676135,0.1080563417419877
-2.8415,0.3875401556484697,0.01268659609548085
-2.841,0.3982103305061524,-0.1568596183871981
-2.8405,0.4408910299368829,-0.3475991096802118
-2.84,0.408880505363835,-0.4641621321370536
-2.8395,0.3555296310754218,-0.5277419625680583
-2.839,0.2701682322139607,-0.5913217929990628
-2.8385,0.1207857842064037,-0.6654982618352349
-2.838,-0.3060212101009019,-0.5913217929990628
-2.8375,-1.522421143876723,-0.8668343915334161
-2.837,-2.365364957633652,-1.046977244421262
-2.8365,-2.60010880450267,-0.9092209451540858
-2.836,-2.80284212679864,-1.089363798041932
-2.8355,-2.141291285622316,-1.004590690800593
-2.835,-1.202315898146244,-0.6549016234300674
-2.8345,-0.4554036581084589,-0.2840192792492073
-2.834,0.03542438534494258,0.04447651131098315
-2.8335,0.291508581929326,0.2881991946298341
-2.833,0.3875401556484697,0.4683420475176805
-2.8325,0.3982103305061524,0.5955017083796896
-2.832,0.3768699807907871,0.6802748156210291
-2.8315,0.3555296310754218,0.7332580076468663
-2.831,0.3448594562177392,0.7650479228623686
-2.8305,0.3448594562177392,0.775644561267536
-2.83,0.4835717293676135,0.7332580076468663
-2.8295,1.070431346540159,0.457745409112513
-2.829,1.091771696255524,-0.1886495336027004
-2.8285,0.291508581929326,-0.9833974139902578
-2.828,-0.03926683865883591,-1.004590690800593
-2.8275,0.2061471830678648,-0.6443049850249
-2.827,0.4942419042252961,-0.3052125560595421
-2.8265,0.6542945270905358,-0.07208651114585861
-2.826,0.6436243522328531,0.04447651131098315
-2.8255,0.5689331282290746,0.05507314971615059
-2.825,0.4835717293676135,-0.05089323433552374
-2.8245,0.4408910299368829,-0.2098428104130352
-2.824,0.4942419042252961,-0.4217755785163839
-2.8235,0.4622313796522482,-0.4853554089473885
-2.823,0.3982103305061524,-0.4641621321370536
-2.8225,0.3341892813600565,-0.4217755785163839
-2.822,0.2701682322139607,-0.3581957480853793
-2.8215,-0.02859666380115328,-0.1462629799820306
-2.821,-0.7008176798351597,0.3305857482505039
-2.8205,-1.373038695869166,0.7438546460520338
-2.82,-1.714484291315011,0.849821030103708
-2.8195,-1.981238662757077,0.6590815388106942
-2.819,-1.426389570157579,0.5637117931641874
-2.8185,-1.298347471865388,-0.1356663415768632
-2.818,-0.9035510021311299,-0.3687923864905467
-2.8175,-0.3487019095316325,-0.1568596183871981
-2.817,0.00341386077189465,0.05507314971615059
-2.8165,0.2594980573562781,0.3305857482505039
-2.816,0.3555296310754218,0.5001319627331828
-2.8155,0.3341892813600565,0.5743084315693548
-2.815,0.3235191065023739,0.627291623595192
-2.8145,0.3128489316446912,0.6590815388106942
-2.814,0.3341892813600565,0.6590815388106942
-2.8135,0.3768699807907871,0.6484849004055269
-2.813,0.6649647019482183,0.5001319627331828
-2.8125,1.113112045970889,0.002089957690313421
-2.812,0.7716664505250448,-0.8350444763179138
-2.8115,0.2808384070716433,-1.301296566145281
-2.811,0.3661998059331045,-1.036380606016095
-2.8105,0.5902734779444399,-0.6443049850249
-2.81,0.7183155762366316,-0.3370024712750445
-2.8095,0.707645401378949,-0.1568596183871981
-2.809,0.6009436528021226,-0.05089323433552374
-2.8085,0.4729015545099309,-0.02969995752518888
-2.808,0.3875401556484697,-0.04029659593035631
-2.8075,0.5049120790829789,0.1504428953626575
-2.807,0.5475927785137094,0.1928294489833272
-2.8065,0.4835717293676135,0.07626642652648545
-2.806,0.3982103305061524,-0.07208651114585861
-2.8055,0.3128489316446912,-0.1674562567923655
-2.805,0.2061471830678648,-0.1886495336027004
-2.8045,-0.3380317346739499,0.07626642652648545
-2.804,-1.095614149569417,0.4683420475176805
-2.8035,-1.533091318734406,0.6696781772158616
-2.803,-1.799845690176472,0.8180311148882058
-2.8025,-1.799845690176472,0.9345941373450475
-2.802,-1.191645723288561,0.7226613692416989
-2.8015,-0.5514352318276028,0.457745409112513
-2.801,-0.07127736323188383,0.2776025562246667
-2.8005,0.2061471830678648,0.2034260873884947
-2.8,0.3128489316446912,0.1928294489833272
-2.7995,0.2381577076409128,0.1610395337678249
-2.799,0.1741366584948169,0.2034260873884947
-2.7985,-0.5300948821122373,-0.3899856633008816
-2.798,-0.274010685527854,-0.04029659593035631
-2.7975,-0.08194753808956648,0.2034260873884947
-2.797,0.1314559590640864,0.4259554938970107
-2.7965,0.6116138276598051,0.5425185163538525
-2.796,1.422547116843686,0.2140227257936621
-2.7955,1.614610264281974,-0.5171453241628908
-2.795,0.8997085488172365,-1.142346990067769
-2.7945,0.7289857510943143,-0.8244478379127463
-2.794,0.79300680024041,-0.4217755785163839
-2.7935,0.825017324813458,-0.2098428104130352
-2.793,0.7396559259519968,-0.1250697031716958
-2.7925,0.6222840025174878,-0.08268314955102604
-2.792,0.5049120790829789,-0.09327978795619347
-2.7915,0.408880505363835,-0.1356663415768632
-2.791,0.4835717293676135,-0.2310360872233701
-2.7905,0.6649647019482183,-0.3793890248957141
-2.79,0.6222840025174878,-0.3899856633008816
-2.7895,0.5049120790829789,-0.3370024712750445
-2.789,0.3875401556484697,-0.2628260024388724
-2.7885,0.291508581929326,-0.1886495336027004
-2.788,-0.04993701351651855,-0.08268314955102604
-2.7875,-0.7861790786966207,0.1504428953626575
-2.787,-1.543761493592088,0.3411823866556712
-2.7865,-2.002579012472442,0.5213252395435176
-2.786,-2.322684258202921,0.6908714540261965
-2.7855,-1.87453691418025,0.5319218779486851
-2.785,-1.074273799854052,0.3941655786815084
-2.7845,-0.4020527838200457,0.3305857482505039
-2.784,0.04609456020262521,0.3305857482505039
-2.7835,0.2808384070716433,0.3623756634660061
-2.783,0.3661998059331045,0.4047622170866759
-2.7825,0.3768699807907871,0.457745409112513
-2.782,0.3555296310754218,0.4895353243280153
-2.7815,0.3235191065023739,0.5213252395435176
-2.781,0.3128489316446912,0.5213252395435176
-2.7805,0.3235191065023739,0.5107286011383502
-2.78,0.4195506802215176,0.3941655786815084
-2.7795,0.7823366253827275,-0.02969995752518888
-2.779,0.6436243522328531,-0.570128516188728
-2.7785,-0.2953510352432193,-1.333086481360783
-2.778,-1.30901764672307,-2.021867977696666
-2.7775,-0.8928808272734472,-1.523825972653797
-2.777,-0.2420001609548061,-0.9728007755850904
-2.7765,0.2488278824985954,-0.5913217929990628
-2.776,0.5475927785137094,-0.2946159176543747
-2.7755,0.5582629533713921,-0.1780528951975329
-2.775,0.4729015545099309,-0.1674562567923655
-2.7745,0.4302208550792003,-0.1992461720078678
-2.774,0.4942419042252961,-0.2946159176543747
-2.7735,0.4622313796522482,-0.2946159176543747
-2.773,0.3982103305061524,-0.2416327256285375
-2.7725,0.3341892813600565,-0.1780528951975329
-2.772,0.291508581929326,-0.1144730647665284
-2.7715,0.00341386077189465,0.1080563417419877
-2.771,-0.8822106524157645,0.6590815388106942
-2.7705,-1.885207089037933,1.125333628638062
-2.77,-2.706810553079496,1.316073119931075
-2.7695,-3.197638596532898,0.8604176685088755
-2.769,-2.482736881068161,0.2034260873884947
-2.7685,-1.394379045584531,-0.008506680714854012
-2.768,-0.5300948821122373,0.02328323450064829
-2.7675,0.02475421048725994,0.13984625695749
-2.767,0.3128489316446912,0.2776025562246667
-2.7665,0.408880505363835,0.383568940276341
-2.766,0.4195506802215176,0.457745409112513
-2.7655,0.3768699807907871,0.4895353243280153
-2.765,0.3448594562177392,0.5107286011383502
-2.7645,0.3341892813600565,0.5001319627331828
-2.764,0.3341892813600565,0.4789386859228479
-2.7635,0.408880505363835,0.4365521323021782
-2.763,0.942389248247967,0.2140227257936621
-2.7625,1.411876941986003,-0.3899856633008816
-2.762,0.9637295979633325,-1.142346990067769
-2.7615,0.4515612047945656,-1.417859588602123
-2.761,0.5689331282290746,-1.078767159636765
-2.7605,0.7503261008096795,-0.6866915386455698
-2.76,0.8143471499557753,-0.3793890248957141
-2.7595,0.6222840025174878,-0.2946159176543747
-2.759,0.5262524287983441,-0.1674562567923655
-2.7585,0.3021787567870086,-0.2416327256285375
-2.758,-0.4020527838200457,-0.8880276683437509
-2.7575,0.02475421048725994,-0.8986243067489184
-2.757,0.3235191065023739,-0.9198175835592532
-2.7565,0.4302208550792003,-0.6760949002404023
-2.756,0.4408910299368829,-0.4217755785163839
-2.7555,0.3448594562177392,-0.2946159176543747
-2.755,0.1207857842064037,-0.1250697031716958
-2.7545,-0.7008176798351597,0.4365521323021782
-2.754,-1.725154466172693,1.146526905448396
-2.7535,-2.322684258202921,1.559795803249926
-2.753,-2.770831602225592,1.33726639674141
-2.7525,-2.514747405641209,0.4789386859228479
-2.752,-1.607782542738184,0.05507314971615059
-2.7515,-0.722158029550525,-0.02969995752518888
-2.751,-0.1032878878049318,0.06566978812131802
-2.7505,0.2381577076409128,0.2034260873884947
-2.75,0.3768699807907871,0.3411823866556712
-2.7495,0.408880505363835,0.4471487707073456
-2.749,0.3875401556484697,0.5107286011383502
-2.7485,0.3555296310754218,0.55311515475902
-2.748,0.3235191065023739,0.5743084315693548
-2.7475,0.3235191065023739,0.5637117931641874
-2.747,0.3448594562177392,0.5425185163538525
-2.7465,0.6756348768059011,0.3729723018711736
-2.746,1.326515543124542,-0.2628260024388724
-2.7455,1.166462920259302,-1.110557074852267
-2.745,0.3448594562177392,-1.608599079895136
-2.7445,0.3021787567870086,-1.227120097309109
-2.744,0.5475927785137094,-0.7502713690765743
-2.7435,0.7289857510943143,-0.3475991096802118
-2.743,0.7609962756673623,-0.1038764263613609
-2.7425,0.6542945270905358,0.002089957690313421
-2.742,0.5155822539406614,0.002089957690313421
-2.7415,0.408880505363835,-0.05089323433552374
-2.741,0.4302208550792003,-0.1674562567923655
-2.7405,0.3982103305061524,-0.4323722169215513
-2.74,0.4408910299368829,-0.3899856633008816
-2.7395,0.142126133921769,-0.5913217929990628
-2.739,-0.423393133535411,-1.046977244421262
-2.7385,-0.2633405106701714,-0.6866915386455698
-2.738,-0.6047861061160158,0.06566978812131802
-2.7375,-1.437059745015262,1.072350436612224
-2.737,-2.162631635337682,1.761131932948107
-2.7365,-2.653459678791083,1.559795803249926
-2.736,-2.973564924521563,0.1928294489833272
-2.7355,-2.344024607918286,-0.6019184314042303
-2.735,-1.351698346153801,-0.6231117082145651
-2.7345,-0.5087545323968721,-0.326405832869877
-2.734,0.03542438534494258,0.03387987290581572
-2.7335,0.3235191065023739,0.3305857482505039
-2.733,0.4195506802215176,0.5425185163538525
-2.7325,0.4195506802215176,0.6696781772158616
-2.732,0.3875401556484697,0.7438546460520338
-2.7315,0.3555296310754218,0.7650479228623686
-2.731,0.3448594562177392,0.7650479228623686
-2.7305,0.3448594562177392,0.7438546460520338
-2.73,0.3982103305061524,0.701468092431364
-2.7295,0.7823366253827275,0.4789386859228479
-2.729,0.9103787236749192,-0.06148987274069118
-2.7285,0.3982103305061524,-0.8138511995075789
-2.728,0.1314559590640864,-1.51322933424863
-2.7275,0.3341892813600565,-1.576809164679634
-2.727,0.6009436528021226,-1.174136905283272
-2.7265,0.6969752265212663,-0.7290780922662394
-2.726,0.6542945270905358,-0.4217755785163839
-2.7255,0.5582629533713921,-0.252229364033705
-2.725,0.4515612047945656,-0.1886495336027004
-2.7245,0.3982103305061524,-0.2204394488182027
-2.724,0.4729015545099309,-0.3475991096802118
-2.7235,0.4515612047945656,-0.400582301706049
-2.723,0.3875401556484697,-0.400582301706049
-2.7225,0.3341892813600565,-0.3899856633008816
-2.722,0.291508581929326,-0.3793890248957141
-2.7215,-0.01792648894347063,-0.3687923864905467
-2.721,-0.6261264558313813,0.01268659609548085
-2.7205,-1.778505340461106,-0.04029659593035631
-2.72,-2.738821077652544,-0.252229364033705
-2.7195,-2.930884225090832,-0.2098428104130352
-2.719,-2.3973754822067,-0.3793890248957141
-2.7185,-1.383708870726849,-0.2628260024388724
-2.718,-0.4980843575391895,-0.05089323433552374
-2.7175,0.01408403562957729,0.08686306493165288
-2.717,0.2701682322139607,0.2352160026039969
-2.7165,0.3768699807907871,0.3623756634660061
-2.716,0.3982103305061524,0.4683420475176805
-2.7155,0.3661998059331045,0.55311515475902
-2.715,0.3448594562177392,0.6166949851900245
-2.7145,0.3448594562177392,0.6590815388106942
-2.714,0.3661998059331045,0.6696781772158616
-2.7135,0.4195506802215176,0.6484849004055269
-2.713,0.9103787236749192,0.4789386859228479
-2.7125,1.56125938999356,-0.02969995752518888
-2.712,1.241154144263081,-0.8668343915334161
-2.7115,0.3982103305061524,-1.566212526274467
-2.711,0.2381577076409128,-1.51322933424863
-2.7105,0.3982103305061524,-0.9728007755850904
-2.71,0.5796033030867573,-0.3793890248957141
-2.7095,0.6329541773751706,-0.02969995752518888
-2.709,0.5902734779444399,0.1080563417419877
-2.7085,0.4942419042252961,0.1610395337678249
-2.708,0.408880505363835,0.1504428953626575
-2.7075,0.5155822539406614,-0.008506680714854012
-2.707,0.5475927785137094,-0.1356663415768632
-2.7065,0.4835717293676135,-0.1992461720078678
-2.706,0.3875401556484697,-0.252229364033705
-2.7055,0.3021787567870086,-0.2840192792492073
-2.705,0.1848068333524996,-0.2840192792492073
-2.7045,-0.3380317346739499,0.1610395337678249
-2.704,-1.127624674142465,0.8604176685088755
-2.7035,-1.693143941599645,1.273686566310405
-2.703,-2.03458953704549,0.7544512844572011
-2.7025,-2.03458953704549,-0.2310360872233701
-2.702,-1.26633694729234,-0.4853554089473885
-2.7015,-1.074273799854052,-0.9092209451540858
-2.701,-0.6154562809736985,-0.7396747306714069
-2.7005,-0.1352984123779797,-0.3370024712750445
-2.7,0.1741366584948169,0.01268659609548085
-2.6995,0.3555296310754218,0.2881991946298341
-2.699,0.3661998059331045,0.3941655786815084
-2.6985,0.3341892813600565,0.4471487707073456
-2.698,0.3235191065023739,0.4789386859228479
-2.6975,0.3341892813600565,0.4895353243280153
-2.697,0.3875401556484697,0.4789386859228479
-2.6965,0.7289857510943143,0.3199891098453364
-2.696,1.401206767128321,-0.2840192792492073
-2.6955,1.262494493978446,-1.078767159636765
-2.695,0.3341892813600565,-1.661582271920973
-2.6945,0.05676473506030786,-1.301296566145281
-2.694,0.2274875327832301,-0.718481453861072
-2.6935,0.4729015545099309,-0.2098428104130352
-2.693,0.6116138276598051,0.1186529801471552
-2.6925,0.6116138276598051,0.2670059178194992
-2.692,0.5475927785137094,0.2776025562246667
-2.6915,0.4515612047945656,0.2034260873884947
-2.691,0.4515612047945656,0.06566978812131802
-2.6905,0.5049120790829789,-0.07208651114585861
-2.69,0.4515612047945656,-0.1462629799820306
-2.6895,0.3768699807907871,-0.1780528951975329
-2.689,0.3128489316446912,-0.2098428104130352
-2.6885,0.2594980573562781,-0.1992461720078678
-2.688,-0.07127736323188383,0.1610395337678249
-2.6875,-0.8181896032696687,0.8710143069140429
-2.687,-1.565101843307454,1.496215972818921
-2.6865,-2.183971985053047,1.432636142387917
-2.686,-2.312014083345239,0.5107286011383502
-2.6855,-1.501080794161358,-0.05089323433552374
-2.685,-0.722158029550525,-0.2098428104130352
-2.6845,-0.1459685872356623,-0.1462629799820306
-2.684,0.04609456020262521,-0.1356663415768632
-2.6835,0.291508581929326,0.1080563417419877
-2.683,-0.423393133535411,-0.5065486857577234
-2.6825,-0.2526703358124887,-0.1992461720078678
-2.682,-0.08194753808956648,0.07626642652648545
-2.6815,0.08877525963335578,0.3199891098453364
-2.681,0.291508581929326,0.5425185163538525
-2.6805,0.3661998059331045,0.5955017083796896
-2.68,0.5689331282290746,0.5319218779486851
-2.6795,1.273164668836129,0.1292496185523226
-2.679,1.571929564851243,-0.6443049850249
-2.6785,0.7823366253827275,-1.566212526274467
-2.678,0.01408403562957729,-2.223204107394847
-2.6775,0.0674349099179905,-2.032464616101834
-2.677,0.3555296310754218,-1.280103289334946
-2.6765,0.5796033030867573,-0.5807251545938954
-2.676,0.6329541773751706,-0.1674562567923655
-2.6755,0.5689331282290746,0.05507314971615059
-2.675,0.4729015545099309,0.1186529801471552
-2.6745,0.4408910299368829,0.06566978812131802
-2.674,0.5475927785137094,-0.1038764263613609
-2.6735,0.5262524287983441,-0.2098428104130352
-2.673,0.4408910299368829,-0.2628260024388724
-2.6725,0.3555296310754218,-0.3158091944647096
-2.672,0.291508581929326,-0.3475991096802118
-2.6715,0.01408403562957729,-0.2098428104130352
-2.671,-0.7008176798351597,0.1822328105781598
-2.6705,-1.383708870726849,0.4895353243280153
-2.67,-1.906547438753298,0.5425185163538525
-2.6695,-2.376035132491334,0.6060983467848571
-2.669,-2.023919362187807,0.5319218779486851
-2.6685,-1.191645723288561,0.2881991946298341
-2.668,-0.4767440078238243,0.08686306493165288
-2.6675,0.00341386077189465,-0.008506680714854012
-2.667,0.2701682322139607,0.002089957690313421
-2.6665,0.3661998059331045,0.07626642652648545
-2.666,0.3875401556484697,0.1822328105781598
-2.6655,0.3661998059331045,0.309392471440169
-2.665,0.3341892813600565,0.4259554938970107
-2.6645,0.291508581929326,0.4895353243280153
-2.664,0.2168173579255475,0.5107286011383502
-2.6635,0.05676473506030786,0.3941655786815084
-2.663,-0.4020527838200457,-0.1992461720078678
-2.6625,-0.2633405106701714,-0.3581957480853793
-2.662,-0.7755089038389382,-0.9516074987747555
-2.6615,-0.9355615267041777,-1.502632695843462
-2.661,-0.3166913849585846,-1.407262950196955
-2.6605,0.2594980573562781,-0.9728007755850904
-2.66,0.5902734779444399,-0.4111789401112165
-2.6595,0.6649647019482183,0.06566978812131802
-2.659,0.6116138276598051,0.3517790250608387
-2.6585,0.5049120790829789,0.4683420475176805
-2.658,0.4195506802215176,0.4259554938970107
-2.6575,0.4835717293676135,0.2670059178194992
-2.657,0.4835717293676135,0.08686306493165288
-2.6565,0.4302208550792003,-0.06148987274069118
-2.656,0.3555296310754218,-0.1992461720078678
-2.6555,0.291508581929326,-0.3052125560595421
-2.655,0.1634664836371343,-0.3370024712750445
-2.6545,-0.4447334832507763,0.07626642652648545
-2.654,-1.362368521011484,0.701468092431364
-2.6535,-2.07727023647622,1.093543713422559
-2.653,-2.632119329075718,0.5637117931641874
-2.6525,-2.568098279929622,-0.3899856633008816
-2.652,-1.650463242168915,-0.6972881770507372
-2.6515,-0.7755089038389382,-0.5807251545938954
-2.651,-0.1459685872356623,-0.3370024712750445
-2.6505,0.2168173579255475,-0.09327978795619347
-2.65,0.3768699807907871,0.09745970333682032
-2.6495,0.408880505363835,0.2352160026039969
-2.649,0.3982103305061524,0.3199891098453364
-2.6485,0.3555296310754218,0.383568940276341
-2.648,0.3341892813600565,0.4259554938970107
-2.6475,0.3341892813600565,0.4471487707073456
-2.647,0.3661998059331045,0.4683420475176805
-2.6465,0.6969752265212663,0.3305857482505039
-2.646,1.251824319120764,-0.2098428104130352
-2.6455,1.006410297394063,-0.8668343915334161
-2.645,0.3448594562177392,-1.258910012524611
-2.6445,0.2274875327832301,-1.110557074852267
-2.644,0.5582629533713921,-0.5277419625680583
-2.6435,0.0674349099179905,-0.718481453861072
-2.643,0.0674349099179905,-0.4323722169215513
-2.6425,0.1954770082101822,-0.1144730647665284
-2.642,0.2488278824985954,0.05507314971615059
-2.6415,0.3341892813600565,0.2034260873884947
-2.641,0.4302208550792003,0.13984625695749
-2.6405,0.4942419042252961,-0.01910331912002144
-2.64,0.4515612047945656,-0.1038764263613609
-2.6395,0.3768699807907871,-0.1462629799820306
-2.639,0.3021787567870086,-0.1674562567923655
-2.6385,0.2168173579255475,-0.1462629799820306
-2.638,-0.3380317346739499,0.2881991946298341
-2.6375,-1.244996597576974,0.9981739677760521
-2.637,-1.970568487899394,1.528005888034424
-2.6365,-2.504077230783526,1.739938656137773
-2.636,-2.941554399948514,1.273686566310405
-2.6355,-2.290673733629873,0.4471487707073456
-2.635,-1.298347471865388,-0.04029659593035631
-2.6345,-0.4767440078238243,-0.2310360872233701
-2.634,0.04609456020262521,-0.2310360872233701
-2.6335,0.3128489316446912,-0.1356663415768632
-2.633,0.408880505363835,0.002089957690313421
-2.6325,0.4195506802215176,0.1504428953626575
-2.632,0.3875401556484697,0.2881991946298341
-2.6315,0.3555296310754218,0.4047622170866759
-2.631,0.3555296310754218,0.5001319627331828
-2.6305,0.3555296310754218,0.5849050699745222
-2.63,0.3875401556484697,0.627291623595192
-2.6295,0.7289857510943143,0.55311515475902
-2.629,0.8356874996711408,0.1610395337678249
-2.6285,0.2061471830678648,-0.4853554089473885
-2.628,-0.02859666380115328,-0.8986243067489184
-2.6275,0.2488278824985954,-0.8562377531282487
-2.627,0.5689331282290746,-0.400582301706049
-2.6265,0.7183155762366316,0.09745970333682032
-2.626,0.6756348768059011,0.4153588554918433
-2.6255,0.5369226036560266,0.5213252395435176
-2.625,0.3235191065023739,0.4047622170866759
-2.6245,0.3982103305061524,0.383568940276341
-2.624,0.1101156093487211,-0.252229364033705
-2.6235,-0.2206598112394408,-0.7502713690765743
-2.623,-0.04993701351651855,-0.6337083466197325
-2.6225,0.05676473506030786,-0.5383386009732256
-2.622,0.1848068333524996,-0.4217755785163839
-2.6215,-0.1993194615240755,-0.3793890248957141
-2.621,-1.116954499284783,-0.3899856633008816
-2.6205,-1.661133417026597,-0.5171453241628908
-2.62,-2.183971985053047,-0.8032545611024114
-2.6195,-2.717480727937179,-1.364876396576285
-2.619,-2.578768454787304,-1.767548655972648
-2.6185,-1.693143941599645,-1.460246142222792
-2.618,-0.7861790786966207,-0.9304142219644207
-2.6175,-0.1352984123779797,-0.4535654937318862
-2.617,0.2274875327832301,-0.1144730647665284
-2.6165,0.3875401556484697,0.09745970333682032
-2.616,0.4302208550792003,0.2246193641988295
-2.6155,0.408880505363835,0.2987958330350016
-2.615,0.3768699807907871,0.3411823866556712
-2.6145,0.3555296310754218,0.3729723018711736
-2.614,0.3555296310754218,0.4047622170866759
-2.6135,0.408880505363835,0.4153588554918433
-2.613,0.6116138276598051,0.2034260873884947
-2.6125,0.7289857510943143,-0.4217755785163839
-2.612,0.142126133921769,-1.195330182093607
-2.6115,-0.3166913849585846,-1.47084278062796
-2.611,-0.007256314085787988,-0.9304142219644207
-2.6105,0.4302208550792003,-0.4853554089473885
-2.61,0.707645401378949,-0.1568596183871981
-2.6095,0.7716664505250448,0.02328323450064829
-2.609,0.6649647019482183,0.09745970333682032
-2.6085,0.5262524287983441,0.1080563417419877
-2.608,0.4195506802215176,0.08686306493165288
-2.6075,0.4302208550792003,0.06566978812131802
-2.607,0.4302208550792003,0.03387987290581572
-2.6065,0.3875401556484697,0.01268659609548085
-2.606,0.3448594562177392,-0.01910331912002144
-2.6055,0.2168173579255475,-0.1250697031716958
-2.605,0.1848068333524996,-0.02969995752518888
-2.6045,-0.3487019095316325,0.3941655786815084
-2.604,-1.821186039891837,0.383568940276341
-2.6035,-2.354694782775969,1.104140351827727
-2.603,-2.866863175944736,1.528005888034424
-2.6025,-2.845522826229371,1.284283204715573
-2.602,-1.949228138184029,0.7650479228623686
-2.6015,-1.010252750707956,0.2776025562246667
-2.601,-0.2846808603855366,0.02328323450064829
-2.6005,0.1527963087794516,-0.05089323433552374
-2.6,0.3661998059331045,0.002089957690313421
-2.5995,0.4302208550792003,0.1080563417419877
-2.599,0.4195506802215176,0.2458126410091644
-2.5985,0.3982103305061524,0.3729723018711736
-2.598,0.3768699807907871,0.4789386859228479
-2.5975,0.3661998059331045,0.55311515475902
-2.597,0.3982103305061524,0.6060983467848571
-2.5965,0.6863050516635838,0.5743084315693548
-2.596,1.273164668836129,0.1928294489833272
-2.5955,1.017080472251745,-0.5171453241628908
-2.595,0.2061471830678648,-1.142346990067769
-2.5945,0.1314559590640864,-0.8774310299385835
-2.594,0.408880505363835,-0.2310360872233701
-2.5935,0.6756348768059011,0.1928294489833272
-2.593,0.7716664505250448,0.3729723018711736
-2.5925,0.707645401378949,0.3729723018711736
-2.592,0.5796033030867573,0.3305857482505039
-2.5915,0.4622313796522482,0.2670059178194992
-2.591,0.4835717293676135,0.13984625695749
-2.5905,0.5475927785137094,-0.008506680714854012
-2.59,0.5049120790829789,-0.09327978795619347
-2.5895,0.4195506802215176,-0.1674562567923655
-2.589,0.3448594562177392,-0.2204394488182027
-2.5885,0.2381577076409128,-0.2734226408440398
-2.588,-0.2953510352432193,-0.2416327256285375
-2.5875,-1.084943974711735,-0.1144730647665284
-2.587,-1.83185621474952,-0.02969995752518888
-2.5865,-2.376035132491334,-0.1886495336027004
-2.586,-2.3973754822067,-0.718481453861072
-2.5855,-1.746494815888059,-0.9728007755850904
-2.585,-0.8502001278427167,-0.7502713690765743
-2.5845,-0.722158029550525,-0.9728007755850904
-2.584,-0.5621054066852853,-0.9304142219644207
-2.5835,-0.1459685872356623,-0.5065486857577234
-2.583,0.07810508477567314,-0.1992461720078678
-2.5825,0.2701682322139607,0.09745970333682032
-2.582,0.3661998059331045,0.2881991946298341
-2.5815,0.3448594562177392,0.3517790250608387
-2.581,0.3448594562177392,0.3941655786815084
-2.5805,0.3555296310754218,0.4259554938970107
-2.58,0.5796033030867573,0.2987958330350016
-2.5795,0.8356874996711408,-0.3052125560595421
-2.579,0.6969752265212663,-1.163540266878104
-2.5785,0.1527963087794516,-1.746355379162313
-2.578,0.05676473506030786,-1.481439419033127
-2.5775,0.3768699807907871,-0.5171453241628908
-2.577,0.6436243522328531,0.1080563417419877
-2.5765,0.707645401378949,0.4047622170866759
-2.576,0.6649647019482183,0.457745409112513
-2.5755,0.6009436528021226,0.4471487707073456
-2.575,0.4942419042252961,0.3941655786815084
-2.5745,0.4515612047945656,0.2776025562246667
-2.574,0.4942419042252961,0.07626642652648545
-2.5735,0.4729015545099309,-0.04029659593035631
-2.573,0.408880505363835,-0.1038764263613609
-2.5725,0.3448594562177392,-0.1568596183871981
-2.572,0.2808384070716433,-0.1992461720078678
-2.5715,-0.09261771294724913,-0.2098428104130352
-2.571,-0.807519428411986,-0.1038764263613609
-2.5705,-1.426389570157579,-0.1038764263613609
-2.57,-1.981238662757077,-0.3581957480853793
-2.5695,-2.386705307349017,-0.6866915386455698
-2.569,-1.778505340461106,-0.8244478379127463
-2.5685,-0.9569018764195432,-0.718481453861072
-2.568,-0.2953510352432193,-0.5277419625680583
-2.5675,0.1207857842064037,-0.3475991096802118
-2.567,0.3341892813600565,-0.1886495336027004
-2.5665,0.408880505363835,-0.06148987274069118
-2.566,0.408880505363835,0.04447651131098315
-2.5655,0.2274875327832301,-0.008506680714854012
-2.565,0.3021787567870086,0.1716361721729923
-2.5645,-0.1139580626626144,-0.1462629799820306
-2.564,-0.3700422592469978,-0.3370024712750445
-2.5635,-0.07127736323188383,-0.06148987274069118
-2.563,0.5049120790829789,-0.008506680714854012
-2.5625,1.390536592270638,-0.1144730647665284
-2.562,1.15579274540162,-0.5171453241628908
-2.5615,0.2381577076409128,-1.025783967610927
-2.561,0.0674349099179905,-0.9939940523954253
-2.5605,0.2594980573562781,-0.5171453241628908
-2.56,0.4515612047945656,0.002089957690313421
-2.5595,0.5475927785137094,0.3623756634660061
-2.559,0.5582629533713921,0.5213252395435176
-2.5585,0.5049120790829789,0.5213252395435176
-2.558,0.4515612047945656,0.457745409112513
-2.5575,0.5049120790829789,0.2987958330350016
-2.557,0.5155822539406614,0.1610395337678249
-2.5565,0.4515612047945656,0.06566978812131802
-2.556,0.3875401556484697,-0.01910331912002144
-2.5555,0.3235191065023739,-0.1038764263613609
-2.555,0.09944543449103843,-0.1144730647665284
-2.5545,-0.6794773301197943,0.08686306493165288
-2.554,-1.522421143876723,0.3517790250608387
-2.5535,-1.906547438753298,0.4471487707073456
-2.553,-2.173301810195364,0.2034260873884947
-2.5525,-1.981238662757077,-0.2946159176543747
-2.552,-1.255666772434657,-0.5171453241628908
-2.5515,-0.5300948821122373,-0.5065486857577234
-2.551,-0.02859666380115328,-0.4111789401112165
-2.5505,0.2594980573562781,-0.2840192792492073
-2.55,0.3875401556484697,-0.1568596183871981
-2.5495,0.408880505363835,-0.04029659593035631
-2.549,0.3875401556484697,0.05507314971615059
-2.5485,0.3555296310754218,0.1504428953626575
-2.548,0.3341892813600565,0.2246193641988295
-2.5475,0.3448594562177392,0.309392471440169
-2.547,0.3875401556484697,0.3729723018711736
-2.5465,0.825017324813458,0.2246193641988295
-2.546,1.433217291701369,-0.2946159176543747
-2.5455,1.102441871113207,-0.9304142219644207
-2.545,0.3235191065023739,-1.333086481360783
-2.5445,0.3555296310754218,-1.492036057438295
-2.544,0.4729015545099309,-1.42845622700729
-2.5435,0.05676473506030786,-1.417859588602123
-2.543,0.3448594562177392,-0.5807251545938954
-2.5425,0.4195506802215176,-0.008506680714854012
-2.542,0.4622313796522482,0.3729723018711736
-2.5415,0.4622313796522482,0.5425185163538525
-2.541,0.4729015545099309,0.4471487707073456
-2.5405,0.5262524287983441,0.2881991946298341
-2.54,0.4835717293676135,0.1610395337678249
-2.5395,0.408880505363835,0.05507314971615059
-2.539,0.3448594562177392,-0.04029659593035631
-2.5385,0.2488278824985954,-0.1250697031716958
-2.538,-0.3380317346739499,-0.1462629799820306
-2.5375,-1.277007122150022,-0.1038764263613609
-2.537,-1.917217613610981,-0.1674562567923655
-2.5365,-2.215982509626095,-0.1780528951975329
-2.536,-2.472066706210478,0.2987958330350016
-2.5355,-1.970568487899394,0.4471487707073456
-2.535,-1.127624674142465,0.2034260873884947
-2.5345,-0.391382608962363,-0.08268314955102604
-2.534,0.07810508477567314,-0.2734226408440398
-2.5335,0.3235191065023739,-0.3475991096802118
-2.533,0.408880505363835,-0.3052125560595421
-2.5325,0.408880505363835,-0.2098428104130352
-2.532,0.3875401556484697,-0.07208651114585861
-2.5315,0.3661998059331045,0.08686306493165288
-2.531,0.3555296310754218,0.2352160026039969
-2.5305,0.3555296310754218,0.3729723018711736
-2.53,0.3875401556484697,0.4895353243280153
-2.5295,0.7609962756673623,0.4047622170866759
-2.529,1.081101521397841,0.01268659609548085
-2.5285,0.5369226036560266,-0.5489352393783931
-2.528,0.03542438534494258,-1.01518732920576
-2.5275,0.2274875327832301,-0.8774310299385835
-2.527,0.5262524287983441,-0.2734226408440398
-2.5265,0.6863050516635838,0.2458126410091644
-2.526,0.6756348768059011,0.5849050699745222
-2.5255,0.5902734779444399,0.7650479228623686
-2.525,0.3555296310754218,0.6696781772158616
-2.5245,0.4195506802215176,0.6908714540261965
-2.524,-0.2099896363817582,-0.1780528951975329
-2.5235,-0.2633405106701714,-0.3687923864905467
-2.523,-0.1032878878049318,-0.2946159176543747
-2.5225,0.02475421048725994,-0.2628260024388724
-2.522,0.1954770082101822,-0.1886495336027004
-2.5215,0.08877525963335578,-0.07208651114585861
-2.521,-0.7434983792658902,0.3305857482505039
-2.5205,-1.778505340461106,0.7438546460520338
-2.52,-2.290673733629873,0.7438546460520338
-2.5195,-2.674800028506448,-0.2416327256285375
-2.519,-2.482736881068161,-1.152943628472937
-2.5185,-1.618452717595867,-1.195330182093607
-2.518,-0.7328282044082075,-0.8562377531282487
-2.5175,-0.1032878878049318,-0.4853554089473885
-2.517,0.2488278824985954,-0.1992461720078678
-2.5165,0.3982103305061524,-0.01910331912002144
-2.516,0.4302208550792003,0.07626642652648545
-2.5155,0.408880505363835,0.1292496185523226
-2.515,0.3875401556484697,0.1504428953626575
-2.5145,0.3661998059331045,0.1716361721729923
-2.514,0.3661998059331045,0.1822328105781598
-2.5135,0.4195506802215176,0.1716361721729923
-2.513,0.9103787236749192,0.01268659609548085
-2.5125,1.230483969405398,-0.4535654937318862
-2.512,0.79300680024041,-1.078767159636765
-2.5115,0.408880505363835,-1.38606967338662
-2.511,0.5369226036560266,-1.258910012524611
-2.5105,0.7396559259519968,-0.718481453861072
-2.51,0.8143471499557753,-0.1886495336027004
-2.5095,0.7396559259519968,0.1928294489833272
-2.509,0.6116138276598051,0.4153588554918433
-2.5085,0.4942419042252961,0.4895353243280153
-2.508,0.408880505363835,0.5001319627331828
-2.5075,0.5582629533713921,0.4047622170866759
-2.507,0.6116138276598051,0.3305857482505039
-2.5065,0.5369226036560266,0.2670059178194992
-2.506,0.4408910299368829,0.1928294489833272
-2.5055,0.2061471830678648,-0.02969995752518888
-2.505,0.1527963087794516,0.1186529801471552
-2.5045,-1.127624674142465,-0.2204394488182027
-2.504,-1.522421143876723,0.002089957690313421
-2.5035,-2.03458953704549,-0.1674562567923655
-2.503,-2.482736881068161,-0.3475991096802118
-2.5025,-2.525417580498891,-0.5171453241628908
-2.502,-1.821186039891837,-0.6231117082145651
-2.5015,-0.9675720512772257,-0.5913217929990628
-2.501,-0.2846808603855366,-0.4853554089473885
-2.5005,0.142126133921769,-0.3581957480853793
-2.5,0.3448594562177392,-0.2416327256285375
-2.4995,0.4195506802215176,-0.1250697031716958
-2.499,0.4195506802215176,-0.02969995752518888
-2.4985,0.3982103305061524,0.06566978812131802
-2.498,0.3768699807907871,0.1504428953626575
-2.4975,0.3661998059331045,0.2352160026039969
-2.497,0.3875401556484697,0.2987958330350016
-2.4965,0.6756348768059011,0.1716361721729923
-2.496,1.337185717982225,-0.4111789401112165
-2.4955,1.219813794547716,-1.184733543688439
-2.495,0.6116138276598051,-1.778145294377815
-2.4945,0.5369226036560266,-1.88411167842949
-2.494,0.707645401378949,-1.248313374119443
-2.4935,0.825017324813458,-0.4323722169215513
-2.493,0.825017324813458,0.1822328105781598
-2.4925,0.7396559259519968,0.5425185163538525
-2.492,0.5902734779444399,0.701468092431364
-2.4915,0.4622313796522482,0.7120647308365314
-2.491,0.4835717293676135,0.5637117931641874
-2.4905,0.5796033030867573,0.383568940276341
-2.49,0.5369226036560266,0.2670059178194992
-2.4895,0.4515612047945656,0.1504428953626575
-2.489,0.3661998059331045,0.02328323450064829
-2.4885,0.2808384070716433,-0.1038764263613609
-2.488,-0.07127736323188383,-0.1992461720078678
-2.4875,-0.6154562809736985,-0.2204394488182027
-2.487,-1.148965023857831,-0.3370024712750445
-2.4865,-1.778505340461106,-0.6231117082145651
-2.486,-2.07727023647622,-0.9410108603695881
-2.4855,-1.586442193022819,-1.025783967610927
-2.485,-1.30901764672307,-1.269506650929778
-2.4845,-0.9248913518464952,-1.237716735714276
-2.484,-0.3166913849585846,-0.8138511995075789
-2.4835,0.05676473506030786,-0.4853554089473885
-2.483,0.3128489316446912,-0.1780528951975329
-2.4825,0.3875401556484697,-0.01910331912002144
-2.482,0.3661998059331045,0.06566978812131802
-2.4815,0.3448594562177392,0.1292496185523226
-2.481,0.3448594562177392,0.2034260873884947
-2.4805,0.3555296310754218,0.2670059178194992
-2.48,0.4942419042252961,0.2670059178194992
-2.4795,1.017080472251745,-0.008506680714854012
-2.479,1.433217291701369,-0.6125150698093976
-2.4785,0.8463576745288233,-1.375473034981453
-2.478,0.4408910299368829,-1.894708316834657
-2.4775,0.5689331282290746,-1.545019249464132
-2.477,0.7503261008096795,-0.792657922697244
-2.4765,0.8463576745288233,-0.1568596183871981
-2.476,0.7823366253827275,0.309392471440169
-2.4755,0.6542945270905358,0.5637117931641874
-2.475,0.5155822539406614,0.6378882620003594
-2.4745,0.4302208550792003,0.5955017083796896
-2.474,0.4622313796522482,0.4683420475176805
-2.4735,0.4408910299368829,0.3623756634660061
-2.473,0.3875401556484697,0.2458126410091644
-2.4725,0.3341892813600565,0.13984625695749
-2.472,0.291508581929326,0.04447651131098315
-2.4715,0.07810508477567314,0.2246193641988295
-2.471,-0.5621054066852853,0.849821030103708
-2.4705,-1.223656247861609,1.390249588767247
-2.47,-1.533091318734406,1.326669758336243
-2.4695,-1.810515865034154,1.029963882991555
-2.469,-1.46907026958831,0.6060983467848571
-2.4685,-0.8288597781273515,0.1504428953626575
-2.468,-0.2633405106701714,-0.1674562567923655
-2.4675,0.1101156093487211,-0.3158091944647096
-2.467,0.3021787567870086,-0.326405832869877
-2.4665,0.2594980573562781,-0.3687923864905467
-2.466,0.3661998059331045,-0.1462629799820306
-2.4655,0.3021787567870086,-0.05089323433552374
-2.465,-0.4020527838200457,-0.5913217929990628
-2.4645,-0.2633405106701714,-0.3052125560595421
-2.464,-0.06060718837420119,0.01268659609548085
-2.4635,0.1954770082101822,0.2776025562246667
-2.463,0.8890383739595538,0.2246193641988295
-2.4625,1.56125938999356,-0.3899856633008816
-2.462,1.059761171682476,-1.248313374119443
-2.4615,0.00341386077189465,-1.88411167842949
-2.461,-0.2099896363817582,-1.555615887869299
-2.4605,0.05676473506030786,-0.7502713690765743
-2.46,0.3661998059331045,-0.04029659593035631
-2.4595,0.5369226036560266,0.4365521323021782
-2.459,0.5582629533713921,0.6696781772158616
-2.4585,0.5049120790829789,0.7332580076468663
-2.458,0.4408910299368829,0.6802748156210291
-2.4575,0.4195506802215176,0.383568940276341
-2.457,0.3768699807907871,0.1504428953626575
-2.4565,0.3235191065023739,0.02328323450064829
-2.456,0.291508581929326,-0.07208651114585861
-2.4555,0.2701682322139607,-0.1568596183871981
-2.455,0.1101156093487211,-0.1250697031716958
-2.4545,-0.658136980404429,0.4259554938970107
-2.454,-1.543761493592088,1.104140351827727
-2.4535,-2.013249187330125,1.411442865577582
-2.453,-2.408045657064382,0.7332580076468663
-2.4525,-2.205312334768412,-0.2416327256285375
-2.452,-1.373038695869166,-0.5913217929990628
-2.4515,-0.6047861061160158,-0.5489352393783931
-2.451,-0.04993701351651855,-0.3793890248957141
-2.4505,0.2488278824985954,-0.1886495336027004
-2.45,0.3875401556484697,-0.04029659593035631
-2.4495,0.408880505363835,0.07626642652648545
-2.449,0.3875401556484697,0.1504428953626575
-2.4485,0.3555296310754218,0.2034260873884947
-2.448,0.3448594562177392,0.2564092794143318
-2.4475,0.3448594562177392,0.2881991946298341
-2.447,0.3661998059331045,0.309392471440169
-2.4465,0.4515612047945656,0.2564092794143318
-2.446,0.5262524287983441,-0.1992461720078678
-2.4455,0.4729015545099309,-0.7290780922662394
-2.445,0.05676473506030786,-1.311893204550448
-2.4445,0.00341386077189465,-1.968884785670829
-2.444,-0.04993701351651855,-2.17022091536901
-2.4435,0.4195506802215176,-1.333086481360783
-2.443,0.6116138276598051,-0.5807251545938954
-2.4425,0.6756348768059011,-0.008506680714854012
-2.442,0.6222840025174878,0.3941655786815084
-2.4415,0.4729015545099309,0.5107286011383502
-2.441,0.4302208550792003,0.4683420475176805
-2.4405,0.4302208550792003,0.3623756634660061
-2.44,0.3768699807907871,0.2670059178194992
-2.4395,0.3341892813600565,0.1716361721729923
-2.439,0.3021787567870086,0.08686306493165288
-2.4385,0.2488278824985954,0.03387987290581572
-2.438,-0.2526703358124887,0.4047622170866759
-2.4375,-1.148965023857831,1.051157159801889
-2.437,-2.066600061618538,1.570392441655093
-2.4365,-2.80284212679864,1.464426057603419
-2.436,-3.069596498240706,0.383568940276341
-2.4355,-2.130621110764634,-0.3370024712750445
-2.435,-1.116954499284783,-0.5065486857577234
-2.4345,-0.3380317346739499,-0.4323722169215513
-2.434,0.142126133921769,-0.2734226408440398
-2.4335,0.3661998059331045,-0.1038764263613609
-2.433,0.4302208550792003,0.02328323450064829
-2.4325,0.4195506802215176,0.1292496185523226
-2.432,0.3875401556484697,0.2034260873884947
-2.4315,0.3555296310754218,0.2670059178194992
-2.431,0.3448594562177392,0.3199891098453364
-2.4305,0.3555296310754218,0.3517790250608387
-2.43,0.5475927785137094,0.2987958330350016
-2.4295,1.19847344483235,-0.1144730647665284
-2.429,1.294505018551494,-0.8032545611024114
-2.4285,0.6649647019482183,-1.237716735714276
-2.428,0.4942419042252961,-0.7820612842920766
-2.4275,0.6863050516635838,-0.1992461720078678
-2.427,0.8356874996711408,0.1610395337678249
-2.4265,0.8356874996711408,0.383568940276341
-2.426,0.7289857510943143,0.5001319627331828
-2.4255,0.4942419042252961,0.457745409112513
-2.425,0.3982103305061524,0.4365521323021782
-2.4245,-0.007256314085787988,0.002089957690313421
-2.424,-0.2953510352432193,-0.474758770542221
-2.4235,-0.07127736323188383,-0.326405832869877
-2.423,0.04609456020262521,-0.2310360872233701
-2.4225,0.1848068333524996,-0.1144730647665284
-2.422,0.2808384070716433,-0.04029659593035631
-2.4215,0.07810508477567314,0.002089957690313421
-2.421,-0.7434983792658902,0.2670059178194992
-2.4205,-1.586442193022819,0.5319218779486851
-2.42,-1.842526389607202,0.5425185163538525
-2.4195,-2.205312334768412,0.2140227257936621
-2.419,-2.087940411333903,-0.2840192792492073
-2.4185,-1.362368521011484,-0.474758770542221
-2.418,-0.6047861061160158,-0.4535654937318862
-2.4175,-0.06060718837420119,-0.3581957480853793
-2.417,0.2488278824985954,-0.2310360872233701
-2.4165,0.3768699807907871,-0.1144730647665284
-2.416,0.408880505363835,-0.01910331912002144
-2.4155,0.3875401556484697,0.07626642652648545
-2.415,0.3661998059331045,0.1610395337678249
-2.4145,0.3555296310754218,0.2352160026039969
-2.414,0.3555296310754218,0.2987958330350016
-2.4135,0.4195506802215176,0.3517790250608387
-2.413,0.9530594231056497,0.1822328105781598
-2.4125,1.56125938999356,-0.3687923864905467
-2.412,1.059761171682476,-1.0999604364471
-2.4115,0.2808384070716433,-1.333086481360783
-2.411,0.2061471830678648,-0.9198175835592532
-2.4105,0.3982103305061524,-0.2840192792492073
-2.41,0.5582629533713921,0.2458126410091644
-2.4095,0.6116138276598051,0.55311515475902
-2.409,0.5689331282290746,0.6802748156210291
-2.4085,0.4835717293676135,0.6908714540261965
-2.408,0.408880505363835,0.6166949851900245
-2.4075,0.4942419042252961,0.4153588554918433
-2.407,0.5049120790829789,0.2458126410091644
-2.4065,0.4515612047945656,0.1292496185523226
-2.406,0.2701682322139607,-0.06148987274069118
-2.4055,0.2808384070716433,-0.07208651114585861
-2.405,-0.007256314085787988,-0.1674562567923655
-2.4045,-1.234326422719292,-0.3475991096802118
-2.404,-1.778505340461106,-0.04029659593035631
-2.4035,-2.450726356495113,-0.2204394488182027
-2.403,-2.941554399948514,-0.7608680074817418
-2.4025,-2.664129853648766,-1.311893204550448
-2.402,-1.767835165603424,-1.258910012524611
-2.4015,-0.839529952985034,-0.9198175835592532
-2.401,-0.1673089369510276,-0.5489352393783931
-2.4005,0.2168173579255475,-0.2628260024388724
-2.4,0.3875401556484697,-0.07208651114585861
-2.3995,0.4302208550792003,0.04447651131098315
-2.399,0.4195506802215176,0.1186529801471552
-2.3985,0.3875401556484697,0.1716361721729923
-2.398,0.3555296310754218,0.2140227257936621
-2.3975,0.3448594562177392,0.2458126410091644
-2.397,0.3661998059331045,0.2776025562246667
-2.3965,0.5796033030867573,0.2670059178194992
-2.396,1.19847344483235,0.08686306493165288
-2.3955,1.15579274540162,-0.4323722169215513
-2.395,0.4195506802215176,-1.089363798041932
-2.3945,0.3021787567870086,-1.619195718300304
-2.394,0.5582629533713921,-1.396666311791788
-2.3935,0.7609962756673623,-0.718481453861072
-2.393,0.79300680024041,-0.1674562567923655
-2.3925,0.6969752265212663,0.2246193641988295
-2.392,0.5475927785137094,0.457745409112513
-2.3915,0.4302208550792003,0.5425185163538525
-2.391,0.4515612047945656,0.457745409112513
-2.3905,0.5262524287983441,0.2776025562246667
-2.39,0.4942419042252961,0.1822328105781598
-2.3895,0.4195506802215176,0.1186529801471552
-2.389,0.3448594562177392,0.06566978812131802
-2.3885,0.2488278824985954,0.02328323450064829
-2.388,-0.2846808603855366,0.2670059178194992
-2.3875,-1.031593100423322,0.6802748156210291
-2.387,-1.650463242168915,0.92399749893988
-2.3865,-2.19464215991073,0.8392243916985406
-2.386,-2.141291285622316,0.2140227257936621
-2.3855,-1.373038695869166,-0.1992461720078678
-2.385,-1.405049220442214,-1.131750351662602
-2.3845,-0.6367966306890638,-0.9304142219644207
-2.384,-0.156638762093345,-0.7290780922662394
-2.3835,0.1527963087794516,-0.4641621321370536
-2.383,0.3661998059331045,-0.1992461720078678
-2.3825,0.3768699807907871,-0.07208651114585861
-2.382,0.3555296310754218,0.02328323450064829
-2.3815,0.3341892813600565,0.1080563417419877
-2.381,0.3235191065023739,0.1928294489833272
-2.3805,0.3448594562177392,0.2776025562246667
-2.38,0.4835717293676135,0.3199891098453364
-2.3795,1.102441871113207,0.1716361721729923
-2.379,1.411876941986003,-0.3475991096802118
-2.3785,0.7609962756673623,-1.068170521231597
-2.378,0.3768699807907871,-1.068170521231597
-2.3775,0.4835717293676135,-0.6866915386455698
-2.377,0.6649647019482183,-0.1356663415768632
-2.3765,0.7609962756673623,0.309392471440169
-2.376,0.7183155762366316,0.5637117931641874
-2.3755,0.6116138276598051,0.6590815388106942
-2.375,0.4835717293676135,0.6484849004055269
-2.3745,0.4302208550792003,0.5637117931641874
-2.374,0.4835717293676135,0.3941655786815084
-2.3735,0.4622313796522482,0.2776025562246667
-2.373,0.3875401556484697,0.1928294489833272
-2.3725,0.3341892813600565,0.1186529801471552
-2.372,0.291508581929326,0.02328323450064829
-2.3715,0.1101156093487211,0.06566978812131802
-2.371,-0.5621054066852853,0.55311515475902
-2.3705,-1.405049220442214,1.167720182258731
-2.37,-2.098610586191586,1.411442865577582
-2.3695,-2.546757930214257,0.5955017083796896
-2.369,-2.173301810195364,-0.2416327256285375
-2.3685,-1.234326422719292,-0.4959520473525559
-2.368,-0.4767440078238243,-0.4323722169215513
-2.3675,0.02475421048725994,-0.2734226408440398
-2.367,0.2808384070716433,-0.1144730647665284
-2.3665,0.2594980573562781,-0.1144730647665284
-2.366,0.2381577076409128,-0.06148987274069118
-2.3655,-0.4874141826815069,-0.6972881770507372
-2.365,-0.2420001609548061,-0.3899856633008816
-2.3645,-0.08194753808956648,-0.1674562567923655
-2.364,0.1101156093487211,0.04447651131098315
-2.3635,0.3768699807907871,0.2246193641988295
-2.363,0.8783681991018712,0.1822328105781598
-2.3625,1.539919040278195,-0.1038764263613609
-2.362,1.091771696255524,-0.6866915386455698
-2.3615,0.1634664836371343,-1.34368311976595
-2.361,0.05676473506030786,-1.290699927740113
-2.3605,0.3021787567870086,-0.7820612842920766
-2.36,0.5262524287983441,-0.1992461720078678
-2.3595,0.6222840025174878,0.2140227257936621
-2.359,0.5796033030867573,0.4471487707073456
-2.3585,0.5049120790829789,0.5107286011383502
-2.358,0.4195506802215176,0.4683420475176805
-2.3575,0.4942419042252961,0.2246193641988295
-2.357,0.5049120790829789,0.04447651131098315
-2.3565,0.4408910299368829,-0.008506680714854012
-2.356,0.3555296310754218,-0.01910331912002144
-2.3555,0.3021787567870086,-0.04029659593035631
-2.355,0.1954770082101822,-0.01910331912002144
-2.3545,-0.3380317346739499,0.4259554938970107
-2.354,-1.127624674142465,1.082947075017392
-2.3535,-1.693143941599645,1.602182356870596
-2.353,-2.183971985053047,1.432636142387917
-2.3525,-2.03458953704549,0.5743084315693548
-2.352,-1.277007122150022,0.01268659609548085
-2.3515,-0.5514352318276028,-0.2310360872233701
-2.351,-0.03926683865883591,-0.252229364033705
-2.3505,0.2488278824985954,-0.1780528951975329
-2.35,0.3661998059331045,-0.06148987274069118
-2.3495,0.3982103305061524,0.07626642652648545
-2.349,0.3768699807907871,0.1928294489833272
-2.3485,0.3555296310754218,0.309392471440169
-2.348,0.3341892813600565,0.4047622170866759
-2.3475,0.3341892813600565,0.4683420475176805
-2.347,0.3448594562177392,0.5319218779486851
-2.3465,0.2594980573562781,0.4365521323021782
-2.346,0.5796033030867573,0.2881991946298341
-2.3455,0.8356874996711408,-0.2098428104130352
-2.345,-0.03926683865883591,-1.439052865412457
-2.3445,-0.2099896363817582,-2.021867977696666
-2.344,0.2168173579255475,-1.555615887869299
-2.3435,0.5475927785137094,-0.7396747306714069
-2.343,0.7183155762366316,-0.05089323433552374
-2.3425,0.707645401378949,0.3411823866556712
-2.342,0.5582629533713921,0.5001319627331828
-2.3415,0.4408910299368829,0.5319218779486851
-2.341,0.408880505363835,0.4047622170866759
-2.3405,0.4302208550792003,0.2034260873884947
-2.34,0.3982103305061524,0.08686306493165288
-2.3395,0.3448594562177392,-0.008506680714854012
-2.339,0.3021787567870086,-0.1144730647665284
-2.3385,0.2594980573562781,-0.2310360872233701
-2.338,-0.1139580626626144,-0.2310360872233701
-2.3375,-0.9889124009925911,-0.1356663415768632
-2.337,-1.810515865034154,-0.1780528951975329
-2.3365,-2.301343908487556,-0.2310360872233701
-2.336,-2.706810553079496,-0.1038764263613609
-2.3355,-2.173301810195364,-0.252229364033705
-2.335,-1.255666772434657,-0.3899856633008816
-2.3345,-0.4767440078238243,-0.4535654937318862
-2.334,0.04609456020262521,-0.4323722169215513
-2.3335,0.3128489316446912,-0.3581957480853793
-2.333,0.408880505363835,-0.2416327256285375
-2.3325,0.4195506802215176,-0.1144730647665284
-2.332,0.3875401556484697,0.03387987290581572
-2.3315,0.3555296310754218,0.1716361721729923
-2.331,0.3555296310754218,0.309392471440169
-2.3305,0.408880505363835,0.4047622170866759
-2.33,0.6009436528021226,0.457745409112513
-2.3295,1.219813794547716,0.2670059178194992
-2.329,1.294505018551494,-0.2734226408440398
-2.3285,0.4942419042252961,-0.8668343915334161
-2.328,-0.03926683865883591,-1.174136905283272
-2.3275,0.1101156093487211,-0.8032545611024114
-2.327,0.4195506802215176,-0.2734226408440398
-2.3265,0.6116138276598051,0.2246193641988295
-2.326,0.4942419042252961,0.4365521323021782
-2.3255,0.5369226036560266,0.6590815388106942
-2.325,-0.274010685527854,-0.06148987274069118
-2.3245,-0.1779791118087102,-0.05089323433552374
-2.324,0.2061471830678648,-0.04029659593035631
-2.3235,0.3768699807907871,0.002089957690313421
-2.323,0.4622313796522482,0.07626642652648545
-2.3225,0.3875401556484697,0.03387987290581572
-2.322,0.291508581929326,-0.08268314955102604
-2.3215,0.05676473506030786,-0.04029659593035631
-2.321,-0.7648387289812555,0.4047622170866759
-2.3205,-1.821186039891837,0.8922075837243778
-2.32,-2.429386006779747,1.019367244586387
-2.3195,-2.813512301656323,0.2246193641988295
-2.319,-2.333354433060604,-0.5807251545938954
-2.3185,-1.394379045584531,-0.7820612842920766
-2.318,-0.5621054066852853,-0.6866915386455698
-2.3175,0.00341386077189465,-0.4853554089473885
-2.317,0.291508581929326,-0.2840192792492073
-2.3165,0.408880505363835,-0.1144730647665284
-2.316,0.4195506802215176,0.02328323450064829
-2.3155,0.3982103305061524,0.1292496185523226
-2.315,0.3661998059331045,0.2140227257936621
-2.3145,0.3555296310754218,0.2881991946298341
-2.314,0.3661998059331045,0.3517790250608387
-2.3135,0.4302208550792003,0.3623756634660061
-2.313,0.7183155762366316,0.2140227257936621
-2.3125,1.15579274540162,-0.1568596183871981
-2.312,0.8143471499557753,-0.8032545611024114
-2.3115,0.3128489316446912,-1.205926820498774
-2.311,0.4515612047945656,-0.9516074987747555
-2.3105,0.6756348768059011,-0.4959520473525559
-2.31,0.8143471499557753,0.03387987290581572
-2.3095,0.8036769750980928,0.4153588554918433
-2.309,0.6969752265212663,0.6378882620003594
-2.3085,0.5582629533713921,0.701468092431364
-2.308,0.4408910299368829,0.6166949851900245
-2.3075,0.4942419042252961,0.3941655786815084
-2.307,0.4408910299368829,0.1292496185523226
-2.3065,0.3448594562177392,-0.01910331912002144
-2.306,0.02475421048725994,-0.3793890248957141
-2.3055,-0.4980843575391895,-0.8986243067489184
-2.305,-0.4020527838200457,-0.6549016234300674
-2.3045,-0.9035510021311299,-0.1674562567923655
-2.304,-1.607782542738184,0.383568940276341
-2.3035,-2.344024607918286,0.6590815388106942
-2.303,-2.973564924521563,-0.04029659593035631
-2.3025,-3.090936847956071,-1.089363798041932
-2.302,-2.162631635337682,-1.258910012524611
-2.3015,-1.116954499284783,-0.9198175835592532
-2.301,-0.3166913849585846,-0.4853554089473885
-2.3005,0.1634664836371343,-0.1356663415768632
-2.3,0.3875401556484697,0.09745970333682032
-2.2995,0.4515612047945656,0.2246193641988295
-2.299,0.4302208550792003,0.2670059178194992
-2.2985,0.3982103305061524,0.2881991946298341
-2.298,0.3661998059331045,0.2881991946298341
-2.2975,0.3661998059331045,0.2776025562246667
-2.297,0.3768699807907871,0.2670059178194992
-2.2965,0.7716664505250448,0.03387987290581572
-2.296,1.507908515705147,-0.6866915386455698
-2.2955,1.593269914566608,-1.555615887869299
-2.295,0.7183155762366316,-2.25499402261035
-2.2945,0.3341892813600565,-2.466926790713698
-2.294,0.4408910299368829,-1.79933857118815
-2.2935,0.6009436528021226,-1.004590690800593
-2.293,0.6436243522328531,-0.3052125560595421
-2.2925,0.6116138276598051,0.1186529801471552
-2.292,0.5262524287983441,0.2987958330350016
-2.2915,0.4302208550792003,0.3517790250608387
-2.291,0.4729015545099309,0.2458126410091644
-2.2905,0.5902734779444399,0.05507314971615059
-2.29,0.5475927785137094,-0.008506680714854012
-2.2895,0.4622313796522482,-0.008506680714854012
-2.289,0.3661998059331045,-0.008506680714854012
-2.2885,0.291508581929326,-0.01910331912002144
-2.288,-0.02859666380115328,0.09745970333682032
-2.2875,-0.8288597781273515,0.2246193641988295
-2.287,-1.383708870726849,0.4047622170866759
-2.2865,-2.621449154218035,-0.4429688553267188
-2.286,-2.632119329075718,-0.6337083466197325
-2.2855,-1.981238662757077,-0.7396747306714069
-2.285,-1.074273799854052,-0.5913217929990628
-2.2845,-0.2846808603855366,-0.326405832869877
-2.284,0.1314559590640864,-0.1780528951975329
-2.2835,0.3235191065023739,-0.07208651114585861
-2.283,0.3875401556484697,0.02328323450064829
-2.2825,0.3875401556484697,0.09745970333682032
-2.282,0.3661998059331045,0.1610395337678249
-2.2815,0.3448594562177392,0.2246193641988295
-2.281,0.3555296310754218,0.2776025562246667
-2.2805,0.3875401556484697,0.3199891098453364
-2.28,0.408880505363835,0.3305857482505039
-2.2795,0.707645401378949,0.09745970333682032
-2.279,1.19847344483235,-0.5065486857577234
-2.2785,1.35852606769759,-1.258910012524611
-2.278,1.241154144263081,-1.34368311976595
-2.2775,1.187803269974668,-0.7290780922662394
-2.277,1.113112045970889,-0.1568596183871981
-2.2765,0.974399772821015,0.2670059178194992
-2.276,0.7716664505250448,0.4895353243280153
-2.2755,0.5796033030867573,0.5743084315693548
-2.275,0.4515612047945656,0.5637117931641874
-2.2745,0.3875401556484697,0.457745409112513
-2.274,0.408880505363835,0.2987958330350016
-2.2735,0.3875401556484697,0.1928294489833272
-2.273,0.3555296310754218,0.1080563417419877
-2.2725,0.3235191065023739,0.03387987290581572
-2.272,0.291508581929326,-0.02969995752518888
-2.2715,-0.03926683865883591,0.02328323450064829
-2.271,-0.8288597781273515,0.3517790250608387
-2.2705,-1.351698346153801,0.6060983467848571
-2.27,-1.682473766741963,0.5637117931641874
-2.2695,-1.885207089037933,0.3623756634660061
-2.269,-1.373038695869166,0.1292496185523226
-2.2685,-0.7008176798351597,-0.06148987274069118
-2.268,-0.2953510352432193,-0.3052125560595421
-2.2675,0.1527963087794516,-0.2098428104130352
-2.267,-0.1139580626626144,-0.6125150698093976
-2.2665,-0.3700422592469978,-0.8456411147230812
-2.266,-0.124628237520297,-0.5277419625680583
-2.2655,0.02475421048725994,-0.2628260024388724
-2.265,0.2061471830678648,0.02328323450064829
-2.2645,0.3235191065023739,0.2246193641988295
-2.264,0.3341892813600565,0.309392471440169
-2.2635,0.3448594562177392,0.3729723018711736
-2.263,0.4729015545099309,0.2458126410091644
-2.2625,0.5369226036560266,-0.2946159176543747
-2.262,0.00341386077189465,-1.0999604364471
-2.2615,-0.4020527838200457,-1.831128486403653
-2.261,-0.03926683865883591,-1.979481424075996
-2.2605,0.4195506802215176,-1.195330182093607
-2.26,0.6756348768059011,-0.3370024712750445
-2.2595,0.7289857510943143,0.2458126410091644
-2.259,0.6756348768059011,0.5319218779486851
-2.2585,0.5689331282290746,0.627291623595192
-2.258,0.4622313796522482,0.6060983467848571
-2.2575,0.5475927785137094,0.4259554938970107
-2.257,0.5582629533713921,0.2564092794143318
-2.2565,0.4942419042252961,0.1504428953626575
-2.256,0.3982103305061524,0.06566978812131802
-2.2555,0.3341892813600565,-0.01910331912002144
-2.255,0.1634664836371343,-0.07208651114585861
-2.2545,-0.5514352318276028,0.09745970333682032
-2.254,-1.287677297007705,0.2776025562246667
-2.2535,-1.714484291315011,0.2352160026039969
-2.253,-2.119950935906951,0.1186529801471552
-2.2525,-2.119950935906951,0.06566978812131802
-2.252,-1.383708870726849,-0.08268314955102604
-2.2515,-0.6474668055467465,-0.2310360872233701
-2.251,-0.1032878878049318,-0.3158091944647096
-2.2505,0.2168173579255475,-0.326405832869877
-2.25,0.3555296310754218,-0.2734226408440398
-2.2495,0.3982103305061524,-0.1886495336027004
-2.249,0.3768699807907871,-0.08268314955102604
-2.2485,0.3555296310754218,0.03387987290581572
-2.248,0.2594980573562781,0.06566978812131802
-2.2475,0.2701682322139607,0.1928294489833272
-2.247,-0.1032878878049318,-0.09327978795619347
-2.2465,-0.4340633083930936,-0.3687923864905467
-2.246,-0.2206598112394408,-0.3687923864905467
-2.2455,-0.4020527838200457,-0.8138511995075789
-2.245,-0.7648387289812555,-1.439052865412457
-2.2445,-0.3593720843893152,-1.947691508860494
-2.244,0.291508581929326,-1.735758740757146
-2.2435,0.707645401378949,-0.9304142219644207
-2.243,0.825017324813458,-0.1674562567923655
-2.2425,0.7609962756673623,0.4259554938970107
-2.242,0.6222840025174878,0.7120647308365314
-2.2415,0.4835717293676135,0.7544512844572011
-2.241,0.4408910299368829,0.6166949851900245
-2.2405,0.4515612047945656,0.4047622170866759
-2.24,0.3982103305061524,0.2352160026039969
-2.2395,0.3555296310754218,0.09745970333682032
-2.239,0.3128489316446912,-0.01910331912002144
-2.2385,0.2594980573562781,-0.1250697031716958
-2.238,-0.1673089369510276,-0.07208651114585861
-2.2375,-0.9782422261349084,0.1822328105781598
-2.237,-1.586442193022819,0.2881991946298341
-2.2365,-1.991908837614759,0.05507314971615059
-2.236,-2.183971985053047,-0.5595318777835605
-2.2355,-1.607782542738184,-0.8244478379127463
-2.235,-0.839529952985034,-0.7396747306714069
-2.2345,-0.2313299860971235,-0.5489352393783931
-2.234,0.1527963087794516,-0.3581957480853793
-2.2335,0.3341892813600565,-0.1886495336027004
-2.233,0.3982103305061524,-0.06148987274069118
-2.2325,0.3982103305061524,0.03387987290581572
-2.232,0.3661998059331045,0.1292496185523226
-2.2315,0.3448594562177392,0.2034260873884947
-2.231,0.3448594562177392,0.2670059178194992
-2.2305,0.3555296310754218,0.3305857482505039
-2.23,0.4195506802215176,0.3729723018711736
-2.2295,0.8356874996711408,0.2352160026039969
-2.229,0.7503261008096795,-0.252229364033705
-2.2285,0.08877525963335578,-0.9304142219644207
-2.228,-0.007256314085787988,-1.333086481360783
-2.2275,0.3448594562177392,-1.227120097309109
-2.227,0.2488278824985954,-1.0999604364471
-2.2265,0.07810508477567314,-0.8244478379127463
-2.226,0.2808384070716433,-0.1568596183871981
-2.2255,0.3341892813600565,0.2352160026039969
-2.225,0.3982103305061524,0.4895353243280153
-2.2245,0.4302208550792003,0.5319218779486851
-2.224,0.5475927785137094,0.3941655786815084
-2.2235,0.5369226036560266,0.2670059178194992
-2.223,0.4622313796522482,0.1610395337678249
-2.2225,0.3768699807907871,0.05507314971615059
-2.222,0.3128489316446912,-0.04029659593035631
-2.2215,0.05676473506030786,-0.09327978795619347
-2.221,-0.722158029550525,-0.05089323433552374
-2.2205,-1.586442193022819,-0.08268314955102604
-2.22,-2.269333383914508,-0.252229364033705
-2.2195,-2.80284212679864,-0.2098428104130352
-2.219,-2.408045657064382,0.01268659609548085
-2.2185,-1.458400094730627,0.002089957690313421
-2.218,-0.6047861061160158,-0.1038764263613609
-2.2175,-0.02859666380115328,-0.1886495336027004
-2.217,0.2808384070716433,-0.2098428104130352
-2.2165,0.408880505363835,-0.1886495336027004
-2.216,0.4195506802215176,-0.1144730647665284
-2.2155,0.3982103305061524,-0.01910331912002144
-2.215,0.3661998059331045,0.08686306493165288
-2.2145,0.3448594562177392,0.1928294489833272
-2.214,0.3555296310754218,0.2987958330350016
-2.2135,0.408880505363835,0.3729723018711736
-2.213,0.707645401378949,0.3729723018711736
-2.2125,1.15579274540162,0.1610395337678249
-2.212,0.9637295979633325,-0.326405832869877
-2.2115,0.5155822539406614,-0.8350444763179138
-2.211,0.6863050516635838,-1.174136905283272
-2.2105,0.8890383739595538,-0.8138511995075789
-2.21,0.9530594231056497,-0.2416327256285375
-2.2095,0.8676980242441885,0.2140227257936621
-2.209,0.707645401378949,0.5001319627331828
-2.2085,0.3982103305061524,0.4895353243280153
-2.208,0.3021787567870086,0.5213252395435176
-2.2075,-0.4660738329661415,-0.3581957480853793
-2.207,-0.2313299860971235,-0.2416327256285375
-2.2065,-0.07127736323188383,-0.1674562567923655
-2.206,0.09944543449103843,-0.07208651114585861
-2.2055,0.2488278824985954,0.002089957690313421
-2.205,0.2061471830678648,-0.05089323433552374
-2.2045,-0.3273615598162672,0.1928294489833272
-2.204,-1.330357996438436,0.6166949851900245
-2.2035,-2.205312334768412,0.8710143069140429
-2.203,-2.813512301656323,0.2987958330350016
-2.2025,-2.973564924521563,-0.7608680074817418
-2.202,-2.07727023647622,-1.05757388282643
-2.2015,-1.074273799854052,-0.8456411147230812
-2.201,-0.3060212101009019,-0.5065486857577234
-2.2005,0.1527963087794516,-0.2204394488182027
-2.2,0.3661998059331045,-0.01910331912002144
-2.1995,0.4302208550792003,0.1080563417419877
-2.199,0.4195506802215176,0.1716361721729923
-2.1985,0.3875401556484697,0.2034260873884947
-2.198,0.3661998059331045,0.2246193641988295
-2.1975,0.3555296310754218,0.2352160026039969
-2.197,0.3768699807907871,0.2352160026039969
-2.1965,0.7396559259519968,0.07626642652648545
-2.196,1.337185717982225,-0.5277419625680583
-2.1955,1.19847344483235,-1.216523458903942
-2.195,0.5475927785137094,-1.629792356705471
-2.1945,0.4622313796522482,-1.937094870455327
-2.194,0.6969752265212663,-1.640388995110639
-2.1935,0.857027849386506,-0.9516074987747555
-2.193,0.857027849386506,-0.326405832869877
-2.1925,0.7289857510943143,0.1186529801471552
-2.192,0.5796033030867573,0.4153588554918433
-2.1915,0.4622313796522482,0.55311515475902
-2.191,0.4515612047945656,0.5213252395435176
-2.1905,0.4942419042252961,0.3941655786815084
-2.19,0.4515612047945656,0.309392471440169
-2.1895,0.2594980573562781,0.1080563417419877
-2.189,0.3021787567870086,0.13984625695749
-2.1885,-0.5087545323968721,-0.6549016234300674
-2.188,-1.127624674142465,-0.6549016234300674
-2.1875,-1.895877263895616,-0.4853554089473885
-2.187,-2.258663209056825,-0.474758770542221
-2.1865,-2.312014083345239,-0.6866915386455698
-2.186,-2.365364957633652,-1.205926820498774
-2.1855,-1.767835165603424,-1.290699927740113
-2.185,-0.9462317015618604,-0.9833974139902578
-2.1845,-0.274010685527854,-0.6231117082145651
-2.184,0.1314559590640864,-0.3370024712750445
-2.1835,0.3448594562177392,-0.1462629799820306
-2.183,0.408880505363835,-0.04029659593035631
-2.1825,0.408880505363835,0.03387987290581572
-2.182,0.3875401556484697,0.06566978812131802
-2.1815,0.3555296310754218,0.09745970333682032
-2.181,0.3448594562177392,0.1292496185523226
-2.1805,0.3661998059331045,0.1610395337678249
-2.18,0.3768699807907871,0.1928294489833272
-2.1795,0.6329541773751706,0.09745970333682032
-2.179,0.8997085488172365,-0.3158091944647096
-2.1785,0.3235191065023739,-1.025783967610927
-2.178,-0.07127736323188383,-1.682775548731308
-2.1775,0.1848068333524996,-1.619195718300304
-2.177,0.5049120790829789,-0.9728007755850904
-2.1765,0.707645401378949,-0.2628260024388724
-2.176,0.7503261008096795,0.2140227257936621
-2.1755,0.6649647019482183,0.457745409112513
-2.175,0.5369226036560266,0.5637117931641874
-2.1745,0.4622313796522482,0.5213252395435176
-2.174,0.5155822539406614,0.2776025562246667
-2.1735,0.4942419042252961,0.1610395337678249
-2.173,0.4195506802215176,0.1292496185523226
-2.1725,0.3555296310754218,0.1292496185523226
-2.172,0.2808384070716433,0.1080563417419877
-2.1715,-0.09261771294724913,0.08686306493165288
-2.171,-0.8288597781273515,0.2670059178194992
-2.1705,-1.543761493592088,0.5319218779486851
-2.17,-2.247993034199143,0.6060983467848571
-2.1695,-2.429386006779747,0.8074344764830383
-2.169,-2.002579012472442,0.627291623595192
-2.1685,-1.799845690176472,-0.2734226408440398
-2.168,-0.8715404775580819,-0.326405832869877
-2.1675,-0.2526703358124887,-0.3581957480853793
-2.167,0.1634664836371343,-0.2734226408440398
-2.1665,0.3875401556484697,-0.1356663415768632
-2.166,0.3982103305061524,-0.09327978795619347
-2.1655,0.3768699807907871,-0.01910331912002144
-2.165,0.3448594562177392,0.05507314971615059
-2.1645,0.3341892813600565,0.13984625695749
-2.164,0.3448594562177392,0.2140227257936621
-2.1635,0.4302208550792003,0.2564092794143318
-2.163,0.8997085488172365,-0.05089323433552374
-2.1625,1.305175193409177,-0.7502713690765743
-2.162,0.8356874996711408,-1.492036057438295
-2.1615,0.1848068333524996,-2.021867977696666
-2.161,0.3021787567870086,-1.968884785670829
-2.1605,0.5796033030867573,-1.195330182093607
-2.16,0.7716664505250448,-0.3899856633008816
-2.1595,0.7823366253827275,0.2034260873884947
-2.159,0.6756348768059011,0.5425185163538525
-2.1585,0.5369226036560266,0.6802748156210291
-2.158,0.4302208550792003,0.6696781772158616
-2.1575,0.5475927785137094,0.4789386859228479
-2.157,0.5902734779444399,0.309392471440169
-2.1565,0.5155822539406614,0.2140227257936621
-2.156,0.4195506802215176,0.13984625695749
-2.1555,0.3448594562177392,0.06566978812131802
-2.155,0.2061471830678648,-0.08268314955102604
-2.1545,-0.3487019095316325,-0.4429688553267188
-2.154,-1.042263275281004,-0.8244478379127463
-2.1535,-1.607782542738184,-1.163540266878104
-2.153,-2.045259711903173,-1.184733543688439
-2.1525,-1.927887788468663,-0.6549016234300674
-2.152,-1.202315898146244,-0.3581957480853793
-2.1515,-0.5194247072545548,-0.2628260024388724
-2.151,-0.02859666380115328,-0.252229364033705
-2.1505,0.2381577076409128,-0.252229364033705
-2.15,0.2381577076409128,-0.3475991096802118
-2.1495,0.3448594562177392,-0.2098428104130352
-2.149,-0.124628237520297,-0.5807251545938954
-2.1485,-0.3380317346739499,-0.6654982618352349
-2.148,-0.124628237520297,-0.3370024712750445
-2.1475,0.05676473506030786,-0.05089323433552374
-2.147,0.2808384070716433,0.2458126410091644
-2.1465,0.4942419042252961,0.3305857482505039
-2.146,0.7609962756673623,0.09745970333682032
-2.1455,0.4729015545099309,-0.5171453241628908
-2.145,-0.3166913849585846,-1.333086481360783
-2.1445,-0.1779791118087102,-1.979481424075996
-2.144,0.3661998059331045,-1.958288147265661
-2.1435,0.7396559259519968,-1.205926820498774
-2.143,0.8676980242441885,-0.2840192792492073
-2.1425,0.7823366253827275,0.3623756634660061
-2.142,0.6116138276598051,0.7120647308365314
-2.1415,0.4729015545099309,0.8286277532933731
-2.141,0.4622313796522482,0.7438546460520338
-2.1405,0.5369226036560266,0.5849050699745222
-2.14,0.4942419042252961,0.457745409112513
-2.1395,0.4195506802215176,0.309392471440169
-2.139,0.3448594562177392,0.13984625695749
-2.1385,0.2808384070716433,-0.02969995752518888
-2.138,-0.007256314085787988,-0.08268314955102604
-2.1375,-0.839529952985034,0.13984625695749
-2.137,-1.735824641030376,0.4895353243280153
-2.1365,-2.418715831922065,0.383568940276341
-2.136,-2.76016142736791,-0.4429688553267188
-2.1355,-2.151961460479999,-0.8880276683437509
-2.135,-1.170305373573196,-0.7820612842920766
-2.1345,-0.4127229586777283,-0.5065486857577234
-2.134,0.07810508477567314,-0.2310360872233701
-2.1335,0.3235191065023739,-0.04029659593035631
-2.133,0.408880505363835,0.07626642652648545
-2.1325,0.4195506802215176,0.1504428953626575
-2.132,0.3875401556484697,0.1928294489833272
-2.1315,0.3555296310754218,0.2140227257936621
-2.131,0.3555296310754218,0.2352160026039969
-2.1305,0.3555296310754218,0.2458126410091644
-2.13,0.3555296310754218,0.06566978812131802
-2.1295,1.102441871113207,-0.1250697031716958
-2.129,1.219813794547716,-0.7502713690765743
-2.1285,0.4302208550792003,-1.449649503817625
-2.128,0.01408403562957729,-1.873515040024322
-2.1275,0.2381577076409128,-1.407262950196955
-2.127,0.5155822539406614,-0.7714646458869092
-2.1265,0.6542945270905358,-0.1568596183871981
-2.126,0.6436243522328531,0.2246193641988295
-2.1255,0.5689331282290746,0.457745409112513
-2.125,0.3448594562177392,0.4471487707073456
-2.1245,0.3982103305061524,0.5637117931641874
-2.124,-0.274010685527854,-0.2204394488182027
-2.1235,-0.156638762093345,-0.1674562567923655
-2.123,-0.08194753808956648,-0.1250697031716958
-2.1225,0.01408403562957729,-0.07208651114585861
-2.122,0.1634664836371343,0.02328323450064829
-2.1215,0.0674349099179905,0.2564092794143318
-2.121,-0.7434983792658902,0.8180311148882058
-2.1205,-1.83185621474952,1.42203950398275
-2.12,-2.514747405641209,1.824711763379112
-2.1195,-2.984235099379245,1.517409249629256
-2.119,-2.514747405641209,0.5743084315693548
-2.1185,-1.522421143876723,-0.02969995752518888
-2.118,-0.6154562809736985,-0.2946159176543747
-2.1175,-0.01792648894347063,-0.3370024712750445
-2.117,0.3021787567870086,-0.2734226408440398
-2.1165,0.4195506802215176,-0.1462629799820306
-2.116,0.4408910299368829,0.002089957690313421
-2.1155,0.408880505363835,0.1504428953626575
-2.115,0.3768699807907871,0.2776025562246667
-2.1145,0.3555296310754218,0.3941655786815084
-2.114,0.3661998059331045,0.4895353243280153
-2.1135,0.3982103305061524,0.55311515475902
-2.113,0.7823366253827275,0.4365521323021782
-2.1125,1.326515543124542,-0.02969995752518888
-2.112,1.56125938999356,-0.7608680074817418
-2.1115,1.486568165989782,-1.078767159636765
-2.111,1.401206767128321,-0.6443049850249
-2.1105,1.262494493978446,-0.1780528951975329
-2.11,1.091771696255524,0.1610395337678249
-2.1095,0.8783681991018712,0.3517790250608387
-2.109,0.6756348768059011,0.4365521323021782
-2.1085,0.5155822539406614,0.5001319627331828
-2.108,0.408880505363835,0.5001319627331828
-2.1075,0.5155822539406614,0.3729723018711736
-2.107,0.5369226036560266,0.2776025562246667
-2.1065,0.4729015545099309,0.2246193641988295
-2.106,0.3875401556484697,0.1504428953626575
-2.1055,0.3235191065023739,0.06566978812131802
-2.105,0.2274875327832301,0.01268659609548085
-2.1045,-0.2313299860971235,0.2564092794143318
-2.104,-1.06360362499637,0.6802748156210291
-2.1035,-1.746494815888059,1.00877060618122
-2.103,-2.183971985053047,0.6060983467848571
-2.1025,-2.973564924521563,-1.0999604364471
-2.102,-2.141291285622316,-1.269506650929778
-2.1015,-1.191645723288561,-0.9728007755850904
-2.101,-0.423393133535411,-0.5595318777835605
-2.1005,0.1207857842064037,-0.1462629799820306
-2.1,0.3448594562177392,0.08686306493165288
-2.0995,0.3982103305061524,0.1822328105781598
-2.099,0.3875401556484697,0.2458126410091644
-2.0985,0.3555296310754218,0.2776025562246667
-2.098,0.3448594562177392,0.309392471440169
-2.0975,0.3448594562177392,0.3199891098453364
-2.097,0.3661998059331045,0.3305857482505039
-2.0965,0.4622313796522482,0.2881991946298341
-2.096,0.9637295979633325,-0.01910331912002144
-2.0955,1.294505018551494,-0.6866915386455698
-2.095,0.942389248247967,-1.34368311976595
-2.0945,0.9103787236749192,-1.375473034981453
-2.094,0.974399772821015,-1.089363798041932
-2.0935,0.9850699476786977,-0.5489352393783931
-2.093,0.8676980242441885,-0.01910331912002144
-2.0925,0.6756348768059011,0.3199891098453364
-2.092,0.5155822539406614,0.457745409112513
-2.0915,0.408880505363835,0.4683420475176805
-2.091,0.408880505363835,0.3517790250608387
-2.0905,0.4729015545099309,0.1822328105781598
-2.09,0.4515612047945656,0.1080563417419877
-2.0895,0.3875401556484697,0.07626642652648545
-2.089,0.3341892813600565,0.05507314971615059
-2.0885,0.2594980573562781,0.05507314971615059
-2.088,-0.1459685872356623,0.3411823866556712
-2.0875,-0.8502001278427167,0.9663840525605498
-2.087,-1.51175096901904,1.538602526439591
-2.0865,-2.045259711903173,1.432636142387917
-2.086,-2.269333383914508,0.4683420475176805
-2.0855,-1.554431668449771,-0.1356663415768632
-2.085,-0.7755089038389382,-0.2734226408440398
-2.0845,-0.1886492866663929,-0.1886495336027004
-2.084,0.1741366584948169,-0.02969995752518888
-2.0835,0.2061471830678648,-0.008506680714854012
-2.083,0.3768699807907871,0.2246193641988295
-2.0825,-0.391382608962363,-0.4429688553267188
-2.082,-0.3273615598162672,-0.2840192792492073
-2.0815,-0.1352984123779797,-0.02969995752518888
-2.081,0.04609456020262521,0.1716361721729923
-2.0805,0.2808384070716433,0.3941655786815084
-2.08,0.4729015545099309,0.457745409112513
-2.0795,1.070431346540159,0.2246193641988295
-2.079,1.134452395686255,-0.4429688553267188
-2.0785,0.2061471830678648,-1.34368311976595
-2.078,-0.1993194615240755,-1.42845622700729
-2.0775,0.0674349099179905,-0.9622041371799229
-2.077,0.4515612047945656,-0.4217755785163839
-2.0765,0.6756348768059011,0.02328323450064829
-2.076,0.6969752265212663,0.2564092794143318
-2.0755,0.6116138276598051,0.2564092794143318
-2.075,0.4942419042252961,0.2034260873884947
-2.0745,0.4408910299368829,0.1928294489833272
-2.074,0.5155822539406614,0.3199891098453364
-2.0735,0.5049120790829789,0.2776025562246667
-2.073,0.4302208550792003,0.1504428953626575
-2.0725,0.3555296310754218,0.02328323450064829
-2.072,0.291508581929326,-0.06148987274069118
-2.0715,-0.01792648894347063,0.04447651131098315
-2.071,-0.839529952985034,0.5213252395435176
-2.0705,-1.693143941599645,1.029963882991555
-2.07,-2.322684258202921,1.178316820663898
-2.0695,-2.706810553079496,0.3623756634660061
-2.069,-2.301343908487556,-0.4535654937318862
-2.0685,-1.341028171296118,-0.5595318777835605
-2.068,-0.5407650569699201,-0.326405832869877
-2.0675,-0.007256314085787988,-0.02969995752518888
-2.067,0.2808384070716433,0.2140227257936621
-2.0665,0.3875401556484697,0.383568940276341
-2.066,0.408880505363835,0.4789386859228479
-2.0655,0.3875401556484697,0.5319218779486851
-2.065,0.3555296310754218,0.55311515475902
-2.0645,0.3448594562177392,0.5425185163538525
-2.064,0.3448594562177392,0.5213252395435176
-2.0635,0.2488278824985954,0.3305857482505039
-2.063,0.6542945270905358,0.2564092794143318
-2.0625,1.081101521397841,-0.3158091944647096
-2.062,0.8890383739595538,-1.725162102351978
-2.0615,1.273164668836129,-1.937094870455327
-2.061,1.422547116843686,-1.926498232050159
-2.0605,1.369196242555273,-1.280103289334946
-2.06,1.219813794547716,-0.6125150698093976
-2.0595,0.9317190733902845,-0.2098428104130352
-2.059,0.6649647019482183,-0.02969995752518888
-2.0585,0.4729015545099309,-0.008506680714854012
-2.058,0.3661998059331045,-0.05089323433552374
-2.0575,0.4195506802215176,-0.1250697031716958
-2.057,0.4408910299368829,-0.1462629799820306
-2.0565,0.3982103305061524,-0.1356663415768632
-2.056,0.3448594562177392,-0.1250697031716958
-2.0555,0.3021787567870086,-0.1144730647665284
-2.055,0.1634664836371343,0.01268659609548085
-2.0545,-0.4980843575391895,0.5955017083796896
-2.054,-1.490410619303675,1.284283204715573
-2.0535,-2.344024607918286,1.782325209758442
-2.053,-3.00557544909461,1.612778995275763
-2.0525,-2.984235099379245,0.9345941373450475
-2.052,-1.981238662757077,0.3517790250608387
-2.0515,-0.9889124009925911,0.06566978812131802
-2.051,-0.2526703358124887,0.002089957690313421
-2.0505,0.1741366584948169,0.07626642652648545
-2.05,0.3768699807907871,0.2246193641988295
-2.0495,0.4302208550792003,0.383568940276341
-2.049,0.408880505363835,0.5425185163538525
-2.0485,0.3661998059331045,0.6802748156210291
-2.048,0.3448594562177392,0.7862411996727035
-2.0475,0.3448594562177392,0.8604176685088755
-2.047,0.3768699807907871,0.8922075837243778
-2.0465,0.6969752265212663,0.7438546460520338
-2.046,1.230483969405398,0.1928294489833272
-2.0455,0.7289857510943143,-0.5383386009732256
-2.045,-0.3060212101009019,-1.121153713257435
-2.0445,-0.5514352318276028,-1.396666311791788
-2.044,-0.156638762093345,-0.9939940523954253
-2.0435,0.05676473506030786,-0.5277419625680583
-2.043,0.3768699807907871,0.03387987290581572
-2.0425,-0.274010685527854,-0.474758770542221
-2.042,-0.08194753808956648,-0.1886495336027004
-2.0415,0.04609456020262521,-0.04029659593035631
-2.041,0.2381577076409128,-0.02969995752518888
-2.0405,0.4622313796522482,-0.07208651114585861
-2.04,0.4515612047945656,-0.1886495336027004
-2.0395,0.3875401556484697,-0.3052125560595421
-2.039,0.3235191065023739,-0.4111789401112165
-2.0385,0.2488278824985954,-0.4853554089473885
-2.038,-0.1032878878049318,-0.1356663415768632
-2.0375,-0.9782422261349084,0.5637117931641874
-2.037,-1.853196564464885,1.199510097474233
-2.0365,-2.536087755356574,1.538602526439591
-2.036,-2.632119329075718,0.9451907757502149
-2.0355,-1.821186039891837,0.2564092794143318
-2.035,-0.9142211769888124,-0.1462629799820306
-2.0345,-0.2313299860971235,-0.2840192792492073
-2.034,0.1848068333524996,-0.2416327256285375
-2.0335,0.3661998059331045,-0.09327978795619347
-2.033,0.4195506802215176,0.08686306493165288
-2.0325,0.408880505363835,0.2776025562246667
-2.032,0.3768699807907871,0.457745409112513
-2.0315,0.3448594562177392,0.6060983467848571
-2.031,0.3448594562177392,0.7332580076468663
-2.0305,0.3661998059331045,0.8286277532933731
-2.03,0.5155822539406614,0.8074344764830383
-2.0295,0.974399772821015,0.2881991946298341
-2.029,1.337185717982225,-0.4429688553267188
-2.0285,0.9103787236749192,-1.025783967610927
-2.028,0.6222840025174878,-0.8138511995075789
-2.0275,0.7503261008096795,-0.3581957480853793
-2.027,0.8783681991018712,-0.09327978795619347
-2.0265,0.8890383739595538,0.1186529801471552
-2.026,0.7716664505250448,0.2352160026039969
-2.0255,0.6329541773751706,0.2140227257936621
-2.025,0.4302208550792003,0.06566978812131802
-2.0245,0.3555296310754218,-0.06148987274069118
-2.024,0.4729015545099309,-0.2310360872233701
-2.0235,-0.124628237520297,-0.8986243067489184
-2.023,-0.1886492866663929,-0.9410108603695881
-2.0225,-0.06060718837420119,-0.7714646458869092
-2.022,0.0674349099179905,-0.6231117082145651
-2.0215,0.0674349099179905,-0.3370024712750445
-2.021,-0.7114878546928423,0.2034260873884947
-2.0205,-1.83185621474952,0.849821030103708
-2.02,-2.674800028506448,1.29487984312074
-2.0195,-3.357691219398137,1.104140351827727
-2.019,-2.866863175944736,0.3517790250608387
-2.0185,-1.735824641030376,-0.05089323433552374
-2.018,-0.7434983792658902,-0.1568596183871981
-2.0175,-0.07127736323188383,-0.09327978795619347
-2.017,0.2808384070716433,0.04447651131098315
-2.0165,0.4195506802215176,0.2034260873884947
-2.016,0.4408910299368829,0.3517790250608387
-2.0155,0.408880505363835,0.4789386859228479
-2.015,0.3768699807907871,0.5849050699745222
-2.0145,0.3555296310754218,0.6590815388106942
-2.014,0.3661998059331045,0.7120647308365314
-2.0135,0.4408910299368829,0.7226613692416989
-2.013,0.9957401225363802,0.457745409112513
-2.0125,1.433217291701369,-0.2310360872233701
-2.012,0.857027849386506,-1.025783967610927
-2.0115,0.2381577076409128,-1.449649503817625
-2.011,0.3341892813600565,-1.280103289334946
-2.0105,0.5796033030867573,-0.718481453861072
-2.01,0.7183155762366316,-0.1462629799820306
-2.0095,0.7289857510943143,0.1822328105781598
-2.009,0.6329541773751706,0.3305857482505039
-2.0085,0.5155822539406614,0.383568940276341
-2.008,0.408880505363835,0.3411823866556712
-2.0075,0.3661998059331045,0.1822328105781598
-2.007,0.3235191065023739,0.02328323450064829
-2.0065,0.291508581929326,-0.09327978795619347
-2.006,0.2701682322139607,-0.2098428104130352
-2.0055,0.2381577076409128,-0.3052125560595421
-2.005,-0.007256314085787988,-0.474758770542221
-2.0045,-0.4127229586777283,-0.1144730647665284
-2.004,-1.533091318734406,-0.008506680714854012
-2.0035,-2.664129853648766,-0.1568596183871981
-2.003,-2.973564924521563,-0.2734226408440398
-2.0025,-3.048256148525341,-1.05757388282643
-2.002,-2.173301810195364,-1.184733543688439
-2.0015,-1.116954499284783,-0.8456411147230812
-2.001,-0.3593720843893152,-0.474758770542221
-2.0005,0.1101156093487211,-0.1356663415768632
-2,0.3341892813600565,0.1292496185523226
-1.9995,0.4195506802215176,0.309392471440169
-1.999,0.408880505363835,0.4259554938970107
-1.9985,0.3875401556484697,0.5107286011383502
-1.998,0.3768699807907871,0.5743084315693548
-1.9975,0.3661998059331045,0.6060983467848571
-1.997,0.3768699807907871,0.6166949851900245
-1.9965,0.6649647019482183,0.5213252395435176
-1.996,1.390536592270638,0.06566978812131802
-1.9955,1.593269914566608,-0.718481453861072
-1.995,1.091771696255524,-1.258910012524611
-1.9945,0.8890383739595538,-1.248313374119443
-1.994,0.8783681991018712,-0.718481453861072
-1.9935,0.857027849386506,-0.1356663415768632
-1.993,0.7503261008096795,0.2458126410091644
-1.9925,0.6116138276598051,0.4047622170866759
-1.992,0.4729015545099309,0.4365521323021782
-1.9915,0.3768699807907871,0.3729723018711736
-1.991,0.4195506802215176,0.2246193641988295
-1.9905,0.5155822539406614,0.02328323450064829
-1.99,0.4835717293676135,-0.08268314955102604
-1.9895,0.408880505363835,-0.1462629799820306
-1.989,0.3448594562177392,-0.1992461720078678
-1.9885,0.2701682322139607,-0.252229364033705
-1.988,-0.09261771294724913,-0.1144730647665284
-1.9875,-0.7861790786966207,0.2670059178194992
-1.987,-1.447729919872945,0.55311515475902
-1.9865,-2.045259711903173,0.5743084315693548
-1.986,-2.258663209056825,0.1504428953626575
-1.9855,-1.575772018165136,-0.2734226408440398
-1.985,-0.807519428411986,-0.3899856633008816
-1.9845,-0.6047861061160158,-0.7290780922662394
-1.984,-0.572775581542968,-0.9410108603695881
-1.9835,-0.1673089369510276,-0.570128516188728
-1.983,0.05676473506030786,-0.2628260024388724
-1.9825,0.2488278824985954,0.06566978812131802
-1.982,0.3448594562177392,0.309392471440169
-1.9815,0.3341892813600565,0.4047622170866759
-1.981,0.3341892813600565,0.4895353243280153
-1.9805,0.3875401556484697,0.5425185163538525
-1.98,0.5796033030867573,0.5425185163538525
-1.9795,1.219813794547716,0.2140227257936621
-1.979,1.251824319120764,-0.5383386009732256
-1.9785,0.4729015545099309,-1.396666311791788
-1.978,-0.09261771294724913,-1.968884785670829
-1.9775,0.07810508477567314,-1.725162102351978
-1.977,0.3768699807907871,-1.036380606016095
-1.9765,0.5369226036560266,-0.3158091944647096
-1.976,0.5796033030867573,0.1822328105781598
-1.9755,0.5262524287983441,0.4895353243280153
-1.975,0.4515612047945656,0.5849050699745222
-1.9745,0.4195506802215176,0.5213252395435176
-1.974,0.5155822539406614,0.3199891098453364
-1.9735,0.5049120790829789,0.1610395337678249
-1.973,0.4302208550792003,0.03387987290581572
-1.9725,0.3555296310754218,-0.09327978795619347
-1.972,0.291508581929326,-0.2204394488182027
-1.9715,0.1207857842064037,-0.2734226408440398
-1.971,-0.5514352318276028,-0.05089323433552374
-1.9705,-1.415719395299897,0.3729723018711736
-1.97,-2.183971985053047,0.5955017083796896
-1.9695,-2.610778979360353,-0.02969995752518888
-1.969,-2.290673733629873,-0.6231117082145651
-1.9685,-1.319687821580753,-0.6549016234300674
-1.968,-0.5300948821122373,-0.4535654937318862
-1.9675,-0.007256314085787988,-0.1992461720078678
-1.967,0.2808384070716433,0.002089957690313421
-1.9665,0.3875401556484697,0.1504428953626575
-1.966,0.291508581929326,0.1186529801471552
-1.9655,0.3448594562177392,0.2564092794143318
-1.965,-0.2099896363817582,-0.2310360872233701
-1.9645,-0.4020527838200457,-0.3899856633008816
-1.964,-0.1673089369510276,-0.1462629799820306
-1.9635,0.04609456020262521,0.03387987290581572
-1.963,0.7183155762366316,0.06566978812131802
-1.9625,1.486568165989782,-0.3370024712750445
-1.962,0.9957401225363802,-1.216523458903942
-1.9615,0.1527963087794516,-1.566212526274467
-1.961,0.1954770082101822,-1.0999604364471
-1.9605,0.4515612047945656,-0.6972881770507372
-1.96,0.6436243522328531,-0.400582301706049
-1.9595,0.6863050516635838,-0.2098428104130352
-1.959,0.6116138276598051,-0.07208651114585861
-1.9585,0.5049120790829789,-0.008506680714854012
-1.958,0.408880505363835,0.01268659609548085
-1.9575,0.4408910299368829,0.02328323450064829
-1.957,0.4408910299368829,0.03387987290581572
-1.9565,0.3982103305061524,0.05507314971615059
-1.956,0.3448594562177392,0.07626642652648545
-1.9555,0.3021787567870086,0.1080563417419877
-1.955,0.2168173579255475,0.06566978812131802
-1.9545,-0.2420001609548061,-0.5171453241628908
-1.954,-1.116954499284783,-1.375473034981453
-1.9535,-1.927887788468663,-2.064254531317336
-1.953,-2.60010880450267,-1.714565463946811
-1.9525,-2.610778979360353,-0.6337083466197325
-1.952,-1.67180359188428,-0.02969995752518888
-1.9515,-0.7968492535543035,0.1822328105781598
-1.951,-0.156638762093345,0.2034260873884947
-1.9505,0.2061471830678648,0.1822328105781598
-1.95,0.3768699807907871,0.1504428953626575
-1.9495,0.408880505363835,0.1504428953626575
-1.949,0.3875401556484697,0.1716361721729923
-1.9485,0.3661998059331045,0.2246193641988295
-1.948,0.3448594562177392,0.2776025562246667
-1.9475,0.3448594562177392,0.3305857482505039
-1.947,0.3875401556484697,0.3623756634660061
-1.9465,0.7823366253827275,0.2034260873884947
-1.946,1.315845368266859,-0.4535654937318862
-1.9455,1.230483969405398,-1.068170521231597
-1.945,0.3661998059331045,-1.566212526274467
-1.9445,-0.7328282044082075,-2.159624276963843
-1.944,-0.3807124341046804,-1.269506650929778
-1.9435,0.04609456020262521,-0.4853554089473885
-1.943,0.3555296310754218,0.1292496185523226
-1.9425,0.5475927785137094,0.6060983467848571
-1.942,0.5262524287983441,0.7226613692416989
-1.9415,0.4408910299368829,0.6166949851900245
-1.941,0.4729015545099309,0.5637117931641874
-1.9405,0.5582629533713921,0.5213252395435176
-1.94,0.5155822539406614,0.3623756634660061
-1.9395,0.4302208550792003,0.1928294489833272
-1.939,0.3555296310754218,0.04447651131098315
-1.9385,0.291508581929326,-0.06148987274069118
-1.938,0.03542438534494258,-0.06148987274069118
-1.9375,-0.8288597781273515,0.1928294489833272
-1.937,-1.767835165603424,0.5001319627331828
-1.9365,-2.472066706210478,0.5743084315693548
-1.936,-2.96289474966388,0.002089957690313421
-1.9355,-2.280003558772191,-0.4959520473525559
-1.935,-1.287677297007705,-0.5277419625680583
-1.9345,-0.4660738329661415,-0.3793890248957141
-1.934,0.05676473506030786,-0.1780528951975329
-1.9335,0.3235191065023739,-0.008506680714854012
-1.933,0.4195506802215176,0.1292496185523226
-1.9325,0.4195506802215176,0.2246193641988295
-1.932,0.3875401556484697,0.2987958330350016
-1.9315,0.3555296310754218,0.3517790250608387
-1.931,0.3555296310754218,0.3941655786815084
-1.9305,0.3661998059331045,0.4259554938970107
-1.93,0.5796033030867573,0.3517790250608387
-1.9295,1.283834843693812,-0.1780528951975329
-1.929,1.433217291701369,-0.9092209451540858
-1.9285,0.5902734779444399,-1.502632695843462
-1.928,0.02475421048725994,-1.555615887869299
-1.9275,0.1101156093487211,-1.004590690800593
-1.927,0.3555296310754218,-0.2840192792492073
-1.9265,0.5155822539406614,0.2458126410091644
-1.926,0.4302208550792003,0.4153588554918433
-1.9255,0.5049120790829789,0.6166949851900245
-1.925,-0.1886492866663929,-0.04029659593035631
-1.9245,-0.2099896363817582,-0.1886495336027004
-1.924,0.2274875327832301,-0.2628260024388724
-1.9235,0.3982103305061524,-0.2416327256285375
-1.923,0.4835717293676135,-0.09327978795619347
-1.9225,0.4408910299368829,-0.06148987274069118
-1.922,0.3341892813600565,-0.09327978795619347
-1.9215,0.1101156093487211,0.03387987290581572
-1.921,-0.658136980404429,0.6484849004055269
-1.9205,-1.458400094730627,1.316073119931075
-1.92,-2.098610586191586,1.453829419198252
-1.9195,-2.632119329075718,0.4153588554918433
-1.919,-2.354694782775969,-0.5489352393783931
-1.9185,-1.490410619303675,-0.7290780922662394
-1.918,-0.6474668055467465,-0.5489352393783931
-1.9175,-0.06060718837420119,-0.2734226408440398
-1.917,0.2594980573562781,-0.04029659593035631
-1.9165,0.3982103305061524,0.1292496185523226
-1.916,0.4195506802215176,0.2458126410091644
-1.9155,0.3982103305061524,0.309392471440169
-1.915,0.3661998059331045,0.3411823866556712
-1.9145,0.3555296310754218,0.3623756634660061
-1.914,0.3555296310754218,0.3623756634660061
-1.9135,0.408880505363835,0.3623756634660061
-1.913,0.8997085488172365,0.1716361721729923
-1.9125,1.401206767128321,-0.3581957480853793
-1.912,0.9850699476786977,-1.046977244421262
-1.9115,0.4408910299368829,-1.205926820498774
-1.911,0.4835717293676135,-0.8244478379127463
-1.9105,0.6649647019482183,-0.4641621321370536
-1.91,0.7396559259519968,-0.2628260024388724
-1.9095,0.6969752265212663,-0.1674562567923655
-1.909,0.5902734779444399,-0.1356663415768632
-1.9085,0.4835717293676135,-0.1144730647665284
-1.908,0.3875401556484697,-0.07208651114585861
-1.9075,0.3341892813600565,-0.01910331912002144
-1.907,0.1848068333524996,-0.08268314955102604
-1.9065,0.2594980573562781,0.04447651131098315
-1.906,-0.3700422592469978,-0.5383386009732256
-1.9055,-0.4447334832507763,-0.5383386009732256
-1.905,-0.2953510352432193,-0.2098428104130352
-1.9045,-0.658136980404429,0.5001319627331828
-1.904,-1.46907026958831,1.400846227172415
-1.9035,-2.247993034199143,1.962468062646288
-1.903,-2.824182476514005,1.443232780793084
-1.9025,-3.026915798809975,0.04447651131098315
-1.902,-2.19464215991073,-0.5595318777835605
-1.9015,-1.180975548430879,-0.5065486857577234
-1.901,-0.3700422592469978,-0.2098428104130352
-1.9005,0.1314559590640864,0.1186529801471552
-1.9,0.3661998059331045,0.3729723018711736
-1.8995,0.4408910299368829,0.55311515475902
-1.899,0.4302208550792003,0.6590815388106942
-1.8985,0.3982103305061524,0.7120647308365314
-1.898,0.3661998059331045,0.7226613692416989
-1.8975,0.3555296310754218,0.7226613692416989
-1.897,0.3768699807907871,0.6908714540261965
-1.8965,0.5796033030867573,0.457745409112513
-1.896,1.081101521397841,-0.1886495336027004
-1.8955,0.9317190733902845,-1.05757388282643
-1.895,0.142126133921769,-1.778145294377815
-1.8945,0.01408403562957729,-2.138431000153508
-1.894,0.291508581929326,-1.661582271920973
-1.8935,0.5582629533713921,-0.9410108603695881
-1.893,0.6542945270905358,-0.3052125560595421
-1.8925,0.6009436528021226,0.03387987290581572
-1.892,0.5049120790829789,0.13984625695749
-1.8915,0.4195506802215176,0.09745970333682032
-1.891,0.408880505363835,-0.008506680714854012
-1.8905,0.4302208550792003,-0.1250697031716958
-1.89,0.3982103305061524,-0.2098428104130352
-1.8895,0.3555296310754218,-0.2734226408440398
-1.889,0.3128489316446912,-0.3158091944647096
-1.8885,0.2701682322139607,-0.326405832869877
-1.888,-0.08194753808956648,-0.2734226408440398
-1.8875,-0.8288597781273515,0.1186529801471552
-1.887,-1.810515865034154,0.3729723018711736
-1.8865,-2.845522826229371,0.06566978812131802
-1.886,-3.00557544909461,-0.1250697031716958
-1.8855,-2.525417580498891,-0.4535654937318862
-1.885,-1.51175096901904,-0.3899856633008816
-1.8845,-0.572775581542968,-0.1674562567923655
-1.884,-0.01792648894347063,-0.008506680714854012
-1.8835,0.2701682322139607,0.1610395337678249
-1.883,0.3982103305061524,0.309392471440169
-1.8825,0.408880505363835,0.4365521323021782
-1.882,0.3875401556484697,0.5425185163538525
-1.8815,0.3661998059331045,0.6166949851900245
-1.881,0.3661998059331045,0.6802748156210291
-1.8805,0.3768699807907871,0.7120647308365314
-1.88,0.5689331282290746,0.6484849004055269
-1.8795,1.241154144263081,0.1292496185523226
-1.879,1.401206767128321,-0.7608680074817418
-1.8785,0.5262524287983441,-1.555615887869299
-1.878,0.07810508477567314,-1.439052865412457
-1.8775,0.2808384070716433,-0.9304142219644207
-1.877,0.5689331282290746,-0.4959520473525559
-1.8765,0.7396559259519968,-0.1992461720078678
-1.876,0.7503261008096795,-0.04029659593035631
-1.8755,0.6542945270905358,-0.008506680714854012
-1.875,0.5262524287983441,-0.05089323433552374
-1.8745,0.4515612047945656,-0.1462629799820306
-1.874,0.4942419042252961,-0.3158091944647096
-1.8735,0.4729015545099309,-0.3793890248957141
-1.873,0.408880505363835,-0.3475991096802118
-1.8725,0.3555296310754218,-0.2946159176543747
-1.872,0.3021787567870086,-0.2204394488182027
-1.8715,0.1527963087794516,-0.05089323433552374
-1.871,-0.4020527838200457,0.5319218779486851
-1.8705,-0.9569018764195432,1.199510097474233
-1.87,-1.405049220442214,1.517409249629256
-1.8695,-1.810515865034154,1.6657621873016
-1.869,-1.778505340461106,1.37965295036208
-1.8685,-1.138294849000148,0.8710143069140429
-1.868,-0.6154562809736985,0.3517790250608387
-1.8675,-0.06060718837420119,0.2458126410091644
-1.867,-0.4874141826815069,-0.4959520473525559
-1.8665,-0.3380317346739499,-0.400582301706049
-1.866,-0.09261771294724913,-0.07208651114585861
-1.8655,0.07810508477567314,0.2246193641988295
-1.865,0.2594980573562781,0.5425185163538525
-1.8645,0.3448594562177392,0.7120647308365314
-1.864,0.3448594562177392,0.775644561267536
-1.8635,0.408880505363835,0.7968378380778709
-1.863,0.9637295979633325,0.5001319627331828
-1.8625,1.550589215135878,-0.2628260024388724
-1.862,0.9530594231056497,-1.227120097309109
-1.8615,0.05676473506030786,-1.905304955239825
-1.861,-0.01792648894347063,-1.661582271920973
-1.8605,0.2274875327832301,-0.9092209451540858
-1.86,0.4622313796522482,-0.1780528951975329
-1.8595,0.5582629533713921,0.2458126410091644
-1.859,0.5475927785137094,0.4259554938970107
-1.8585,0.4729015545099309,0.4047622170866759
-1.858,0.408880505363835,0.2776025562246667
-1.8575,0.5262524287983441,0.02328323450064829
-1.857,0.5689331282290746,-0.1674562567923655
-1.8565,0.5049120790829789,-0.2734226408440398
-1.856,0.4195506802215176,-0.3581957480853793
-1.8555,0.3448594562177392,-0.4217755785163839
-1.855,0.2488278824985954,-0.4217755785163839
-1.8545,-0.2099896363817582,-0.01910331912002144
-1.854,-1.020922925565639,0.701468092431364
-1.8535,-1.714484291315011,1.273686566310405
-1.853,-2.258663209056825,0.8710143069140429
-1.8525,-2.3973754822067,-0.09327978795619347
-1.852,-1.575772018165136,-0.4641621321370536
-1.8515,-0.7648387289812555,-0.3793890248957141
-1.851,-0.1673089369510276,-0.1356663415768632
-1.8505,0.1954770082101822,0.1292496185523226
-1.85,0.3661998059331045,0.3517790250608387
-1.8495,0.408880505363835,0.5107286011383502
-1.849,0.3982103305061524,0.627291623595192
-1.8485,0.3661998059331045,0.701468092431364
-1.848,0.2274875327832301,0.627291623595192
-1.8475,0.3021787567870086,0.7226613692416989
-1.847,-0.2953510352432193,0.09745970333682032
-1.8465,0.02475421048725994,-0.1568596183871981
-1.846,1.070431346540159,-0.6549016234300674
-1.8455,1.337185717982225,-1.481439419033127
-1.845,0.4942419042252961,-1.968884785670829
-1.8445,0.1527963087794516,-1.51322933424863
-1.844,0.2274875327832301,-0.8668343915334161
-1.8435,0.3768699807907871,-0.3370024712750445
-1.843,0.4622313796522482,-0.04029659593035631
-1.8425,0.4835717293676135,0.08686306493165288
-1.842,0.4515612047945656,0.06566978812131802
-1.8415,0.408880505363835,0.02328323450064829
-1.841,0.4515612047945656,-0.08268314955102604
-1.8405,0.5155822539406614,-0.2098428104130352
-1.84,0.4729015545099309,-0.2734226408440398
-1.8395,0.408880505363835,-0.3052125560595421
-1.839,0.3448594562177392,-0.326405832869877
-1.8385,0.291508581929326,-0.3370024712750445
-1.838,-0.06060718837420119,-0.02969995752518888
-1.8375,-0.9142211769888124,0.701468092431364
-1.837,-1.746494815888059,1.390249588767247
-1.8365,-2.312014083345239,1.686955464111935
-1.836,-2.418715831922065,1.00877060618122
-1.8355,-1.650463242168915,0.3411823866556712
-1.835,-0.8181896032696687,0.002089957690313421
-1.8345,-0.1886492866663929,-0.07208651114585861
-1.834,0.1954770082101822,-0.008506680714854012
-1.8335,0.3661998059331045,0.1292496185523226
-1.833,0.408880505363835,0.2881991946298341
-1.8325,0.3982103305061524,0.4365521323021782
-1.832,0.3661998059331045,0.5637117931641874
-1.8315,0.3448594562177392,0.6696781772158616
-1.831,0.3341892813600565,0.7332580076468663
-1.8305,0.3555296310754218,0.7862411996727035
-1.83,0.4942419042252961,0.7650479228623686
-1.8295,1.091771696255524,0.4683420475176805
-1.829,1.219813794547716,-0.1674562567923655
-1.8285,0.6009436528021226,-0.7608680074817418
-1.828,0.2061471830678648,-1.227120097309109
-1.8275,0.4729015545099309,-1.131750351662602
-1.827,0.2061471830678648,-1.152943628472937
-1.8265,0.08877525963335578,-0.792657922697244
-1.826,0.2381577076409128,-0.2310360872233701
-1.8255,0.3021787567870086,0.07626642652648545
-1.825,0.3875401556484697,0.2670059178194992
-1.8245,0.408880505363835,0.2140227257936621
-1.824,0.4622313796522482,0.01268659609548085
-1.8235,0.4302208550792003,-0.1250697031716958
-1.823,0.3768699807907871,-0.2310360872233701
-1.8225,0.3341892813600565,-0.326405832869877
-1.822,0.3021787567870086,-0.3899856633008816
-1.8215,0.1527963087794516,-0.400582301706049
-1.821,-0.6154562809736985,-0.1356663415768632
-1.8205,-1.67180359188428,0.2458126410091644
-1.82,-2.408045657064382,0.3623756634660061
-1.8195,-2.941554399948514,-0.3899856633008816
-1.819,-2.514747405641209,-1.004590690800593
-1.8185,-1.522421143876723,-0.8880276683437509
-1.818,-0.6367966306890638,-0.5171453241628908
-1.8175,-0.03926683865883591,-0.1250697031716958
-1.817,0.2808384070716433,0.1610395337678249
-1.8165,0.408880505363835,0.3623756634660061
-1.816,0.4302208550792003,0.4789386859228479
-1.8155,0.3982103305061524,0.5425185163538525
-1.815,0.3661998059331045,0.5743084315693548
-1.8145,0.3555296310754218,0.5849050699745222
-1.814,0.3555296310754218,0.5743084315693548
-1.8135,0.408880505363835,0.5425185163538525
-1.813,0.8676980242441885,0.2034260873884947
-1.8125,1.454557641416734,-0.5277419625680583
-1.812,1.049090996824793,-1.280103289334946
-1.8115,0.1741366584948169,-1.873515040024322
-1.811,0.09944543449103843,-2.021867977696666
-1.8105,0.3448594562177392,-1.322489842955616
-1.81,0.5369226036560266,-0.6125150698093976
-1.8095,0.6116138276598051,-0.1462629799820306
-1.809,0.4942419042252961,0.04447651131098315
-1.8085,0.4408910299368829,0.1292496185523226
-1.808,0.3128489316446912,0.04447651131098315
-1.8075,-0.391382608962363,-0.8350444763179138
-1.807,-0.1459685872356623,-0.6972881770507372
-1.8065,-0.007256314085787988,-0.5807251545938954
-1.806,0.1207857842064037,-0.4323722169215513
-1.8055,0.2701682322139607,-0.2628260024388724
-1.805,0.2381577076409128,-0.1886495336027004
-1.8045,-0.3593720843893152,0.2987958330350016
-1.804,-1.479740444445993,1.061753798207057
-1.8035,-2.450726356495113,1.644568910491266
-1.803,-3.058926323383024,1.135930267043229
-1.8025,-3.250989470821311,-0.1674562567923655
-1.802,-2.269333383914508,-0.7290780922662394
-1.8015,-1.191645723288561,-0.6125150698093976
-1.801,-0.3700422592469978,-0.2628260024388724
-1.8005,0.1314559590640864,0.07626642652648545
-1.8,0.3768699807907871,0.3411823866556712
-1.7995,0.4408910299368829,0.5213252395435176
-1.799,0.4302208550792003,0.627291623595192
-1.7985,0.3982103305061524,0.6802748156210291
-1.798,0.3768699807907871,0.6908714540261965
-1.7975,0.3661998059331045,0.6802748156210291
-1.797,0.3768699807907871,0.6590815388106942
-1.7965,0.6756348768059011,0.4365521323021782
-1.796,1.379866417412955,-0.1992461720078678
-1.7955,1.454557641416734,-1.036380606016095
-1.795,0.6329541773751706,-1.587405803084801
-1.7945,0.4408910299368829,-1.078767159636765
-1.794,0.6116138276598051,-0.6549016234300674
-1.7935,0.7609962756673623,-0.5065486857577234
-1.793,0.7396559259519968,-0.4535654937318862
-1.7925,0.6222840025174878,-0.4323722169215513
-1.792,0.5049120790829789,-0.4111789401112165
-1.7915,0.3982103305061524,-0.400582301706049
-1.791,0.3555296310754218,-0.3899856633008816
-1.7905,0.3235191065023739,-0.3475991096802118
-1.79,0.2594980573562781,-0.3052125560595421
-1.7895,0.1848068333524996,-0.2734226408440398
-1.789,0.1954770082101822,-0.1462629799820306
-1.7885,-0.5194247072545548,-0.7396747306714069
-1.788,-0.6688071552621118,-0.3475991096802118
-1.7875,-1.341028171296118,0.2352160026039969
-1.787,-2.055929886760855,0.7544512844572011
-1.7865,-2.546757930214257,0.9663840525605498
-1.786,-2.952224574806197,0.4471487707073456
-1.7855,-2.408045657064382,0.02328323450064829
-1.785,-1.426389570157579,0.06566978812131802
-1.7845,-0.5514352318276028,0.2881991946298341
-1.784,0.01408403562957729,0.5107286011383502
-1.7835,0.3235191065023739,0.6696781772158616
-1.783,0.4302208550792003,0.7544512844572011
-1.7825,0.4515612047945656,0.775644561267536
-1.782,0.408880505363835,0.7438546460520338
-1.7815,0.3768699807907871,0.6802748156210291
-1.781,0.3661998059331045,0.5849050699745222
-1.7805,0.3768699807907871,0.4895353243280153
-1.78,0.5049120790829789,0.3199891098453364
-1.7795,1.123782220828572,-0.2416327256285375
-1.779,1.283834843693812,-1.142346990067769
-1.7785,0.3875401556484697,-1.958288147265661
-1.778,-0.1139580626626144,-2.064254531317336
-1.7775,0.05676473506030786,-1.587405803084801
-1.777,0.3768699807907871,-0.9939940523954253
-1.7765,0.6009436528021226,-0.5383386009732256
-1.776,0.6542945270905358,-0.2734226408440398
-1.7755,0.5902734779444399,-0.1780528951975329
-1.775,0.4942419042252961,-0.1992461720078678
-1.7745,0.4515612047945656,-0.2416327256285375
-1.774,0.6009436528021226,-0.3052125560595421
-1.7735,0.5902734779444399,-0.3158091944647096
-1.773,0.4942419042252961,-0.2734226408440398
-1.7725,0.3875401556484697,-0.2098428104130352
-1.772,0.3128489316446912,-0.1356663415768632
-1.7715,0.1527963087794516,0.04447651131098315
-1.771,-0.4660738329661415,0.6378882620003594
-1.7705,-1.362368521011484,1.178316820663898
-1.77,-1.906547438753298,1.602182356870596
-1.7695,-3.016245623952293,0.7438546460520338
-1.769,-2.685470203364131,0.1716361721729923
-1.7685,-1.810515865034154,-0.1568596183871981
-1.768,-0.8502001278427167,-0.1250697031716958
-1.7675,-0.1139580626626144,0.09745970333682032
-1.767,0.2274875327832301,0.2670059178194992
-1.7665,0.3768699807907871,0.4365521323021782
-1.766,0.408880505363835,0.5955017083796896
-1.7655,0.3982103305061524,0.7226613692416989
-1.765,0.3768699807907871,0.8180311148882058
-1.7645,0.3661998059331045,0.8816109453192104
-1.764,0.3768699807907871,0.9134008605347127
-1.7635,0.4622313796522482,0.8922075837243778
-1.763,1.017080472251745,0.4471487707073456
-1.7625,1.731982187716482,-0.4853554089473885
-1.762,1.486568165989782,-1.38606967338662
-1.7615,0.7503261008096795,-1.661582271920973
-1.761,0.6542945270905358,-0.9092209451540858
-1.7605,0.7503261008096795,-0.4535654937318862
-1.76,0.79300680024041,-0.2098428104130352
-1.7595,0.7396559259519968,-0.06148987274069118
-1.759,0.6329541773751706,-0.06148987274069118
-1.7585,0.5155822539406614,-0.1038764263613609
-1.758,0.4195506802215176,-0.1886495336027004
-1.7575,0.4515612047945656,-0.4111789401112165
-1.757,0.4622313796522482,-0.5595318777835605
-1.7565,0.408880505363835,-0.5807251545938954
-1.756,0.3555296310754218,-0.5595318777835605
-1.7555,0.3128489316446912,-0.5171453241628908
-1.755,0.2381577076409128,-0.4535654937318862
-1.7545,-0.2099896363817582,-0.1250697031716958
-1.754,-1.020922925565639,0.457745409112513
-1.7535,-1.767835165603424,0.9875773293708847
-1.753,-2.365364957633652,0.6484849004055269
-1.7525,-2.386705307349017,-0.1886495336027004
-1.752,-1.575772018165136,-0.4323722169215513
-1.7515,-0.8502001278427167,-0.3687923864905467
-1.751,-0.1886492866663929,0.002089957690313421
-1.7505,-0.423393133535411,-0.3052125560595421
-1.75,-0.3273615598162672,-0.1568596183871981
-1.7495,-0.07127736323188383,0.2140227257936621
-1.749,0.09944543449103843,0.4789386859228479
-1.7485,0.2808384070716433,0.7332580076468663
-1.748,0.3555296310754218,0.8180311148882058
-1.7475,0.3661998059331045,0.8074344764830383
-1.747,0.3875401556484697,0.7544512844572011
-1.7465,0.6329541773751706,0.55311515475902
-1.746,1.326515543124542,-0.06148987274069118
-1.7455,1.614610264281974,-1.01518732920576
-1.745,0.79300680024041,-1.905304955239825
-1.7445,0.408880505363835,-2.202010830584512
-1.744,0.4729015545099309,-1.672178910326141
-1.7435,0.5796033030867573,-0.9622041371799229
-1.743,0.6009436528021226,-0.3581957480853793
-1.7425,0.5689331282290746,-0.04029659593035631
-1.742,0.5049120790829789,0.02328323450064829
-1.7415,0.4302208550792003,-0.04029659593035631
-1.741,0.4408910299368829,-0.2098428104130352
-1.7405,0.4942419042252961,-0.400582301706049
-1.74,0.4622313796522482,-0.474758770542221
-1.7395,0.3875401556484697,-0.474758770542221
-1.739,0.3235191065023739,-0.4429688553267188
-1.7385,0.2701682322139607,-0.400582301706049
-1.738,-0.03926683865883591,-0.400582301706049
-1.7375,-0.8288597781273515,-0.3475991096802118
-1.737,-1.67180359188428,-0.2946159176543747
-1.7365,-2.365364957633652,-0.252229364033705
-1.736,-2.546757930214257,-0.1568596183871981
-1.7355,-1.714484291315011,-0.02969995752518888
-1.735,-0.8502001278427167,0.1080563417419877
-1.7345,-0.2099896363817582,0.2564092794143318
-1.734,0.1848068333524996,0.383568940276341
-1.7335,0.3661998059331045,0.4895353243280153
-1.733,0.408880505363835,0.5743084315693548
-1.7325,0.3982103305061524,0.6378882620003594
-1.732,0.3661998059331045,0.701468092431364
-1.7315,0.2168173579255475,0.5955017083796896
-1.731,0.3021787567870086,0.6908714540261965
-1.7305,-0.2526703358124887,0.1080563417419877
-1.73,-0.09261771294724913,-0.1992461720078678
-1.7295,0.9103787236749192,-0.8774310299385835
-1.729,1.422547116843686,-1.746355379162313
-1.7285,0.6329541773751706,-2.350363768256857
-1.728,-0.03926683865883591,-2.233800745800015
-1.7275,-0.02859666380115328,-1.481439419033127
-1.727,0.2168173579255475,-0.6654982618352349
-1.7265,0.408880505363835,-0.08268314955102604
-1.726,0.4729015545099309,0.2034260873884947
-1.7255,0.4622313796522482,0.2776025562246667
-1.725,0.4195506802215176,0.2246193641988295
-1.7245,0.4195506802215176,0.1080563417419877
-1.724,0.5155822539406614,-0.06148987274069118
-1.7235,0.5049120790829789,-0.1886495336027004
-1.723,0.4408910299368829,-0.2734226408440398
-1.7225,0.3661998059331045,-0.326405832869877
-1.722,0.3128489316446912,-0.3687923864905467
-1.7215,0.1314559590640864,-0.3052125560595421
-1.721,-0.6261264558313813,0.1716361721729923
-1.7205,-1.586442193022819,0.8604176685088755
-1.72,-2.344024607918286,1.443232780793084
-1.7195,-2.877533350802418,1.485619334413754
-1.719,-2.269333383914508,0.9134008605347127
-1.7185,-1.277007122150022,0.383568940276341
-1.718,-0.4767440078238243,0.06566978812131802
-1.7175,0.04609456020262521,-0.04029659593035631
-1.717,0.3235191065023739,-0.008506680714854012
-1.7165,0.4195506802215176,0.1080563417419877
-1.716,0.4195506802215176,0.2670059178194992
-1.7155,0.3875401556484697,0.4259554938970107
-1.715,0.3661998059331045,0.5743084315693548
-1.7145,0.3448594562177392,0.6908714540261965
-1.714,0.3661998059331045,0.7862411996727035
-1.7135,0.4302208550792003,0.8392243916985406
-1.713,0.9317190733902845,0.5637117931641874
-1.7125,1.603940089424291,-0.1038764263613609
-1.712,1.294505018551494,-0.8244478379127463
-1.7115,0.6542945270905358,-1.121153713257435
-1.711,0.6009436528021226,-0.9304142219644207
-1.7105,0.3021787567870086,-0.7502713690765743
-1.71,0.05676473506030786,-0.474758770542221
-1.7095,0.2701682322139607,0.06566978812131802
-1.709,0.3341892813600565,0.309392471440169
-1.7085,0.408880505363835,0.4471487707073456
-1.708,0.3982103305061524,0.4153588554918433
-1.7075,0.4302208550792003,0.2564092794143318
-1.707,0.4408910299368829,0.09745970333682032
-1.7065,0.3875401556484697,-0.06148987274069118
-1.706,0.3341892813600565,-0.1992461720078678
-1.7055,0.291508581929326,-0.3158091944647096
-1.705,0.1101156093487211,-0.3370024712750445
-1.7045,-0.5941159312583333,0.1186529801471552
-1.704,-1.607782542738184,0.8286277532933731
-1.7035,-2.461396531352796,1.358459673551745
-1.703,-3.122947372529119,1.623375633680931
-1.7025,-2.952224574806197,1.570392441655093
-1.702,-1.87453691418025,0.9769806909657173
-1.7015,-0.8822106524157645,0.3305857482505039
-1.701,-0.1779791118087102,-0.1038764263613609
-1.7005,0.2274875327832301,-0.2840192792492073
-1.7,0.3982103305061524,-0.2628260024388724
-1.6995,0.4408910299368829,-0.1144730647665284
-1.699,0.4195506802215176,0.08686306493165288
-1.6985,0.3768699807907871,0.309392471440169
-1.698,0.3555296310754218,0.5107286011383502
-1.6975,0.3661998059331045,0.701468092431364
-1.697,0.408880505363835,0.849821030103708
-1.6965,0.8036769750980928,0.775644561267536
-1.696,1.507908515705147,0.2246193641988295
-1.6955,1.35852606769759,-0.4217755785163839
-1.695,0.4622313796522482,-0.7714646458869092
-1.6945,0.3235191065023739,-0.3793890248957141
-1.694,0.5475927785137094,0.02328323450064829
-1.6935,0.7289857510943143,0.2458126410091644
-1.693,0.7609962756673623,0.3623756634660061
-1.6925,0.6756348768059011,0.3729723018711736
-1.692,0.4195506802215176,0.1610395337678249
-1.6915,0.3235191065023739,0.06566978812131802
-1.691,-0.4980843575391895,-0.7714646458869092
-1.6905,-0.2846808603855366,-0.6019184314042303
-1.69,-0.124628237520297,-0.4853554089473885
-1.6895,0.04609456020262521,-0.3370024712750445
-1.689,0.2274875327832301,-0.1780528951975329
-1.6885,0.2381577076409128,-0.1356663415768632
-1.688,-0.08194753808956648,0.06566978812131802
-1.6875,-1.010252750707956,0.5743084315693548
-1.687,-1.959898313041711,1.082947075017392
-1.6865,-2.514747405641209,1.25249328950007
-1.686,-2.877533350802418,0.5107286011383502
-1.6855,-2.258663209056825,-0.1568596183871981
-1.685,-1.287677297007705,-0.2946159176543747
-1.6845,-0.4660738329661415,-0.1780528951975329
-1.684,0.05676473506030786,0.01268659609548085
-1.6835,0.3235191065023739,0.1928294489833272
-1.683,0.4195506802215176,0.3411823866556712
-1.6825,0.4302208550792003,0.4365521323021782
-1.682,0.3982103305061524,0.5107286011383502
-1.6815,0.3768699807907871,0.5425185163538525
-1.681,0.3661998059331045,0.55311515475902
-1.6805,0.3768699807907871,0.55311515475902
-1.68,0.5689331282290746,0.3729723018711736
-1.6795,1.19847344483235,-0.3687923864905467
-1.679,1.507908515705147,-1.227120097309109
-1.6785,0.8036769750980928,-1.852321763213987
-1.678,0.1634664836371343,-2.223204107394847
-1.6775,0.2168173579255475,-1.746355379162313
-1.677,0.4408910299368829,-0.9304142219644207
-1.6765,0.5689331282290746,-0.3052125560595421
-1.676,0.5902734779444399,0.01268659609548085
-1.6755,0.5369226036560266,0.1822328105781598
-1.675,0.4622313796522482,0.2246193641988295
-1.6745,0.4302208550792003,0.1610395337678249
-1.674,0.5369226036560266,-0.04029659593035631
-1.6735,0.5262524287983441,-0.1462629799820306
-1.673,0.3235191065023739,-0.3052125560595421
-1.6725,0.3235191065023739,-0.2310360872233701
-1.672,-0.2953510352432193,-0.8032545611024114
-1.6715,-0.5621054066852853,-0.8350444763179138
-1.671,-1.084943974711735,-0.1674562567923655
-1.6705,-1.981238662757077,0.701468092431364
-1.67,-2.674800028506448,1.453829419198252
-1.6695,-3.282999995394359,1.135930267043229
-1.669,-3.058926323383024,0.1186529801471552
-1.6685,-1.970568487899394,-0.326405832869877
-1.668,-0.9355615267041777,-0.3581957480853793
-1.6675,-0.1886492866663929,-0.1992461720078678
-1.667,0.2381577076409128,0.002089957690313421
-1.6665,0.4195506802215176,0.1822328105781598
-1.666,0.4622313796522482,0.3305857482505039
-1.6655,0.4302208550792003,0.4365521323021782
-1.665,0.3982103305061524,0.5001319627331828
-1.6645,0.3768699807907871,0.55311515475902
-1.664,0.3875401556484697,0.5743084315693548
-1.6635,0.4622313796522482,0.55311515475902
-1.663,0.8997085488172365,0.309392471440169
-1.6625,1.422547116843686,-0.252229364033705
-1.662,0.9530594231056497,-1.036380606016095
-1.6615,0.1741366584948169,-1.502632695843462
-1.661,0.142126133921769,-1.258910012524611
-1.6605,0.3661998059331045,-0.6125150698093976
-1.66,0.5369226036560266,-0.02969995752518888
-1.6595,0.6009436528021226,0.3199891098453364
-1.659,0.5582629533713921,0.457745409112513
-1.6585,0.4835717293676135,0.4471487707073456
-1.658,0.4195506802215176,0.3411823866556712
-1.6575,0.4515612047945656,0.13984625695749
-1.657,0.4515612047945656,-0.01910331912002144
-1.6565,0.408880505363835,-0.1038764263613609
-1.656,0.3555296310754218,-0.1568596183871981
-1.6555,0.3021787567870086,-0.1992461720078678
-1.655,0.1634664836371343,-0.2204394488182027
-1.6545,-0.3380317346739499,-0.07208651114585861
-1.654,-1.042263275281004,0.2140227257936621
-1.6535,-1.703814116457328,0.3411823866556712
-1.653,-2.280003558772191,0.2140227257936621
-1.6525,-2.888203525660101,-0.4217755785163839
-1.652,-2.013249187330125,-0.2946159176543747
-1.6515,-1.095614149569417,-0.2734226408440398
-1.651,-0.3380317346739499,-0.1674562567923655
-1.6505,0.1741366584948169,-0.01910331912002144
-1.65,0.3555296310754218,0.04447651131098315
-1.6495,0.3982103305061524,0.1292496185523226
-1.649,0.3875401556484697,0.2246193641988295
-1.6485,0.3661998059331045,0.3305857482505039
-1.648,0.3448594562177392,0.4259554938970107
-1.6475,0.3555296310754218,0.5107286011383502
-1.647,0.3768699807907871,0.5743084315693548
-1.6465,0.7183155762366316,0.457745409112513
-1.646,1.35852606769759,-0.1568596183871981
-1.6455,1.081101521397841,-1.036380606016095
-1.645,0.1314559590640864,-1.75695201756748
-1.6445,-0.07127736323188383,-2.096044446532838
-1.644,0.2274875327832301,-1.714565463946811
-1.6435,0.5369226036560266,-0.8986243067489184
-1.643,0.6649647019482183,-0.1992461720078678
-1.6425,0.6329541773751706,0.2564092794143318
-1.642,0.5369226036560266,0.5001319627331828
-1.6415,0.4408910299368829,0.55311515475902
-1.641,0.4622313796522482,0.4259554938970107
-1.6405,0.5262524287983441,0.2140227257936621
-1.64,0.4835717293676135,0.06566978812131802
-1.6395,0.4195506802215176,-0.06148987274069118
-1.639,0.3555296310754218,-0.1674562567923655
-1.6385,0.3021787567870086,-0.2628260024388724
-1.638,-0.03926683865883591,-0.1462629799820306
-1.6375,-0.8181896032696687,0.2881991946298341
-1.637,-1.586442193022819,0.7226613692416989
-1.6365,-2.301343908487556,0.9134008605347127
-1.636,-2.461396531352796,0.55311515475902
-1.6355,-1.735824641030376,0.04447651131098315
-1.635,-0.8608703027003992,-0.2628260024388724
-1.6345,-0.3380317346739499,-0.4959520473525559
-1.634,0.1527963087794516,-0.3793890248957141
-1.6335,0.2488278824985954,-0.3581957480853793
-1.633,-0.3700422592469978,-0.8986243067489184
-1.6325,-0.156638762093345,-0.5277419625680583
-1.632,0.00341386077189465,-0.1780528951975329
-1.6315,0.1634664836371343,0.1504428953626575
-1.631,0.3235191065023739,0.4365521323021782
-1.6305,0.3661998059331045,0.5637117931641874
-1.63,0.5796033030867573,0.5637117931641874
-1.6295,1.262494493978446,0.03387987290581572
-1.629,1.19847344483235,-0.8350444763179138
-1.6285,0.1848068333524996,-1.598002441489969
-1.628,-0.3166913849585846,-1.47084278062796
-1.6275,-0.07127736323188383,-0.7714646458869092
-1.627,0.2488278824985954,-0.1250697031716958
-1.6265,0.4835717293676135,0.3305857482505039
-1.626,0.5582629533713921,0.6166949851900245
-1.6255,0.5155822539406614,0.7120647308365314
-1.625,0.4515612047945656,0.6484849004055269
-1.6245,0.408880505363835,0.4895353243280153
-1.624,0.4408910299368829,0.1822328105781598
-1.6235,0.4195506802215176,0.01268659609548085
-1.623,0.3768699807907871,-0.07208651114585861
-1.6225,0.3341892813600565,-0.1356663415768632
-1.622,0.291508581929326,-0.1992461720078678
-1.6215,-0.09261771294724913,-0.1144730647665284
-1.621,-0.8928808272734472,0.2246193641988295
-1.6205,-1.415719395299897,0.4683420475176805
-1.62,-1.597112367880501,0.4365521323021782
-1.6195,-1.917217613610981,0.08686306493165288
-1.619,-1.757164990745741,-0.3793890248957141
-1.6185,-1.095614149569417,-0.5277419625680583
-1.618,-0.4447334832507763,-0.4853554089473885
-1.6175,0.01408403562957729,-0.3581957480853793
-1.617,0.2701682322139607,-0.2098428104130352
-1.6165,0.3768699807907871,-0.06148987274069118
-1.616,0.3982103305061524,0.07626642652648545
-1.6155,0.3768699807907871,0.1928294489833272
-1.615,0.3555296310754218,0.309392471440169
-1.6145,0.291508581929326,0.3517790250608387
-1.614,0.2701682322139607,0.4047622170866759
-1.6135,0.1527963087794516,0.2458126410091644
-1.613,0.1101156093487211,-0.6231117082145651
-1.6125,0.8356874996711408,-1.163540266878104
-1.612,0.291508581929326,-1.831128486403653
-1.6115,-0.5194247072545548,-2.117237723343173
-1.611,-0.4020527838200457,-1.502632695843462
-1.6105,0.01408403562957729,-0.6443049850249
-1.61,0.3555296310754218,0.08686306493165288
-1.6095,0.5262524287983441,0.5213252395435176
-1.609,0.5475927785137094,0.7226613692416989
-1.6085,0.4942419042252961,0.7650479228623686
-1.608,0.4302208550792003,0.701468092431364
-1.6075,0.5155822539406614,0.5319218779486851
-1.607,0.5369226036560266,0.3517790250608387
-1.6065,0.4729015545099309,0.1822328105781598
-1.606,0.3982103305061524,0.02328323450064829
-1.6055,0.3341892813600565,-0.1144730647665284
-1.605,0.2594980573562781,-0.252229364033705
-1.6045,-0.2420001609548061,-0.3370024712750445
-1.604,-1.148965023857831,-0.2840192792492073
-1.6035,-1.906547438753298,-0.2310360872233701
-1.603,-2.344024607918286,-0.3052125560595421
-1.6025,-2.493407055925843,-0.6231117082145651
-1.602,-1.735824641030376,-0.7820612842920766
-1.6015,-0.8822106524157645,-0.7290780922662394
-1.601,-0.2206598112394408,-0.5807251545938954
-1.6005,0.1741366584948169,-0.4111789401112165
-1.6,0.3661998059331045,-0.252229364033705
-1.5995,0.4195506802215176,-0.1144730647665284
-1.599,0.408880505363835,0.02328323450064829
-1.5985,0.3768699807907871,0.1504428953626575
-1.598,0.3555296310754218,0.2670059178194992
-1.5975,0.3555296310754218,0.3729723018711736
-1.597,0.3875401556484697,0.4789386859228479
-1.5965,0.6863050516635838,0.3729723018711736
-1.596,1.411876941986003,-0.1886495336027004
-1.5955,1.614610264281974,-0.8138511995075789
-1.595,0.7289857510943143,-1.280103289334946
-1.5945,0.2488278824985954,-1.227120097309109
-1.594,0.3235191065023739,-0.6125150698093976
-1.5935,0.1314559590640864,-0.3158091944647096
-1.593,-0.1886492866663929,-0.1886495336027004
-1.5925,0.03542438534494258,0.3305857482505039
-1.592,0.1741366584948169,0.5955017083796896
-1.5915,0.3128489316446912,0.7226613692416989
-1.591,0.4515612047945656,0.6484849004055269
-1.5905,0.5689331282290746,0.457745409112513
-1.59,0.5369226036560266,0.2881991946298341
-1.5895,0.4515612047945656,0.13984625695749
-1.589,0.3661998059331045,-0.008506680714854012
-1.5885,0.291508581929326,-0.1250697031716958
-1.588,-0.09261771294724913,0.02328323450064829
-1.5875,-1.052933450138687,0.5213252395435176
-1.587,-1.981238662757077,0.9981739677760521
-1.5865,-2.728150902794861,1.029963882991555
-1.586,-3.16562807195985,0.1610395337678249
-1.5855,-2.333354433060604,-0.4959520473525559
-1.585,-1.277007122150022,-0.6125150698093976
-1.5845,-0.4340633083930936,-0.4853554089473885
-1.584,0.08877525963335578,-0.2840192792492073
-1.5835,0.3555296310754218,-0.1038764263613609
-1.583,0.4408910299368829,0.04447651131098315
-1.5825,0.4408910299368829,0.1504428953626575
-1.582,0.408880505363835,0.2352160026039969
-1.5815,0.3768699807907871,0.2987958330350016
-1.581,0.3661998059331045,0.3517790250608387
-1.5805,0.3768699807907871,0.3941655786815084
-1.58,0.5155822539406614,0.383568940276341
-1.5795,1.123782220828572,0.1186529801471552
-1.579,1.166462920259302,-0.4959520473525559
-1.5785,0.2701682322139607,-1.142346990067769
-1.578,-0.1352984123779797,-1.046977244421262
-1.5775,0.07810508477567314,-0.6231117082145651
-1.577,0.3661998059331045,-0.1992461720078678
-1.5765,0.5369226036560266,0.1610395337678249
-1.576,0.5796033030867573,0.4683420475176805
-1.5755,0.5475927785137094,0.5955017083796896
-1.575,0.3448594562177392,0.457745409112513
-1.5745,0.4195506802215176,0.4683420475176805
-1.574,0.3448594562177392,0.08686306493165288
-1.5735,-0.3166913849585846,-0.6972881770507372
-1.573,-0.124628237520297,-0.5065486857577234
-1.5725,0.00341386077189465,-0.3687923864905467
-1.572,0.142126133921769,-0.2204394488182027
-1.5715,0.142126133921769,0.02328323450064829
-1.571,-0.6047861061160158,0.6378882620003594
-1.5705,-1.735824641030376,1.347863035146577
-1.57,-2.568098279929622,1.835308401784279
-1.5695,-3.112277197671437,1.432636142387917
-1.569,-2.546757930214257,0.4895353243280153
-1.5685,-1.51175096901904,-0.05089323433552374
-1.568,-0.5941159312583333,-0.2628260024388724
-1.5675,0.00341386077189465,-0.2734226408440398
-1.567,0.3235191065023739,-0.1780528951975329
-1.5665,0.4408910299368829,-0.04029659593035631
-1.566,0.4515612047945656,0.08686306493165288
-1.5655,0.4195506802215176,0.2140227257936621
-1.565,0.3875401556484697,0.3305857482505039
-1.5645,0.3768699807907871,0.4259554938970107
-1.564,0.3768699807907871,0.5001319627331828
-1.5635,0.4302208550792003,0.5425185163538525
-1.563,0.8676980242441885,0.1504428953626575
-1.5625,1.369196242555273,-0.6443049850249
-1.562,0.9317190733902845,-1.354279758171118
-1.5615,0.3555296310754218,-1.375473034981453
-1.561,0.4622313796522482,-0.6760949002404023
-1.5605,0.6863050516635838,-0.2310360872233701
-1.56,0.8036769750980928,0.02328323450064829
-1.5595,0.7503261008096795,0.1504428953626575
-1.559,0.6222840025174878,0.2034260873884947
-1.5585,0.4835717293676135,0.1822328105781598
-1.558,0.3982103305061524,0.13984625695749
-1.5575,0.4729015545099309,0.01268659609548085
-1.557,0.4942419042252961,-0.06148987274069118
-1.5565,0.4408910299368829,-0.06148987274069118
-1.556,0.3768699807907871,-0.04029659593035631
-1.5555,0.3341892813600565,-0.01910331912002144
-1.555,0.1207857842064037,-0.1038764263613609
-1.5545,-0.3166913849585846,0.3411823866556712
-1.554,-1.373038695869166,0.7650479228623686
-1.5535,-2.632119329075718,0.7862411996727035
-1.553,-2.952224574806197,0.5001319627331828
-1.5525,-3.080266673098389,-0.6231117082145651
-1.552,-2.247993034199143,-0.9410108603695881
-1.5515,-1.170305373573196,-0.6549016234300674
-1.551,-0.391382608962363,-0.2840192792492073
-1.5505,0.09944543449103843,0.04447651131098315
-1.55,0.3448594562177392,0.2776025562246667
-1.5495,0.4302208550792003,0.4153588554918433
-1.549,0.4302208550792003,0.4683420475176805
-1.5485,0.408880505363835,0.4895353243280153
-1.548,0.3875401556484697,0.4789386859228479
-1.5475,0.3875401556484697,0.4471487707073456
-1.547,0.408880505363835,0.3941655786815084
-1.5465,0.5369226036560266,0.2246193641988295
-1.546,0.9317190733902845,-0.2310360872233701
-1.5455,0.8356874996711408,-1.036380606016095
-1.545,-0.007256314085787988,-1.88411167842949
-1.5445,-0.2526703358124887,-2.509313344334368
-1.544,0.1101156093487211,-2.25499402261035
-1.5435,0.4942419042252961,-1.449649503817625
-1.543,0.6756348768059011,-0.7502713690765743
-1.5425,0.6649647019482183,-0.2628260024388724
-1.542,0.5902734779444399,-0.02969995752518888
-1.5415,0.5049120790829789,0.04447651131098315
-1.541,0.4515612047945656,-0.008506680714854012
-1.5405,0.4408910299368829,-0.1144730647665284
-1.54,0.3982103305061524,-0.1462629799820306
-1.5395,0.3555296310754218,-0.1356663415768632
-1.539,0.3235191065023739,-0.1144730647665284
-1.5385,0.2701682322139607,-0.07208651114585861
-1.538,-0.124628237520297,0.1504428953626575
-1.5375,-0.8822106524157645,0.5849050699745222
-1.537,-1.565101843307454,0.9345941373450475
-1.5365,-1.938557963326346,1.019367244586387
-1.536,-2.03458953704549,1.00877060618122
-1.5355,-1.383708870726849,0.8286277532933731
-1.535,-0.7861790786966207,0.457745409112513
-1.5345,-0.4020527838200457,0.1186529801471552
-1.534,-0.6047861061160158,-0.5065486857577234
-1.5335,-0.1886492866663929,-0.252229364033705
-1.533,0.03542438534494258,-0.04029659593035631
-1.5325,0.2274875327832301,0.2140227257936621
-1.532,0.3555296310754218,0.4365521323021782
-1.5315,0.3555296310754218,0.5001319627331828
-1.531,0.3555296310754218,0.5319218779486851
-1.5305,0.3661998059331045,0.5425185163538525
-1.53,0.4622313796522482,0.4789386859228479
-1.5295,0.974399772821015,0.1504428953626575
-1.529,1.35852606769759,-0.5489352393783931
-1.5285,0.6116138276598051,-1.417859588602123
-1.528,0.05676473506030786,-1.439052865412457
-1.5275,0.1634664836371343,-0.9622041371799229
-1.527,0.4195506802215176,-0.4853554089473885
-1.5265,0.5796033030867573,-0.1568596183871981
-1.526,0.5902734779444399,0.002089957690313421
-1.5255,0.5262524287983441,0.03387987290581572
-1.525,0.4515612047945656,0.02328323450064829
-1.5245,0.4302208550792003,-0.04029659593035631
-1.524,0.5582629533713921,-0.2098428104130352
-1.5235,0.5582629533713921,-0.2628260024388724
-1.523,0.4835717293676135,-0.2310360872233701
-1.5225,0.3982103305061524,-0.1674562567923655
-1.522,0.3448594562177392,-0.1144730647665284
-1.5215,0.1527963087794516,0.13984625695749
-1.521,-0.5407650569699201,0.7968378380778709
-1.5205,-1.394379045584531,1.464426057603419
-1.52,-2.087940411333903,1.718745379327438
-1.5195,-2.568098279929622,0.8710143069140429
-1.519,-2.119950935906951,0.01268659609548085
-1.5185,-1.180975548430879,-0.2416327256285375
-1.518,-0.4340633083930936,-0.1568596183871981
-1.5175,0.05676473506030786,0.04447651131098315
-1.517,0.3235191065023739,0.2564092794143318
-1.5165,0.4195506802215176,0.4365521323021782
-1.516,0.4195506802215176,0.5743084315693548
-1.5155,0.2594980573562781,0.5319218779486851
-1.515,0.3448594562177392,0.701468092431364
-1.5145,-0.3700422592469978,0.02328323450064829
-1.514,-0.3166913849585846,0.07626642652648545
-1.5135,-0.07127736323188383,0.2458126410091644
-1.513,0.5796033030867573,0.1186529801471552
-1.5125,1.305175193409177,-0.4323722169215513
-1.512,0.7396559259519968,-1.34368311976595
-1.5115,-0.3060212101009019,-2.180817553774178
-1.511,-0.4447334832507763,-2.096044446532838
-1.5105,-0.1032878878049318,-1.216523458903942
-1.51,0.2488278824985954,-0.4535654937318862
-1.5095,0.4729015545099309,0.002089957690313421
-1.509,0.5369226036560266,0.2034260873884947
-1.5085,0.5049120790829789,0.2246193641988295
-1.508,0.4515612047945656,0.13984625695749
-1.5075,0.4942419042252961,-0.1038764263613609
-1.507,0.4835717293676135,-0.2734226408440398
-1.5065,0.4302208550792003,-0.3370024712750445
-1.506,0.3661998059331045,-0.3581957480853793
-1.5055,0.3341892813600565,-0.3687923864905467
-1.505,0.2381577076409128,-0.3370024712750445
-1.5045,-0.3060212101009019,0.08686306493165288
-1.504,-1.234326422719292,0.849821030103708
-1.5035,-1.970568487899394,1.443232780793084
-1.503,-2.429386006779747,0.9981739677760521
-1.5025,-2.504077230783526,-0.08268314955102604
-1.502,-1.67180359188428,-0.5171453241628908
-1.5015,-0.807519428411986,-0.4217755785163839
-1.501,-0.1673089369510276,-0.1462629799820306
-1.5005,0.2168173579255475,0.13984625695749
-1.5,0.3875401556484697,0.3623756634660061
-1.4995,0.4408910299368829,0.5319218779486851
-1.499,0.4195506802215176,0.627291623595192
-1.4985,0.3875401556484697,0.6908714540261965
-1.498,0.3768699807907871,0.7226613692416989
-1.4975,0.3768699807907871,0.7226613692416989
-1.497,0.3875401556484697,0.7120647308365314
-1.4965,0.7183155762366316,0.4789386859228479
-1.496,1.369196242555273,-0.2098428104130352
-1.4955,1.091771696255524,-1.036380606016095
-1.495,0.2701682322139607,-1.502632695843462
-1.4945,-0.04993701351651855,-1.566212526274467
-1.494,-0.572775581542968,-1.735758740757146
-1.4935,-0.124628237520297,-0.9198175835592532
-1.493,0.2061471830678648,-0.2946159176543747
-1.4925,0.3875401556484697,0.06566978812131802
-1.492,0.4942419042252961,0.2246193641988295
-1.4915,0.4408910299368829,0.1292496185523226
-1.491,0.4942419042252961,-0.07208651114585861
-1.4905,0.6009436528021226,-0.3158091944647096
-1.49,0.5582629533713921,-0.3899856633008816
-1.4895,0.4622313796522482,-0.3793890248957141
-1.489,0.3875401556484697,-0.3687923864905467
-1.4885,0.3235191065023739,-0.3475991096802118
-1.488,0.1101156093487211,-0.252229364033705
-1.4875,-0.7114878546928423,-0.01910331912002144
-1.487,-1.725154466172693,0.2670059178194992
-1.4865,-2.514747405641209,0.3199891098453364
-1.486,-2.728150902794861,-0.1886495336027004
-1.4855,-1.895877263895616,-0.4217755785163839
-1.485,-0.9675720512772257,-0.3158091944647096
-1.4845,-0.2526703358124887,-0.1038764263613609
-1.484,0.1848068333524996,0.1186529801471552
-1.4835,0.3875401556484697,0.2987958330350016
-1.483,0.4408910299368829,0.4365521323021782
-1.4825,0.4302208550792003,0.5425185163538525
-1.482,0.3982103305061524,0.6166949851900245
-1.4815,0.3768699807907871,0.6590815388106942
-1.481,0.3768699807907871,0.6802748156210291
-1.4805,0.3875401556484697,0.6908714540261965
-1.48,0.5369226036560266,0.6060983467848571
-1.4795,1.187803269974668,0.1186529801471552
-1.479,1.646620788855021,-0.6654982618352349
-1.4785,1.027750647109428,-1.333086481360783
-1.478,0.4622313796522482,-1.534422611058964
-1.4775,0.4302208550792003,-1.174136905283272
-1.477,0.5689331282290746,-0.6019184314042303
-1.4765,0.6436243522328531,-0.1568596183871981
-1.476,0.6009436528021226,0.06566978812131802
-1.4755,0.408880505363835,0.05507314971615059
-1.475,0.2168173579255475,-0.04029659593035631
-1.4745,-0.3807124341046804,-0.6972881770507372
-1.474,0.09944543449103843,-0.6231117082145651
-1.4735,0.291508581929326,-0.5489352393783931
-1.473,0.3768699807907871,-0.4111789401112165
-1.4725,0.4302208550792003,-0.2734226408440398
-1.472,0.3555296310754218,-0.2734226408440398
-1.4715,0.05676473506030786,0.01268659609548085
-1.471,-0.8181896032696687,0.7650479228623686
-1.4705,-1.650463242168915,1.464426057603419
-1.47,-2.141291285622316,1.898888232215284
-1.4695,-2.557428105071939,1.697552102517103
-1.469,-2.226652684483777,0.8710143069140429
-1.4685,-1.362368521011484,0.2564092794143318
-1.468,-0.5514352318276028,-0.06148987274069118
-1.4675,-0.007256314085787988,-0.1462629799820306
-1.467,0.3021787567870086,-0.07208651114585861
-1.4665,0.4195506802215176,0.07626642652648545
-1.466,0.4408910299368829,0.2458126410091644
-1.4655,0.4195506802215176,0.4153588554918433
-1.465,0.3875401556484697,0.5637117931641874
-1.4645,0.3768699807907871,0.6802748156210291
-1.464,0.3768699807907871,0.775644561267536
-1.4635,0.4302208550792003,0.8392243916985406
-1.463,0.8783681991018712,0.6696781772158616
-1.4625,1.465227816274416,0.07626642652648545
-1.462,1.102441871113207,-0.6654982618352349
-1.4615,0.4195506802215176,-0.9622041371799229
-1.461,0.3875401556484697,-0.7290780922662394
-1.4605,0.5582629533713921,-0.3581957480853793
-1.46,0.6863050516635838,0.07626642652648545
-1.4595,0.6863050516635838,0.383568940276341
-1.459,0.6116138276598051,0.5001319627331828
-1.4585,0.5049120790829789,0.4683420475176805
-1.458,0.4195506802215176,0.3517790250608387
-1.4575,0.5049120790829789,0.1186529801471552
-1.457,0.5262524287983441,-0.07208651114585861
-1.4565,0.3021787567870086,-0.3370024712750445
-1.456,0.3555296310754218,-0.2946159176543747
-1.4555,-0.4767440078238243,-1.131750351662602
-1.455,-0.4020527838200457,-1.004590690800593
-1.4545,-0.7434983792658902,-0.3158091944647096
-1.454,-1.597112367880501,0.7226613692416989
-1.4535,-2.333354433060604,1.612778995275763
-1.453,-3.048256148525341,2.036644531482461
-1.4525,-3.101607022813754,2.004854616266958
-1.452,-2.119950935906951,1.316073119931075
-1.4515,-1.06360362499637,0.5637117931641874
-1.451,-0.274010685527854,0.04447651131098315
-1.4505,0.1954770082101822,-0.1886495336027004
-1.45,0.408880505363835,-0.1886495336027004
-1.4495,0.4729015545099309,-0.06148987274069118
-1.449,0.4515612047945656,0.13984625695749
-1.4485,0.408880505363835,0.3411823866556712
-1.448,0.3875401556484697,0.5425185163538525
-1.4475,0.3875401556484697,0.7120647308365314
-1.447,0.4195506802215176,0.849821030103708
-1.4465,0.4942419042252961,0.8816109453192104
-1.446,0.707645401378949,0.5743084315693548
-1.4455,0.4729015545099309,-0.07208651114585861
-1.445,-0.3060212101009019,-0.6760949002404023
-1.4445,-0.3273615598162672,-0.7078848154559045
-1.444,0.0674349099179905,-0.3370024712750445
-1.4435,0.4408910299368829,0.1822328105781598
-1.443,0.6329541773751706,0.6060983467848571
-1.4425,0.6542945270905358,0.8180311148882058
-1.442,0.5796033030867573,0.8392243916985406
-1.4415,0.4835717293676135,0.7226613692416989
-1.441,0.4942419042252961,0.4789386859228479
-1.4405,0.5475927785137094,0.1610395337678249
-1.44,0.5049120790829789,-0.05089323433552374
-1.4395,0.4302208550792003,-0.2204394488182027
-1.439,0.3555296310754218,-0.3687923864905467
-1.4385,0.3021787567870086,-0.4959520473525559
-1.438,-0.03926683865883591,-0.3687923864905467
-1.4375,-0.7861790786966207,0.2140227257936621
-1.437,-1.67180359188428,0.7226613692416989
-1.4365,-2.130621110764634,0.9345941373450475
-1.436,-2.781501777083275,-0.252229364033705
-1.4355,-2.60010880450267,-1.237716735714276
-1.435,-1.554431668449771,-1.068170521231597
-1.4345,-0.658136980404429,-0.7078848154559045
-1.434,0.00341386077189465,-0.2734226408440398
-1.4335,0.3235191065023739,0.02328323450064829
-1.433,0.4195506802215176,0.1928294489833272
-1.4325,0.4302208550792003,0.3199891098453364
-1.432,0.3982103305061524,0.4047622170866759
-1.4315,0.3875401556484697,0.4683420475176805
-1.431,0.3768699807907871,0.5213252395435176
-1.4305,0.3982103305061524,0.5425185163538525
-1.43,0.5689331282290746,0.4789386859228479
-1.4295,1.081101521397841,0.04447651131098315
-1.429,1.454557641416734,-0.7608680074817418
-1.4285,0.857027849386506,-1.566212526274467
-1.428,0.4622313796522482,-1.492036057438295
-1.4275,0.5582629533713921,-1.036380606016095
-1.427,0.7396559259519968,-0.6019184314042303
-1.4265,0.8143471499557753,-0.2628260024388724
-1.426,0.7396559259519968,-0.06148987274069118
-1.4255,0.6009436528021226,0.02328323450064829
-1.425,0.4835717293676135,0.02328323450064829
-1.4245,0.4195506802215176,-0.02969995752518888
-1.424,0.4622313796522482,-0.1462629799820306
-1.4235,0.4515612047945656,-0.1780528951975329
-1.423,0.3982103305061524,-0.1568596183871981
-1.4225,0.3448594562177392,-0.1250697031716958
-1.422,0.3021787567870086,-0.07208651114585861
-1.4215,0.04609456020262521,0.2034260873884947
-1.421,-0.6261264558313813,0.8604176685088755
-1.4205,-1.383708870726849,1.506812611224089
-1.42,-1.959898313041711,1.803518486568777
-1.4195,-2.354694782775969,1.093543713422559
-1.419,-1.789175515318789,0.2881991946298341
-1.4185,-0.9462317015618604,-0.05089323433552374
-1.418,-0.2953510352432193,-0.08268314955102604
-1.4175,0.1207857842064037,0.02328323450064829
-1.417,0.2061471830678648,0.05507314971615059
-1.4165,0.3661998059331045,0.309392471440169
-1.416,-0.423393133535411,-0.3475991096802118
-1.4155,-0.2526703358124887,-0.04029659593035631
-1.415,-0.07127736323188383,0.2352160026039969
-1.4145,0.1101156093487211,0.4683420475176805
-1.414,0.3555296310754218,0.6802748156210291
-1.4135,0.5155822539406614,0.6908714540261965
-1.413,0.9637295979633325,0.3729723018711736
-1.4125,1.731982187716482,-0.326405832869877
-1.412,1.902704985439405,-1.258910012524611
-1.4115,1.230483969405398,-1.735758740757146
-1.411,0.9210488985326017,-1.301296566145281
-1.4105,0.8143471499557753,-0.5807251545938954
-1.41,0.7396559259519968,-0.02969995752518888
-1.4095,0.6542945270905358,0.2987958330350016
-1.409,0.5582629533713921,0.383568940276341
-1.4085,0.4622313796522482,0.3305857482505039
-1.408,0.3982103305061524,0.2140227257936621
-1.4075,0.5049120790829789,0.03387987290581572
-1.407,0.5475927785137094,-0.1144730647665284
-1.4065,0.4835717293676135,-0.2204394488182027
-1.406,0.408880505363835,-0.2946159176543747
-1.4055,0.3341892813600565,-0.3475991096802118
-1.405,0.2168173579255475,-0.326405832869877
-1.4045,-0.2953510352432193,0.1716361721729923
-1.404,-1.170305373573196,0.9345941373450475
-1.4035,-1.959898313041711,1.517409249629256
-1.403,-2.589438629644987,1.072350436612224
-1.4025,-2.589438629644987,0.02328323450064829
-1.402,-1.682473766741963,-0.400582301706049
-1.4015,-0.7968492535543035,-0.3581957480853793
-1.401,-0.156638762093345,-0.1250697031716958
-1.4005,0.2168173579255475,0.1186529801471552
-1.4,0.3875401556484697,0.309392471440169
-1.3995,0.4302208550792003,0.457745409112513
-1.399,0.4195506802215176,0.55311515475902
-1.3985,0.3875401556484697,0.6060983467848571
-1.398,0.3661998059331045,0.6378882620003594
-1.3975,0.3768699807907871,0.6378882620003594
-1.397,0.2701682322139607,0.5001319627331828
-1.3965,0.6436243522328531,0.457745409112513
-1.396,1.315845368266859,-0.06148987274069118
-1.3955,1.15579274540162,-1.195330182093607
-1.395,0.2808384070716433,-2.138431000153508
-1.3945,0.2488278824985954,-1.619195718300304
-1.394,0.4195506802215176,-1.068170521231597
-1.3935,0.6436243522328531,-0.4853554089473885
-1.393,0.7289857510943143,-0.1250697031716958
-1.3925,0.6329541773751706,0.01268659609548085
-1.392,0.5049120790829789,0.07626642652648545
-1.3915,0.408880505363835,0.06566978812131802
-1.391,0.4302208550792003,-0.02969995752518888
-1.3905,0.4835717293676135,-0.1568596183871981
-1.39,0.4515612047945656,-0.2098428104130352
-1.3895,0.3982103305061524,-0.2310360872233701
-1.389,0.3448594562177392,-0.252229364033705
-1.3885,0.291508581929326,-0.2628260024388724
-1.388,0.09944543449103843,-0.4111789401112165
-1.3875,-0.5941159312583333,-0.6125150698093976
-1.387,-1.447729919872945,-0.7714646458869092
-1.3865,-2.151961460479999,-0.792657922697244
-1.386,-2.568098279929622,-0.2734226408440398
-1.3855,-1.970568487899394,0.09745970333682032
-1.385,-1.095614149569417,0.1610395337678249
-1.3845,-0.3593720843893152,0.13984625695749
-1.384,0.09944543449103843,0.1080563417419877
-1.3835,0.3448594562177392,0.1186529801471552
-1.383,0.4195506802215176,0.1610395337678249
-1.3825,0.4195506802215176,0.2352160026039969
-1.382,0.3982103305061524,0.3305857482505039
-1.3815,0.3768699807907871,0.4153588554918433
-1.381,0.3768699807907871,0.4895353243280153
-1.3805,0.408880505363835,0.5425185163538525
-1.38,0.4835717293676135,0.5425185163538525
-1.3795,0.8356874996711408,0.2987958330350016
-1.379,1.166462920259302,-0.2946159176543747
-1.3785,0.5475927785137094,-0.9198175835592532
-1.378,0.1634664836371343,-0.8880276683437509
-1.3775,0.3235191065023739,-0.5171453241628908
-1.377,0.5689331282290746,-0.1568596183871981
-1.3765,0.5475927785137094,-0.008506680714854012
-1.376,0.6116138276598051,0.1928294489833272
-1.3755,-0.07127736323188383,-0.3475991096802118
-1.375,-0.2206598112394408,-0.4111789401112165
-1.3745,-0.06060718837420119,-0.2628260024388724
-1.374,0.1634664836371343,-0.252229364033705
-1.3735,0.3448594562177392,-0.1356663415768632
-1.373,0.3875401556484697,-0.08268314955102604
-1.3725,0.3341892813600565,-0.1038764263613609
-1.372,0.291508581929326,-0.1144730647665284
-1.3715,0.04609456020262521,0.1080563417419877
-1.371,-0.7755089038389382,0.7650479228623686
-1.3705,-1.778505340461106,1.432636142387917
-1.37,-2.546757930214257,1.70814874092227
-1.3695,-3.16562807195985,0.7438546460520338
-1.369,-2.834852651371688,-0.3581957480853793
-1.3685,-1.746494815888059,-0.6549016234300674
-1.368,-0.7755089038389382,-0.5065486857577234
-1.3675,-0.1032878878049318,-0.2204394488182027
-1.367,0.2701682322139607,0.04447651131098315
-1.3665,0.4302208550792003,0.2564092794143318
-1.366,0.4622313796522482,0.383568940276341
-1.3655,0.4302208550792003,0.4683420475176805
-1.365,0.3982103305061524,0.5107286011383502
-1.3645,0.3768699807907871,0.5319218779486851
-1.364,0.3768699807907871,0.5425185163538525
-1.3635,0.408880505363835,0.5319218779486851
-1.363,0.6542945270905358,0.3941655786815084
-1.3625,1.177133095116985,-0.06148987274069118
-1.362,0.8356874996711408,-0.8138511995075789
-1.3615,0.1741366584948169,-1.184733543688439
-1.361,0.1848068333524996,-0.8668343915334161
-1.3605,0.4195506802215176,-0.4535654937318862
-1.36,0.6116138276598051,-0.1462629799820306
-1.3595,0.6649647019482183,0.03387987290581572
-1.359,0.6222840025174878,0.09745970333682032
-1.3585,0.5262524287983441,0.08686306493165288
-1.358,0.4408910299368829,0.02328323450064829
-1.3575,0.4835717293676135,-0.2098428104130352
-1.357,0.3661998059331045,-0.4323722169215513
-1.3565,0.4195506802215176,-0.2734226408440398
-1.356,0.09944543449103843,-0.4535654937318862
-1.3555,-0.4447334832507763,-0.8562377531282487
-1.355,-0.2953510352432193,-0.4641621321370536
-1.3545,-0.6154562809736985,0.2776025562246667
-1.354,-1.437059745015262,1.220703374284568
-1.3535,-2.258663209056825,1.888291593810116
-1.353,-2.888203525660101,1.580989080060261
-1.3525,-3.058926323383024,0.2987958330350016
-1.352,-2.183971985053047,-0.3687923864905467
-1.3515,-1.138294849000148,-0.4429688553267188
-1.351,-0.3273615598162672,-0.2628260024388724
-1.3505,0.1634664836371343,-0.008506680714854012
-1.35,0.3982103305061524,0.2140227257936621
-1.3495,0.4622313796522482,0.383568940276341
-1.349,0.4515612047945656,0.5107286011383502
-1.3485,0.408880505363835,0.5849050699745222
-1.348,0.3875401556484697,0.627291623595192
-1.3475,0.3875401556484697,0.6484849004055269
-1.347,0.4195506802215176,0.6484849004055269
-1.3465,0.5582629533713921,0.5637117931641874
-1.346,1.113112045970889,0.1504428953626575
-1.3455,1.006410297394063,-0.6125150698093976
-1.345,0.1101156093487211,-1.34368311976595
-1.3445,-0.06060718837420119,-1.38606967338662
-1.344,0.2061471830678648,-0.9516074987747555
-1.3435,0.4835717293676135,-0.3687923864905467
-1.343,0.6116138276598051,0.002089957690313421
-1.3425,0.6116138276598051,0.2140227257936621
-1.342,0.5475927785137094,0.2987958330350016
-1.3415,0.4729015545099309,0.2776025562246667
-1.341,0.4729015545099309,0.1610395337678249
-1.3405,0.5262524287983441,-0.008506680714854012
-1.34,0.4835717293676135,-0.1144730647665284
-1.3395,0.4195506802215176,-0.1780528951975329
-1.339,0.3448594562177392,-0.2310360872233701
-1.3385,0.2701682322139607,-0.2840192792492073
-1.338,-0.04993701351651855,-0.2310360872233701
-1.3375,-0.807519428411986,0.1080563417419877
-1.337,-1.501080794161358,0.4683420475176805
-1.3365,-2.119950935906951,0.3623756634660061
-1.336,-3.037585973667658,-0.9198175835592532
-1.3355,-2.418715831922065,-1.216523458903942
-1.335,-1.490410619303675,-1.078767159636765
-1.3345,-0.6047861061160158,-0.6972881770507372
-1.334,0.03542438534494258,-0.2840192792492073
-1.3335,0.3128489316446912,-0.05089323433552374
-1.333,0.408880505363835,0.1292496185523226
-1.3325,0.4195506802215176,0.2564092794143318
-1.332,0.3982103305061524,0.3623756634660061
-1.3315,0.3768699807907871,0.4365521323021782
-1.331,0.3768699807907871,0.5107286011383502
-1.3305,0.3982103305061524,0.5637117931641874
-1.33,0.5796033030867573,0.5213252395435176
-1.3295,1.219813794547716,0.002089957690313421
-1.329,1.230483969405398,-0.8880276683437509
-1.3285,0.1634664836371343,-1.682775548731308
-1.328,-0.5621054066852853,-1.968884785670829
-1.3275,-0.391382608962363,-1.460246142222792
-1.327,0.04609456020262521,-0.6760949002404023
-1.3265,0.3875401556484697,0.04447651131098315
-1.326,0.5475927785137094,0.4895353243280153
-1.3255,0.5582629533713921,0.6484849004055269
-1.325,0.5049120790829789,0.5955017083796896
-1.3245,0.4835717293676135,0.4365521323021782
-1.324,0.5902734779444399,0.2034260873884947
-1.3235,0.5689331282290746,0.03387987290581572
-1.323,0.4942419042252961,-0.08268314955102604
-1.3225,0.408880505363835,-0.1780528951975329
-1.322,0.3341892813600565,-0.252229364033705
-1.3215,0.1527963087794516,-0.1992461720078678
-1.321,-0.5194247072545548,0.2776025562246667
-1.3205,-1.298347471865388,0.7968378380778709
-1.32,-1.959898313041711,0.9345941373450475
-1.3195,-2.44005618163743,0.2140227257936621
-1.319,-2.098610586191586,-0.4641621321370536
-1.3185,-1.180975548430879,-0.570128516188728
-1.318,-0.5087545323968721,-0.474758770542221
-1.3175,-0.03926683865883591,-0.2628260024388724
-1.317,-0.124628237520297,-0.4111789401112165
-1.3165,-0.3700422592469978,-0.5913217929990628
-1.316,-0.1032878878049318,-0.2416327256285375
-1.3155,0.04609456020262521,0.01268659609548085
-1.315,0.2274875327832301,0.2670059178194992
-1.3145,0.3555296310754218,0.4365521323021782
-1.314,0.3768699807907871,0.457745409112513
-1.3135,0.4729015545099309,0.4365521323021782
-1.313,1.081101521397841,-0.01910331912002144
-1.3125,1.614610264281974,-0.9622041371799229
-1.312,1.102441871113207,-1.88411167842949
-1.3115,0.3982103305061524,-2.021867977696666
-1.311,0.4942419042252961,-1.227120097309109
-1.3105,0.7289857510943143,-0.6443049850249
-1.31,0.8463576745288233,-0.3370024712750445
-1.3095,0.8036769750980928,-0.1250697031716958
-1.309,0.6756348768059011,-0.02969995752518888
-1.3085,0.5369226036560266,-0.02969995752518888
-1.308,0.4408910299368829,-0.06148987274069118
-1.3075,0.4942419042252961,-0.1674562567923655
-1.307,0.5155822539406614,-0.2098428104130352
-1.3065,0.4515612047945656,-0.1568596183871981
-1.306,0.3875401556484697,-0.09327978795619347
-1.3055,0.3448594562177392,-0.008506680714854012
-1.305,0.2488278824985954,0.1186529801471552
-1.3045,-0.2313299860971235,0.6060983467848571
-1.304,-0.9569018764195432,1.263089927905238
-1.3035,-1.341028171296118,1.559795803249926
-1.303,-1.735824641030376,1.082947075017392
-1.3025,-1.714484291315011,0.2246193641988295
-1.302,-1.116954499284783,-0.1568596183871981
-1.3015,-0.4874141826815069,-0.1992461720078678
-1.301,-0.01792648894347063,-0.06148987274069118
-1.3005,0.2488278824985954,0.1186529801471552
-1.3,0.3768699807907871,0.2987958330350016
-1.2995,0.408880505363835,0.457745409112513
-1.299,0.3875401556484697,0.5743084315693548
-1.2985,0.3661998059331045,0.6590815388106942
-1.298,0.2061471830678648,0.5637117931641874
-1.2975,0.2594980573562781,0.6484849004055269
-1.297,-0.4767440078238243,-0.09327978795619347
-1.2965,0.08877525963335578,-0.06148987274069118
-1.296,0.9317190733902845,-0.6443049850249
-1.2955,0.825017324813458,-1.47084278062796
-1.295,0.09944543449103843,-2.106641084938006
-1.2945,-0.1139580626626144,-2.159624276963843
-1.294,0.142126133921769,-1.460246142222792
-1.2935,0.4195506802215176,-0.6760949002404023
-1.293,0.5475927785137094,-0.1356663415768632
-1.2925,0.5689331282290746,0.1080563417419877
-1.292,0.5155822539406614,0.2140227257936621
-1.2915,0.4515612047945656,0.2352160026039969
-1.291,0.4835717293676135,0.1292496185523226
-1.2905,0.5689331282290746,-0.05089323433552374
-1.29,0.5155822539406614,-0.1568596183871981
-1.2895,0.4408910299368829,-0.252229364033705
-1.289,0.3661998059331045,-0.3370024712750445
-1.2885,0.3128489316446912,-0.4323722169215513
-1.288,0.00341386077189465,-0.718481453861072
-1.2875,-0.8502001278427167,-0.8032545611024114
-1.287,-1.778505340461106,-0.6125150698093976
-1.2865,-2.493407055925843,-0.2946159176543747
-1.286,-2.898873700517784,0.1292496185523226
-1.2855,-2.290673733629873,0.2352160026039969
-1.285,-1.255666772434657,0.1186529801471552
-1.2845,-0.4554036581084589,-0.008506680714854012
-1.284,0.0674349099179905,-0.06148987274069118
-1.2835,0.3341892813600565,-0.01910331912002144
-1.283,0.4302208550792003,0.07626642652648545
-1.2825,0.4408910299368829,0.2246193641988295
-1.282,0.408880505363835,0.3729723018711736
-1.2815,0.3768699807907871,0.5107286011383502
-1.281,0.3661998059331045,0.6484849004055269
-1.2805,0.3768699807907871,0.7544512844572011
-1.28,0.5902734779444399,0.7438546460520338
-1.2795,1.251824319120764,0.2776025562246667
-1.279,1.145122570543937,-0.400582301706049
-1.2785,0.2381577076409128,-0.9198175835592532
-1.278,0.1634664836371343,-0.9092209451540858
-1.2775,0.3021787567870086,-0.7714646458869092
-1.277,-0.156638762093345,-0.9939940523954253
-1.2765,0.142126133921769,-0.3370024712750445
-1.276,0.2808384070716433,0.1186529801471552
-1.2755,0.3661998059331045,0.4365521323021782
-1.275,0.4195506802215176,0.5743084315693548
-1.2745,0.408880505363835,0.4365521323021782
-1.274,0.5262524287983441,0.1716361721729923
-1.2735,0.5155822539406614,-0.01910331912002144
-1.273,0.4515612047945656,-0.1674562567923655
-1.2725,0.3875401556484697,-0.2946159176543747
-1.272,0.3341892813600565,-0.3899856633008816
-1.2715,0.00341386077189465,-0.2310360872233701
-1.271,-0.9142211769888124,0.3305857482505039
-1.2705,-1.810515865034154,0.7862411996727035
-1.27,-2.280003558772191,0.9028042221295453
-1.2695,-2.6427895039334,0.5319218779486851
-1.269,-2.151961460479999,-0.1038764263613609
-1.2685,-1.255666772434657,-0.4323722169215513
-1.268,-0.4660738329661415,-0.5171453241628908
-1.2675,0.05676473506030786,-0.4535654937318862
-1.267,0.3235191065023739,-0.2946159176543747
-1.2665,0.4302208550792003,-0.1144730647665284
-1.266,0.4408910299368829,0.07626642652648545
-1.2655,0.408880505363835,0.2564092794143318
-1.265,0.3768699807907871,0.4259554938970107
-1.2645,0.3661998059331045,0.5743084315693548
-1.264,0.3768699807907871,0.701468092431364
-1.2635,0.408880505363835,0.7968378380778709
-1.263,0.5902734779444399,0.7544512844572011
-1.2625,1.091771696255524,0.3305857482505039
-1.262,1.187803269974668,-0.326405832869877
-1.2615,0.7716664505250448,-0.6125150698093976
-1.261,0.6329541773751706,-0.1356663415768632
-1.2605,0.6649647019482183,0.3941655786815084
-1.26,0.707645401378949,0.7544512844572011
-1.2595,0.6542945270905358,0.8816109453192104
-1.259,0.5049120790829789,0.8180311148882058
-1.2585,0.3448594562177392,0.6378882620003594
-1.258,0.09944543449103843,0.2776025562246667
-1.2575,-0.4127229586777283,-0.5383386009732256
-1.257,-0.124628237520297,-0.5065486857577234
-1.2565,0.01408403562957729,-0.474758770542221
-1.256,0.142126133921769,-0.3793890248957141
-1.2555,0.2701682322139607,-0.3052125560595421
-1.255,0.08877525963335578,-0.3158091944647096
-1.2545,-0.7328282044082075,0.002089957690313421
-1.254,-1.490410619303675,0.4789386859228479
-1.2535,-1.650463242168915,0.701468092431364
-1.253,-1.938557963326346,0.55311515475902
-1.2525,-2.055929886760855,-0.1038764263613609
-1.252,-1.46907026958831,-0.4959520473525559
-1.2515,-0.722158029550525,-0.5807251545938954
-1.251,-0.1459685872356623,-0.4959520473525559
-1.2505,0.2061471830678648,-0.3475991096802118
-1.25,0.3661998059331045,-0.1780528951975329
-1.2495,0.4195506802215176,-0.008506680714854012
-1.249,0.408880505363835,0.1504428953626575
-1.2485,0.3875401556484697,0.2987958330350016
-1.248,0.3768699807907871,0.4153588554918433
-1.2475,0.3768699807907871,0.5319218779486851
-1.247,0.3875401556484697,0.627291623595192
-1.2465,0.5582629533713921,0.6378882620003594
-1.246,0.9850699476786977,0.3305857482505039
-1.2455,0.5155822539406614,-0.326405832869877
-1.245,-0.391382608962363,-1.004590690800593
-1.2445,-0.4874141826815069,-1.417859588602123
-1.244,-0.007256314085787988,-1.269506650929778
-1.2435,0.4408910299368829,-0.6231117082145651
-1.243,0.6329541773751706,0.002089957690313421
-1.2425,0.6329541773751706,0.4259554938970107
-1.242,0.5582629533713921,0.6590815388106942
-1.2415,0.4835717293676135,0.7120647308365314
-1.241,0.4942419042252961,0.5849050699745222
-1.2405,0.5369226036560266,0.3941655786815084
-1.24,0.4835717293676135,0.2034260873884947
-1.2395,0.3341892813600565,-0.02969995752518888
-1.239,0.2594980573562781,-0.1992461720078678
-1.2385,0.2381577076409128,-0.3158091944647096
-1.238,-0.6794773301197943,-0.718481453861072
-1.2375,-1.373038695869166,-0.4535654937318862
-1.237,-1.810515865034154,-0.3581957480853793
-1.2365,-2.03458953704549,-0.2734226408440398
-1.236,-2.322684258202921,0.4153588554918433
-1.2355,-2.023919362187807,0.627291623595192
-1.235,-1.255666772434657,0.3411823866556712
-1.2345,-0.5087545323968721,-0.008506680714854012
-1.234,0.00341386077189465,-0.2310360872233701
-1.2335,0.291508581929326,-0.3052125560595421
-1.233,0.408880505363835,-0.2628260024388724
-1.2325,0.4302208550792003,-0.1250697031716958
-1.232,0.4195506802215176,0.03387987290581572
-1.2315,0.3982103305061524,0.2140227257936621
-1.231,0.3875401556484697,0.3729723018711736
-1.2305,0.3875401556484697,0.5319218779486851
-1.23,0.4942419042252961,0.6166949851900245
-1.2295,1.059761171682476,0.3411823866556712
-1.229,1.571929564851243,-0.3581957480853793
-1.2285,1.56125938999356,-1.068170521231597
-1.228,1.315845368266859,-1.47084278062796
-1.2275,1.262494493978446,-1.280103289334946
-1.227,1.187803269974668,-0.6125150698093976
-1.2265,1.049090996824793,0.05507314971615059
-1.226,0.8463576745288233,0.5107286011383502
-1.2255,0.6329541773751706,0.7120647308365314
-1.225,0.4622313796522482,0.775644561267536
-1.2245,0.408880505363835,0.6908714540261965
-1.224,0.5369226036560266,0.457745409112513
-1.2235,0.5262524287983441,0.2670059178194992
-1.223,0.4622313796522482,0.1292496185523226
-1.2225,0.3875401556484697,-0.008506680714854012
-1.222,0.3341892813600565,-0.1568596183871981
-1.2215,0.1634664836371343,-0.2734226408440398
-1.221,-0.423393133535411,-0.1038764263613609
-1.2205,-1.020922925565639,0.2034260873884947
-1.22,-1.46907026958831,0.3199891098453364
-1.2195,-1.799845690176472,0.2246193641988295
-1.219,-1.234326422719292,0.1080563417419877
-1.2185,-1.383708870726849,-0.9516074987747555
-1.218,-0.7648387289812555,-1.05757388282643
-1.2175,-0.2633405106701714,-0.9516074987747555
-1.217,0.05676473506030786,-0.7608680074817418
-1.2165,0.3128489316446912,-0.474758770542221
-1.216,0.3768699807907871,-0.2628260024388724
-1.2155,0.3555296310754218,-0.09327978795619347
-1.215,0.3448594562177392,0.07626642652648545
-1.2145,0.3448594562177392,0.2458126410091644
-1.214,0.3555296310754218,0.4047622170866759
-1.2135,0.408880505363835,0.5319218779486851
-1.213,0.9103787236749192,0.2246193641988295
-1.2125,1.657290963712704,-0.5807251545938954
-1.212,1.56125938999356,-1.354279758171118
-1.2115,0.7716664505250448,-1.831128486403653
-1.211,0.5475927785137094,-1.661582271920973
-1.2105,0.6329541773751706,-0.8350444763179138
-1.21,0.7396559259519968,0.002089957690313421
-1.2095,0.7183155762366316,0.5319218779486851
-1.209,0.6116138276598051,0.7544512844572011
-1.2085,0.4835717293676135,0.8286277532933731
-1.208,0.408880505363835,0.7968378380778709
-1.2075,0.5582629533713921,0.5213252395435176
-1.207,0.6436243522328531,0.2458126410091644
-1.2065,0.5796033030867573,0.08686306493165288
-1.206,0.4622313796522482,-0.02969995752518888
-1.2055,0.3661998059331045,-0.1462629799820306
-1.205,0.1954770082101822,-0.1674562567923655
-1.2045,-0.4767440078238243,0.2564092794143318
-1.204,-1.30901764672307,0.7226613692416989
-1.2035,-1.938557963326346,0.8604176685088755
-1.203,-2.44005618163743,0.6802748156210291
-1.2025,-1.981238662757077,0.2352160026039969
-1.202,-1.1062843244271,-0.2098428104130352
-1.2015,-0.4020527838200457,-0.4959520473525559
-1.201,0.05676473506030786,-0.6125150698093976
-1.2005,0.3021787567870086,-0.5913217929990628
-1.2,0.3021787567870086,-0.5913217929990628
-1.1995,0.3448594562177392,-0.400582301706049
-1.199,-0.04993701351651855,-0.5913217929990628
-1.1985,-0.4447334832507763,-0.7608680074817418
-1.198,-0.2099896363817582,-0.326405832869877
-1.1975,-0.02859666380115328,0.02328323450064829
-1.197,0.1741366584948169,0.383568940276341
-1.1965,0.5155822539406614,0.6060983467848571
-1.196,1.166462920259302,0.3411823866556712
-1.1955,1.294505018551494,-0.3052125560595421
-1.195,0.7609962756673623,-0.7396747306714069
-1.1945,0.5902734779444399,-0.6125150698093976
-1.194,0.6756348768059011,-0.1462629799820306
-1.1935,0.7396559259519968,0.3623756634660061
-1.193,0.707645401378949,0.7968378380778709
-1.1925,0.6009436528021226,0.9875773293708847
-1.192,0.5049120790829789,0.9769806909657173
-1.1915,0.408880505363835,0.8710143069140429
-1.191,0.3661998059331045,0.6802748156210291
-1.1905,0.3555296310754218,0.4683420475176805
-1.19,0.3235191065023739,0.2881991946298341
-1.1895,0.3128489316446912,0.1292496185523226
-1.189,0.3021787567870086,-0.02969995752518888
-1.1885,0.2381577076409128,-0.1568596183871981
-1.188,-0.3060212101009019,0.04447651131098315
-1.1875,-1.170305373573196,0.5001319627331828
-1.187,-1.821186039891837,0.7438546460520338
-1.1865,-2.322684258202921,0.627291623595192
-1.186,-2.408045657064382,0.2034260873884947
-1.1855,-1.607782542738184,-0.2416327256285375
-1.185,-0.7861790786966207,-0.5383386009732256
-1.1845,-0.1673089369510276,-0.6549016234300674
-1.184,0.1954770082101822,-0.6443049850249
-1.1835,0.3661998059331045,-0.5595318777835605
-1.183,0.408880505363835,-0.4111789401112165
-1.1825,0.3982103305061524,-0.2416327256285375
-1.182,0.3661998059331045,-0.06148987274069118
-1.1815,0.3341892813600565,0.1186529801471552
-1.181,0.3341892813600565,0.2881991946298341
-1.1805,0.3555296310754218,0.4471487707073456
-1.18,0.3875401556484697,0.4789386859228479
-1.1795,0.825017324813458,0.2458126410091644
-1.179,0.707645401378949,-0.2628260024388724
-1.1785,-0.4020527838200457,-1.036380606016095
-1.178,-1.223656247861609,-1.725162102351978
-1.1775,-0.572775581542968,-1.05757388282643
-1.177,0.03542438534494258,-0.3370024712750445
-1.1765,0.4622313796522482,0.3623756634660061
-1.176,0.6542945270905358,0.8710143069140429
-1.1755,0.5902734779444399,0.9875773293708847
-1.175,0.4835717293676135,0.9345941373450475
-1.1745,0.4515612047945656,0.7650479228623686
-1.174,0.5796033030867573,0.5001319627331828
-1.1735,0.5689331282290746,0.309392471440169
-1.173,0.4942419042252961,0.1716361721729923
-1.1725,0.3982103305061524,0.03387987290581572
-1.172,0.3235191065023739,-0.1144730647665284
-1.1715,-0.09261771294724913,-0.04029659593035631
-1.171,-1.042263275281004,0.4471487707073456
-1.1705,-1.949228138184029,0.8922075837243778
-1.17,-2.610778979360353,0.92399749893988
-1.1695,-3.080266673098389,0.002089957690313421
-1.169,-2.738821077652544,-0.8880276683437509
-1.1685,-1.661133417026597,-0.9833974139902578
-1.168,-0.7328282044082075,-0.718481453861072
-1.1675,-0.09261771294724913,-0.3899856633008816
-1.167,0.2701682322139607,-0.1250697031716958
-1.1665,0.408880505363835,0.05507314971615059
-1.166,0.4408910299368829,0.1610395337678249
-1.1655,0.408880505363835,0.2246193641988295
-1.165,0.3768699807907871,0.2564092794143318
-1.1645,0.3555296310754218,0.2776025562246667
-1.164,0.3555296310754218,0.2881991946298341
-1.1635,0.4302208550792003,0.2564092794143318
-1.163,1.006410297394063,-0.2310360872233701
-1.1625,1.582599739708926,-1.004590690800593
-1.162,1.102441871113207,-1.661582271920973
-1.1615,0.4302208550792003,-2.074851169722503
-1.161,0.4302208550792003,-2.032464616101834
-1.1605,0.6009436528021226,-1.290699927740113
-1.16,0.7183155762366316,-0.5171453241628908
-1.1595,0.5582629533713921,-0.05089323433552374
-1.159,0.408880505363835,0.2670059178194992
-1.1585,-0.3807124341046804,-0.2628260024388724
-1.158,-0.1779791118087102,0.002089957690313421
-1.1575,0.03542438534494258,0.04447651131098315
-1.157,0.2274875327832301,0.1080563417419877
-1.1565,0.3555296310754218,0.1822328105781598
-1.156,0.3128489316446912,0.1292496185523226
-1.1555,0.2808384070716433,0.05507314971615059
-1.155,0.1954770082101822,0.01268659609548085
-1.1545,-0.3487019095316325,0.1504428953626575
-1.154,-1.394379045584531,0.4259554938970107
-1.1535,-2.19464215991073,0.6166949851900245
-1.153,-2.76016142736791,0.5319218779486851
-1.1525,-2.866863175944736,-0.08268314955102604
-1.152,-1.959898313041711,-0.4429688553267188
-1.1515,-0.9995825758502737,-0.4641621321370536
-1.151,-0.2633405106701714,-0.3581957480853793
-1.1505,0.1741366584948169,-0.2098428104130352
-1.15,0.3875401556484697,-0.07208651114585861
-1.1495,0.4408910299368829,0.03387987290581572
-1.149,0.4302208550792003,0.1292496185523226
-1.1485,0.3875401556484697,0.2034260873884947
-1.148,0.3768699807907871,0.2670059178194992
-1.1475,0.3768699807907871,0.309392471440169
-1.147,0.3982103305061524,0.3517790250608387
-1.1465,0.7183155762366316,0.2564092794143318
-1.146,1.422547116843686,-0.2840192792492073
-1.1455,1.411876941986003,-1.025783967610927
-1.145,0.6222840025174878,-1.619195718300304
-1.1445,0.3021787567870086,-1.640388995110639
-1.144,0.408880505363835,-1.068170521231597
-1.1435,0.5369226036560266,-0.3581957480853793
-1.143,0.6009436528021226,0.1716361721729923
-1.1425,0.5902734779444399,0.5213252395435176
-1.142,0.5155822539406614,0.6590815388106942
-1.1415,0.4302208550792003,0.6484849004055269
-1.141,0.4515612047945656,0.5107286011383502
-1.1405,0.3875401556484697,0.2034260873884947
-1.14,0.4302208550792003,0.1610395337678249
-1.1395,0.1101156093487211,-0.1674562567923655
-1.139,-0.4554036581084589,-0.7396747306714069
-1.1385,-0.2526703358124887,-0.570128516188728
-1.138,-0.3273615598162672,-0.4535654937318862
-1.1375,-1.020922925565639,-0.05089323433552374
-1.137,-2.002579012472442,0.4471487707073456
-1.1365,-2.792171951940957,0.3411823866556712
-1.136,-3.400371918828868,-0.6972881770507372
-1.1355,-2.813512301656323,-1.301296566145281
-1.135,-1.693143941599645,-1.0999604364471
-1.1345,-0.7008176798351597,-0.6549016234300674
-1.134,-0.03926683865883591,-0.2416327256285375
-1.1335,0.3128489316446912,0.05507314971615059
-1.133,0.4408910299368829,0.2140227257936621
-1.1325,0.4622313796522482,0.2881991946298341
-1.132,0.4195506802215176,0.309392471440169
-1.1315,0.3875401556484697,0.2987958330350016
-1.131,0.3875401556484697,0.2881991946298341
-1.1305,0.3875401556484697,0.2670059178194992
-1.13,0.4835717293676135,0.2246193641988295
-1.1295,1.027750647109428,-0.1144730647665284
-1.129,1.315845368266859,-0.8668343915334161
-1.1285,0.6969752265212663,-1.682775548731308
-1.128,0.2808384070716433,-2.117237723343173
-1.1275,0.3555296310754218,-1.714565463946811
-1.127,0.4835717293676135,-0.9939940523954253
-1.1265,0.5475927785137094,-0.3899856633008816
-1.126,0.5582629533713921,0.04447651131098315
-1.1255,0.5155822539406614,0.3305857482505039
-1.125,0.4515612047945656,0.4683420475176805
-1.1245,0.4302208550792003,0.4683420475176805
-1.124,0.5582629533713921,0.3517790250608387
-1.1235,0.5475927785137094,0.2670059178194992
-1.123,0.4729015545099309,0.2140227257936621
-1.1225,0.3875401556484697,0.1504428953626575
-1.122,0.3128489316446912,0.08686306493165288
-1.1215,0.1314559590640864,0.1716361721729923
-1.121,-0.4874141826815069,0.701468092431364
-1.1205,-1.330357996438436,1.220703374284568
-1.12,-1.842526389607202,1.644568910491266
-1.1195,-2.824182476514005,0.2987958330350016
-1.119,-2.749491252510227,-0.7820612842920766
-1.1185,-1.842526389607202,-0.9198175835592532
-1.118,-0.9035510021311299,-0.6654982618352349
-1.1175,-0.1459685872356623,-0.252229364033705
-1.117,0.2274875327832301,0.01268659609548085
-1.1165,0.3768699807907871,0.1822328105781598
-1.116,0.408880505363835,0.2881991946298341
-1.1155,0.3982103305061524,0.3623756634660061
-1.115,0.3768699807907871,0.3941655786815084
-1.1145,0.3661998059331045,0.4153588554918433
-1.114,0.3875401556484697,0.4153588554918433
-1.1135,0.4622313796522482,0.383568940276341
-1.113,1.006410297394063,-0.02969995752518888
-1.1125,1.56125938999356,-0.9304142219644207
-1.112,1.006410297394063,-1.809935209593318
-1.1115,0.2808384070716433,-2.021867977696666
-1.111,0.2488278824985954,-1.47084278062796
-1.1105,0.4408910299368829,-0.8774310299385835
-1.11,0.5902734779444399,-0.3475991096802118
-1.1095,0.6329541773751706,0.04447651131098315
-1.109,0.5796033030867573,0.2776025562246667
-1.1085,0.4942419042252961,0.3729723018711736
-1.108,0.4195506802215176,0.3729723018711736
-1.1075,0.4408910299368829,0.2246193641988295
-1.107,0.4408910299368829,0.09745970333682032
-1.1065,0.3982103305061524,0.04447651131098315
-1.106,0.3341892813600565,0.02328323450064829
-1.1055,0.2808384070716433,0.002089957690313421
-1.105,0.2061471830678648,-0.01910331912002144
-1.1045,-0.2633405106701714,0.13984625695749
-1.104,-1.084943974711735,0.5849050699745222
-1.1035,-1.83185621474952,1.082947075017392
-1.103,-2.418715831922065,0.9981739677760521
-1.1025,-2.408045657064382,0.2034260873884947
-1.102,-1.597112367880501,-0.2310360872233701
-1.1015,-0.754168554123573,-0.2946159176543747
-1.101,-0.2313299860971235,-0.2840192792492073
-1.1005,0.1314559590640864,-0.1462629799820306
-1.1,-0.04993701351651855,-0.3475991096802118
-1.0995,-0.3593720843893152,-0.5913217929990628
-1.099,-0.1352984123779797,-0.2628260024388724
-1.0985,0.02475421048725994,-0.01910331912002144
-1.098,0.2061471830678648,0.2246193641988295
-1.0975,0.3555296310754218,0.4047622170866759
-1.097,0.408880505363835,0.4153588554918433
-1.0965,0.5582629533713921,0.2246193641988295
-1.096,0.825017324813458,-0.326405832869877
-1.0955,0.6116138276598051,-1.216523458903942
-1.095,-0.156638762093345,-1.88411167842949
-1.0945,-0.1886492866663929,-1.502632695843462
-1.094,0.1741366584948169,-0.9092209451540858
-1.0935,0.5049120790829789,-0.2946159176543747
-1.093,0.6542945270905358,0.1610395337678249
-1.0925,0.6436243522328531,0.4471487707073456
-1.092,0.5475927785137094,0.5637117931641874
-1.0915,0.4515612047945656,0.5319218779486851
-1.091,0.4729015545099309,0.3623756634660061
-1.0905,0.5582629533713921,0.13984625695749
-1.09,0.5155822539406614,0.03387987290581572
-1.0895,0.4302208550792003,-0.008506680714854012
-1.089,0.3555296310754218,-0.02969995752518888
-1.0885,0.2808384070716433,-0.05089323433552374
-1.088,-0.04993701351651855,0.002089957690313421
-1.0875,-0.8608703027003992,0.2246193641988295
-1.087,-1.597112367880501,0.4047622170866759
-1.0865,-2.109280761049269,0.4789386859228479
-1.086,-2.376035132491334,0.7332580076468663
-1.0855,-1.693143941599645,0.6696781772158616
-1.085,-0.8715404775580819,0.3729723018711736
-1.0845,-0.2420001609548061,0.09745970333682032
-1.084,0.1527963087794516,-0.07208651114585861
-1.0835,0.3555296310754218,-0.1038764263613609
-1.083,0.4195506802215176,-0.06148987274069118
-1.0825,0.408880505363835,0.03387987290581572
-1.082,0.3768699807907871,0.1504428953626575
-1.0815,0.3661998059331045,0.2670059178194992
-1.081,0.3128489316446912,0.3199891098453364
-1.0805,0.2701682322139607,0.3517790250608387
-1.08,0.1848068333524996,0.1822328105781598
-1.0795,-0.02859666380115328,-0.7396747306714069
-1.079,0.05676473506030786,-1.227120097309109
-1.0785,-0.722158029550525,-1.873515040024322
-1.078,-0.9355615267041777,-2.17022091536901
-1.0775,-0.3487019095316325,-1.703968825541643
-1.077,0.2168173579255475,-0.9304142219644207
-1.0765,0.5369226036560266,-0.1992461720078678
-1.076,0.6222840025174878,0.3517790250608387
-1.0755,0.5796033030867573,0.6590815388106942
-1.075,0.4942419042252961,0.7544512844572011
-1.0745,0.4515612047945656,0.6802748156210291
-1.074,0.5475927785137094,0.457745409112513
-1.0735,0.5262524287983441,0.2776025562246667
-1.073,0.4515612047945656,0.1292496185523226
-1.0725,0.3768699807907871,-0.008506680714854012
-1.072,0.3235191065023739,-0.1250697031716958
-1.0715,0.2381577076409128,-0.2310360872233701
-1.071,-0.2420001609548061,0.04447651131098315
-1.0705,-1.191645723288561,0.6590815388106942
-1.07,-2.002579012472442,1.199510097474233
-1.0695,-2.674800028506448,1.538602526439591
-1.069,-2.578768454787304,1.496215972818921
-1.0685,-1.618452717595867,0.8922075837243778
-1.068,-0.7328282044082075,0.2458126410091644
-1.0675,-0.1032878878049318,-0.1886495336027004
-1.067,0.2488278824985954,-0.3687923864905467
-1.0665,0.408880505363835,-0.3793890248957141
-1.066,0.4408910299368829,-0.252229364033705
-1.0655,0.4195506802215176,-0.07208651114585861
-1.065,0.3875401556484697,0.1186529801471552
-1.0645,0.3661998059331045,0.3199891098453364
-1.064,0.3661998059331045,0.5001319627331828
-1.0635,0.3982103305061524,0.6484849004055269
-1.063,0.8036769750980928,0.55311515475902
-1.0625,1.379866417412955,0.03387987290581572
-1.062,1.070431346540159,-0.5489352393783931
-1.0615,0.3341892813600565,-0.9622041371799229
-1.061,0.1848068333524996,-1.110557074852267
-1.0605,0.4942419042252961,-0.4959520473525559
-1.06,0.4195506802215176,-0.08268314955102604
-1.0595,-0.06060718837420119,-0.1462629799820306
-1.059,0.1207857842064037,0.3729723018711736
-1.0585,0.2061471830678648,0.627291623595192
-1.058,0.3235191065023739,0.7438546460520338
-1.0575,0.4942419042252961,0.6060983467848571
-1.057,0.5155822539406614,0.383568940276341
-1.0565,0.4622313796522482,0.1928294489833272
-1.056,0.3875401556484697,0.03387987290581572
-1.0555,0.3341892813600565,-0.1250697031716958
-1.055,0.2168173579255475,-0.1780528951975329
-1.0545,-0.4020527838200457,0.2987958330350016
-1.054,-1.405049220442214,0.9345941373450475
-1.0535,-2.183971985053047,1.432636142387917
-1.053,-2.781501777083275,1.602182356870596
-1.0525,-2.6427895039334,0.9875773293708847
-1.052,-1.693143941599645,0.2140227257936621
-1.0515,-0.7755089038389382,-0.3370024712750445
-1.051,-0.124628237520297,-0.6125150698093976
-1.0505,0.2488278824985954,-0.6549016234300674
-1.05,0.408880505363835,-0.5595318777835605
-1.0495,0.4408910299368829,-0.3793890248957141
-1.049,0.4302208550792003,-0.1568596183871981
-1.0485,0.3875401556484697,0.06566978812131802
-1.048,0.3661998059331045,0.2881991946298341
-1.0475,0.3661998059331045,0.4895353243280153
-1.047,0.3768699807907871,0.6590815388106942
-1.0465,0.5902734779444399,0.55311515475902
-1.046,1.006410297394063,0.03387987290581572
-1.0455,0.6649647019482183,-0.5277419625680583
-1.045,0.00341386077189465,-0.8350444763179138
-1.0445,-0.03926683865883591,-0.5277419625680583
-1.044,0.2488278824985954,0.1080563417419877
-1.0435,0.5262524287983441,0.6696781772158616
-1.043,0.6542945270905358,0.9769806909657173
-1.0425,0.6222840025174878,1.051157159801889
-1.042,0.5369226036560266,0.9769806909657173
-1.0415,0.4302208550792003,0.8392243916985406
-1.041,0.2488278824985954,0.5319218779486851
-1.0405,0.2594980573562781,0.3941655786815084
-1.04,-0.5407650569699201,-0.5807251545938954
-1.0395,-0.3273615598162672,-0.5383386009732256
-1.039,-0.1459685872356623,-0.5489352393783931
-1.0385,0.02475421048725994,-0.5383386009732256
-1.038,0.08877525963335578,-0.4429688553267188
-1.0375,-0.7008176798351597,-0.2628260024388724
-1.037,-1.853196564464885,0.02328323450064829
-1.0365,-2.632119329075718,-0.1038764263613609
-1.036,-3.186968421675215,-1.01518732920576
-1.0355,-2.632119329075718,-1.47084278062796
-1.035,-1.565101843307454,-1.195330182093607
-1.0345,-0.6261264558313813,-0.7290780922662394
-1.034,-0.007256314085787988,-0.3158091944647096
-1.0335,0.3235191065023739,-0.02969995752518888
-1.033,0.4515612047945656,0.1292496185523226
-1.0325,0.4622313796522482,0.2140227257936621
-1.032,0.4302208550792003,0.2564092794143318
-1.0315,0.3982103305061524,0.2881991946298341
-1.031,0.3875401556484697,0.2987958330350016
-1.0305,0.3982103305061524,0.309392471440169
-1.03,0.5369226036560266,0.2458126410091644
-1.0295,1.134452395686255,-0.1462629799820306
-1.029,1.230483969405398,-0.8986243067489184
-1.0285,0.3661998059331045,-1.640388995110639
-1.028,-0.03926683865883591,-1.566212526274467
-1.0275,0.1848068333524996,-0.9410108603695881
-1.027,0.5049120790829789,-0.3052125560595421
-1.0265,0.6756348768059011,0.1822328105781598
-1.026,0.6863050516635838,0.457745409112513
-1.0255,0.6116138276598051,0.5849050699745222
-1.025,0.5155822539406614,0.6060983467848571
-1.0245,0.4515612047945656,0.5213252395435176
-1.024,0.5262524287983441,0.2670059178194992
-1.0235,0.5049120790829789,0.1504428953626575
-1.023,0.4408910299368829,0.09745970333682032
-1.0225,0.3661998059331045,0.07626642652648545
-1.022,0.3128489316446912,0.04447651131098315
-1.0215,-0.01792648894347063,-0.008506680714854012
-1.021,-0.6047861061160158,0.4153588554918433
-1.0205,-2.07727023647622,0.05507314971615059
-1.02,-2.557428105071939,0.2458126410091644
-1.0195,-2.834852651371688,0.3941655786815084
-1.019,-2.472066706210478,0.2458126410091644
-1.0185,-1.479740444445993,0.1080563417419877
-1.018,-0.6047861061160158,-0.05089323433552374
-1.0175,-0.03926683865883591,-0.1674562567923655
-1.017,0.2701682322139607,-0.1886495336027004
-1.0165,0.408880505363835,-0.1356663415768632
-1.016,0.4302208550792003,-0.06148987274069118
-1.0155,0.4195506802215176,0.04447651131098315
-1.015,0.3875401556484697,0.13984625695749
-1.0145,0.3768699807907871,0.2352160026039969
-1.014,0.3875401556484697,0.3199891098453364
-1.0135,0.4302208550792003,0.3517790250608387
-1.013,0.6756348768059011,0.06566978812131802
-1.0125,1.006410297394063,-0.6019184314042303
-1.012,0.3235191065023739,-1.364876396576285
-1.0115,-0.3273615598162672,-1.502632695843462
-1.011,-0.07127736323188383,-0.8668343915334161
-1.0105,0.3661998059331045,-0.3687923864905467
-1.01,0.6542945270905358,-0.01910331912002144
-1.0095,0.707645401378949,0.1716361721729923
-1.009,0.6436243522328531,0.2458126410091644
-1.0085,0.5369226036560266,0.2776025562246667
-1.008,0.4408910299368829,0.2776025562246667
-1.0075,0.4835717293676135,0.2140227257936621
-1.007,0.4835717293676135,0.1716361721729923
-1.0065,0.4302208550792003,0.1716361721729923
-1.006,0.3768699807907871,0.1822328105781598
-1.0055,0.3341892813600565,0.1928294489833272
-1.005,0.2594980573562781,0.2352160026039969
-1.0045,-0.1779791118087102,0.6166949851900245
-1.004,-0.9569018764195432,1.188913459069066
-1.0035,-1.703814116457328,1.612778995275763
-1.003,-2.301343908487556,1.104140351827727
-1.0025,-2.226652684483777,0.13984625695749
-1.002,-1.490410619303675,-0.3899856633008816
-1.0015,-0.6367966306890638,-0.3158091944647096
-1.001,-0.8715404775580819,-0.9516074987747555
-1.0005,-0.3700422592469978,-0.5807251545938954
-1,-0.03926683865883591,-0.2310360872233701
-0.9995000000000001,0.1741366584948169,0.06566978812131802
-0.999,0.3555296310754218,0.3517790250608387
-0.9985000000000001,0.3768699807907871,0.4471487707073456
-0.998,0.3661998059331045,0.4895353243280153
-0.9975000000000001,0.3555296310754218,0.5001319627331828
-0.997,0.3768699807907871,0.5001319627331828
-0.9965000000000001,0.4729015545099309,0.4365521323021782
-0.996,1.070431346540159,0.08686306493165288
-0.9955000000000001,1.881364635724039,-0.5913217929990628
-0.995,2.105438307735375,-1.42845622700729
-0.9945000000000001,1.860024286008674,-1.75695201756748
-0.994,1.539919040278195,-1.258910012524611
-0.9935,1.209143619690033,-0.570128516188728
-0.993,0.9103787236749192,0.01268659609548085
-0.9925,0.6649647019482183,0.3305857482505039
-0.992,0.4835717293676135,0.4259554938970107
-0.9915,0.3768699807907871,0.3941655786815084
-0.991,0.4195506802215176,0.2881991946298341
-0.9905,0.5155822539406614,0.1610395337678249
-0.99,0.4835717293676135,0.05507314971615059
-0.9895,0.4302208550792003,-0.02969995752518888
-0.989,0.3555296310754218,-0.09327978795619347
-0.9885,0.291508581929326,-0.1250697031716958
-0.988,-0.1139580626626144,0.2564092794143318
-0.9875,-0.8608703027003992,0.9451907757502149
-0.987,-1.394379045584531,1.485619334413754
-0.9865,-1.661133417026597,1.453829419198252
-0.986,-1.639793067311232,1.082947075017392
-0.9855,-1.084943974711735,0.5425185163538525
-0.985,-0.4767440078238243,0.1186529801471552
-0.9845,-0.01792648894347063,-0.1144730647665284
-0.984,0.2381577076409128,-0.1886495336027004
-0.9835,0.3661998059331045,-0.1250697031716958
-0.983,0.3982103305061524,0.002089957690313421
-0.9825,0.3128489316446912,0.08686306493165288
-0.982,0.2701682322139607,0.2140227257936621
-0.9815,-0.02859666380115328,0.07626642652648545
-0.981,-0.4660738329661415,-0.2310360872233701
-0.9805,-0.1993194615240755,0.1292496185523226
-0.98,0.03542438534494258,0.3623756634660061
-0.9795,0.4195506802215176,0.3729723018711736
-0.979,0.4515612047945656,-0.05089323433552374
-0.9785,-0.4127229586777283,-0.8562377531282487
-0.978,-0.722158029550525,-0.9198175835592532
-0.9775,-0.2953510352432193,-0.5171453241628908
-0.977,0.1954770082101822,-0.09327978795619347
-0.9765,0.4942419042252961,0.2140227257936621
-0.976,0.6009436528021226,0.4047622170866759
-0.9755,0.5796033030867573,0.4471487707073456
-0.975,0.5049120790829789,0.4047622170866759
-0.9745,0.4408910299368829,0.2987958330350016
-0.974,0.3768699807907871,0.09745970333682032
-0.9735,0.3341892813600565,-0.008506680714854012
-0.973,0.3128489316446912,-0.07208651114585861
-0.9725,0.3021787567870086,-0.1250697031716958
-0.972,0.291508581929326,-0.1674562567923655
-0.9715,0.1634664836371343,-0.1038764263613609
-0.971,-0.4554036581084589,0.383568940276341
-0.9705,-1.394379045584531,1.051157159801889
-0.97,-2.162631635337682,1.358459673551745
-0.9695,-2.76016142736791,0.5319218779486851
-0.969,-2.461396531352796,-0.3687923864905467
-0.9685,-1.458400094730627,-0.570128516188728
-0.968,-0.6154562809736985,-0.4111789401112165
-0.9675,-0.02859666380115328,-0.1568596183871981
-0.967,0.291508581929326,0.07626642652648545
-0.9665,0.4195506802215176,0.2458126410091644
-0.966,0.4408910299368829,0.3623756634660061
-0.9655,0.408880505363835,0.4259554938970107
-0.965,0.3768699807907871,0.457745409112513
-0.9645,0.3661998059331045,0.4683420475176805
-0.964,0.3661998059331045,0.4683420475176805
-0.9635,0.4408910299368829,0.4365521323021782
-0.963,0.9637295979633325,0.1610395337678249
-0.9625,1.379866417412955,-0.6125150698093976
-0.962,0.9103787236749192,-1.227120097309109
-0.9615,0.0674349099179905,-1.778145294377815
-0.961,-0.3273615598162672,-2.053657892912168
-0.9605,-0.3593720843893152,-1.714565463946811
-0.96,0.08877525963335578,-0.8350444763179138
-0.9595,0.3235191065023739,-0.2204394488182027
-0.959,0.4622313796522482,0.1822328105781598
-0.9585,0.4729015545099309,0.3199891098453364
-0.958,0.4195506802215176,0.2987958330350016
-0.9575,0.5049120790829789,0.1504428953626575
-0.957,0.5155822539406614,0.03387987290581572
-0.9565,0.4622313796522482,-0.04029659593035631
-0.956,0.3982103305061524,-0.07208651114585861
-0.9555,0.3448594562177392,-0.1144730647665284
-0.955,0.2488278824985954,-0.09327978795619347
-0.9545,-0.3700422592469978,0.2140227257936621
-0.954,-1.287677297007705,0.6802748156210291
-0.9535,-1.991908837614759,0.9875773293708847
-0.953,-2.536087755356574,0.6908714540261965
-0.9525,-2.557428105071939,-0.1674562567923655
-0.952,-1.725154466172693,-0.5171453241628908
-0.9515,-0.839529952985034,-0.474758770542221
-0.951,-0.1779791118087102,-0.2946159176543747
-0.9505,0.2168173579255475,-0.09327978795619347
-0.95,0.3875401556484697,0.08686306493165288
-0.9495,0.4408910299368829,0.2034260873884947
-0.949,0.4195506802215176,0.2987958330350016
-0.9485,0.3875401556484697,0.3623756634660061
-0.948,0.3661998059331045,0.4153588554918433
-0.9475,0.3661998059331045,0.4471487707073456
-0.947,0.3875401556484697,0.457745409112513
-0.9465,0.7183155762366316,0.2987958330350016
-0.946,1.379866417412955,-0.2946159176543747
-0.9455,1.145122570543937,-1.036380606016095
-0.945,0.291508581929326,-1.629792356705471
-0.9445,0.01408403562957729,-1.862918401619155
-0.944,0.2381577076409128,-1.301296566145281
-0.9435,0.4942419042252961,-0.570128516188728
-0.9429999999999999,0.6116138276598051,-0.008506680714854012
-0.9425,0.4835717293676135,0.1822328105781598
-0.9419999999999999,0.4729015545099309,0.3729723018711736
-0.9415,-0.2099896363817582,-0.2204394488182027
-0.9409999999999999,-0.1779791118087102,-0.3475991096802118
-0.9405,0.1848068333524996,-0.2734226408440398
-0.9399999999999999,0.3128489316446912,-0.1992461720078678
-0.9395,0.408880505363835,-0.07208651114585861
-0.9389999999999999,0.3982103305061524,-0.06148987274069118
-0.9385,0.3128489316446912,-0.1250697031716958
-0.9379999999999999,-0.07127736323188383,0.1610395337678249
-0.9375,-1.084943974711735,0.849821030103708
-0.9370000000000001,-2.130621110764634,1.485619334413754
-0.9365,-2.856193001087053,1.369056311956912
-0.9360000000000001,-3.282999995394359,0.13984625695749
-0.9355,-2.472066706210478,-0.6337083466197325
-0.9350000000000001,-1.383708870726849,-0.6760949002404023
-0.9345,-0.4980843575391895,-0.4323722169215513
-0.9340000000000001,0.0674349099179905,-0.1356663415768632
-0.9335,0.3555296310754218,0.09745970333682032
-0.9330000000000001,0.4515612047945656,0.2670059178194992
-0.9325,0.4622313796522482,0.3729723018711736
-0.9320000000000001,0.4195506802215176,0.4259554938970107
-0.9315,0.3982103305061524,0.4471487707073456
-0.931,0.3768699807907871,0.457745409112513
-0.9305,0.3768699807907871,0.457745409112513
-0.93,0.4942419042252961,0.3517790250608387
-0.9295,1.027750647109428,-0.2098428104130352
-0.929,1.337185717982225,-1.025783967610927
-0.9285,0.5902734779444399,-1.725162102351978
-0.928,0.1314559590640864,-1.968884785670829
-0.9275,0.2701682322139607,-1.38606967338662
-0.927,0.5049120790829789,-0.6337083466197325
-0.9265,0.6329541773751706,-0.06148987274069118
-0.926,0.6436243522328531,0.2881991946298341
-0.9255,0.5796033030867573,0.4365521323021782
-0.925,0.4835717293676135,0.4259554938970107
-0.9245,0.4302208550792003,0.3199891098453364
-0.924,0.4622313796522482,0.08686306493165288
-0.9235,0.3768699807907871,-0.1038764263613609
-0.923,0.3128489316446912,-0.1780528951975329
-0.9225,0.2808384070716433,-0.1992461720078678
-0.922,-0.391382608962363,-0.8668343915334161
-0.9215,-0.6688071552621118,-0.7290780922662394
-0.921,-1.351698346153801,-0.1568596183871981
-0.9205,-2.055929886760855,0.4259554938970107
-0.92,-2.60010880450267,0.7862411996727035
-0.9195,-2.96289474966388,0.1186529801471552
-0.919,-2.365364957633652,-0.4959520473525559
-0.9185,-1.362368521011484,-0.5595318777835605
-0.918,-0.5087545323968721,-0.3793890248957141
-0.9175,0.05676473506030786,-0.1568596183871981
-0.917,0.3448594562177392,0.05507314971615059
-0.9165,0.4515612047945656,0.2034260873884947
-0.916,0.4622313796522482,0.309392471440169
-0.9155,0.4302208550792003,0.383568940276341
-0.915,0.3875401556484697,0.4259554938970107
-0.9145,0.3661998059331045,0.457745409112513
-0.914,0.3768699807907871,0.4789386859228479
-0.9135,0.4302208550792003,0.4683420475176805
-0.913,0.9103787236749192,0.1186529801471552
-0.9125,1.497238340847464,-0.6866915386455698
-0.912,0.974399772821015,-1.523825972653797
-0.9115,0.2594980573562781,-1.926498232050159
-0.911,0.3768699807907871,-1.905304955239825
-0.9105,0.6329541773751706,-1.38606967338662
-0.91,0.7716664505250448,-0.6443049850249
-0.9095,0.7396559259519968,-0.1038764263613609
-0.909,0.6436243522328531,0.2246193641988295
-0.9085,0.5155822539406614,0.3517790250608387
-0.908,0.4302208550792003,0.3305857482505039
-0.9075,0.5369226036560266,0.13984625695749
-0.907,0.5582629533713921,-0.02969995752518888
-0.9065,0.4942419042252961,-0.09327978795619347
-0.906,0.4195506802215176,-0.1250697031716958
-0.9055,0.3448594562177392,-0.1356663415768632
-0.905,0.2061471830678648,-0.1144730647665284
-0.9045,-0.3593720843893152,0.1716361721729923
-0.904,-1.116954499284783,0.6484849004055269
-0.9035,-1.927887788468663,0.9134008605347127
-0.903,-2.215982509626095,0.9875773293708847
-0.9025,-2.408045657064382,-0.09327978795619347
-0.902,-1.618452717595867,-0.4111789401112165
-0.9015,-0.7648387289812555,-0.4323722169215513
-0.901,-0.1673089369510276,-0.3370024712750445
-0.9005,0.2488278824985954,-0.1144730647665284
-0.9,0.408880505363835,0.03387987290581572
-0.8995,0.4195506802215176,0.13984625695749
-0.899,0.3875401556484697,0.2458126410091644
-0.8985,0.3661998059331045,0.3517790250608387
-0.898,0.3555296310754218,0.4365521323021782
-0.8975,0.3661998059331045,0.5107286011383502
-0.897,0.3982103305061524,0.5637117931641874
-0.8965,0.7183155762366316,0.4365521323021782
-0.896,1.433217291701369,-0.1568596183871981
-0.8955,1.475897991132099,-1.025783967610927
-0.895,0.8143471499557753,-1.598002441489969
-0.8945,0.6863050516635838,-1.75695201756748
-0.894,0.7823366253827275,-1.227120097309109
-0.8935,0.8356874996711408,-0.400582301706049
-0.893,0.8143471499557753,0.2881991946298341
-0.8925,0.7183155762366316,0.6378882620003594
-0.892,0.5796033030867573,0.6908714540261965
-0.8915,0.4622313796522482,0.5955017083796896
-0.891,0.4835717293676135,0.3729723018711736
-0.8905,0.5582629533713921,0.1292496185523226
-0.89,0.5155822539406614,-0.008506680714854012
-0.8895,0.4195506802215176,-0.1038764263613609
-0.889,0.3448594562177392,-0.1780528951975329
-0.8885,0.291508581929326,-0.2416327256285375
-0.888,-0.02859666380115328,0.02328323450064829
-0.8875,-0.7861790786966207,0.7120647308365314
-0.887,-1.597112367880501,1.347863035146577
-0.8865,-2.247993034199143,1.263089927905238
-0.886,-2.461396531352796,0.2987958330350016
-0.8855,-1.778505340461106,-0.2946159176543747
-0.885,-0.9035510021311299,-0.3793890248957141
-0.8845,-0.2420001609548061,-0.2310360872233701
-0.884,0.03542438534494258,-0.1462629799820306
-0.8835,0.3341892813600565,0.13984625695749
-0.883,-0.3593720843893152,-0.474758770542221
-0.8825,-0.2420001609548061,-0.252229364033705
-0.882,-0.07127736323188383,0.02328323450064829
-0.8815,0.08877525963335578,0.2458126410091644
-0.881,0.291508581929326,0.4789386859228479
-0.8804999999999999,0.3768699807907871,0.5425185163538525
-0.88,0.5155822539406614,0.4683420475176805
-0.8794999999999999,1.134452395686255,0.09745970333682032
-0.879,1.347855892839907,-0.6866915386455698
-0.8784999999999999,0.408880505363835,-1.598002441489969
-0.878,-0.1886492866663929,-2.053657892912168
-0.8774999999999999,-0.01792648894347063,-1.693372187136476
-0.877,0.291508581929326,-0.8986243067489184
-0.8764999999999999,0.5262524287983441,-0.2098428104130352
-0.876,0.6009436528021226,0.2352160026039969
-0.8754999999999999,0.5689331282290746,0.4365521323021782
-0.875,0.4942419042252961,0.4471487707073456
-0.8745000000000001,0.4729015545099309,0.3411823866556712
-0.874,0.6009436528021226,0.09745970333682032
-0.8735000000000001,0.5902734779444399,-0.02969995752518888
-0.873,0.4942419042252961,-0.09327978795619347
-0.8725000000000001,0.3982103305061524,-0.1568596183871981
-0.872,0.3235191065023739,-0.2098428104130352
-0.8715000000000001,0.0674349099179905,-0.01910331912002144
-0.871,-0.6474668055467465,0.6484849004055269
-0.8705000000000001,-1.51175096901904,1.347863035146577
-0.87,-2.247993034199143,1.697552102517103
-0.8695000000000001,-2.685470203364131,0.9345941373450475
-0.869,-2.247993034199143,0.05507314971615059
-0.8685,-1.255666772434657,-0.252229364033705
-0.868,-0.4767440078238243,-0.2310360872233701
-0.8675,0.03542438534494258,-0.08268314955102604
-0.867,0.3128489316446912,0.09745970333682032
-0.8665,0.4195506802215176,0.2458126410091644
-0.866,0.4302208550792003,0.3623756634660061
-0.8655,0.3982103305061524,0.4471487707073456
-0.865,0.3768699807907871,0.5001319627331828
-0.8645,0.2808384070716433,0.457745409112513
-0.864,0.291508581929326,0.4895353243280153
-0.8635,0.01408403562957729,0.1610395337678249
-0.863,0.07810508477567314,-0.4959520473525559
-0.8625,0.8463576745288233,-0.9198175835592532
-0.862,0.3768699807907871,-1.682775548731308
-0.8615,-0.274010685527854,-1.862918401619155
-0.861,-0.06060718837420119,-1.195330182093607
-0.8605,0.2808384070716433,-0.6231117082145651
-0.86,0.5475927785137094,-0.1992461720078678
-0.8595,0.6329541773751706,0.03387987290581572
-0.859,0.6009436528021226,0.13984625695749
-0.8585,0.5369226036560266,0.13984625695749
-0.858,0.4622313796522482,0.09745970333682032
-0.8575,0.5262524287983441,-0.01910331912002144
-0.857,0.5262524287983441,-0.09327978795619347
-0.8565,0.4515612047945656,-0.1144730647665284
-0.856,0.3875401556484697,-0.1144730647665284
-0.8555,0.3341892813600565,-0.1250697031716958
-0.855,0.2488278824985954,-0.07208651114585861
-0.8545,-0.3060212101009019,0.2776025562246667
-0.854,-1.277007122150022,0.7968378380778709
-0.8535,-2.130621110764634,1.220703374284568
-0.853,-2.770831602225592,0.7120647308365314
-0.8525,-2.738821077652544,-0.2628260024388724
-0.852,-1.757164990745741,-0.5595318777835605
-0.8515,-0.8288597781273515,-0.400582301706049
-0.851,-0.156638762093345,-0.1250697031716958
-0.8505,0.2274875327832301,0.1292496185523226
-0.85,0.3982103305061524,0.3199891098453364
-0.8495,0.4408910299368829,0.4259554938970107
-0.849,0.4302208550792003,0.4895353243280153
-0.8485,0.3982103305061524,0.5107286011383502
-0.848,0.3768699807907871,0.5107286011383502
-0.8475,0.3875401556484697,0.4789386859228479
-0.847,0.3982103305061524,0.457745409112513
-0.8465,0.5262524287983441,0.3305857482505039
-0.846,1.049090996824793,-0.09327978795619347
-0.8455,1.123782220828572,-0.8032545611024114
-0.845,0.3555296310754218,-1.587405803084801
-0.8445,0.3341892813600565,-2.043061254507001
-0.844,0.6329541773751706,-2.138431000153508
-0.8435,0.4302208550792003,-2.000674700886331
-0.843,0.1954770082101822,-1.566212526274467
-0.8425,0.291508581929326,-0.8244478379127463
-0.842,0.3021787567870086,-0.3581957480853793
-0.8415,0.3661998059331045,-0.02969995752518888
-0.841,0.4729015545099309,0.01268659609548085
-0.8405,0.5689331282290746,-0.09327978795619347
-0.84,0.5262524287983441,-0.1250697031716958
-0.8395,0.4408910299368829,-0.1144730647665284
-0.839,0.3555296310754218,-0.09327978795619347
-0.8385,0.291508581929326,-0.07208651114585861
-0.838,-0.1139580626626144,0.1610395337678249
-0.8375,-0.9675720512772257,0.6484849004055269
-0.837,-1.629122892453549,1.051157159801889
-0.8365,-2.066600061618538,1.135930267043229
-0.836,-2.322684258202921,0.7650479228623686
-0.8355,-1.767835165603424,0.3411823866556712
-0.835,-0.9569018764195432,0.1186529801471552
-0.8345,-0.2846808603855366,0.06566978812131802
-0.834,0.142126133921769,0.09745970333682032
-0.8335,0.3555296310754218,0.1716361721729923
-0.833,0.4195506802215176,0.2564092794143318
-0.8325,0.4195506802215176,0.3411823866556712
-0.832,0.3982103305061524,0.4153588554918433
-0.8315,0.3768699807907871,0.4683420475176805
-0.831,0.3768699807907871,0.5107286011383502
-0.8305,0.3875401556484697,0.5213252395435176
-0.83,0.5369226036560266,0.5001319627331828
-0.8295,1.15579274540162,0.1610395337678249
-0.829,1.337185717982225,-0.5277419625680583
-0.8285,0.5902734779444399,-1.227120097309109
-0.828,0.3128489316446912,-1.619195718300304
-0.8275,0.5475927785137094,-1.502632695843462
-0.827,0.7609962756673623,-0.9622041371799229
-0.8265,0.825017324813458,-0.3793890248957141
-0.826,0.7609962756673623,0.002089957690313421
-0.8255,0.5369226036560266,0.09745970333682032
-0.825,0.4515612047945656,0.2034260873884947
-0.8245,0.2381577076409128,0.07626642652648545
-0.824,-0.4447334832507763,-0.5489352393783931
-0.8235,-0.2206598112394408,-0.3687923864905467
-0.823,-0.04993701351651855,-0.2734226408440398
-0.8225,0.1314559590640864,-0.1674562567923655
-0.822,0.2594980573562781,-0.1038764263613609
-0.8215,0.1101156093487211,0.04447651131098315
-0.821,-0.6794773301197943,0.6802748156210291
-0.8205,-1.799845690176472,1.369056311956912
-0.82,-2.60010880450267,1.612778995275763
-0.8195,-3.240319295963628,0.55311515475902
-0.819,-2.973564924521563,-0.5807251545938954
-0.8185,-1.853196564464885,-0.792657922697244
-0.8179999999999999,-0.839529952985034,-0.5383386009732256
-0.8175,-0.1352984123779797,-0.1886495336027004
-0.8169999999999999,0.2594980573562781,0.1292496185523226
-0.8165,0.4302208550792003,0.3517790250608387
-0.8159999999999999,0.4622313796522482,0.4895353243280153
-0.8155,0.4408910299368829,0.5637117931641874
-0.8149999999999999,0.3982103305061524,0.5955017083796896
-0.8145,0.3875401556484697,0.6060983467848571
-0.8139999999999999,0.3875401556484697,0.5955017083796896
-0.8135,0.4729015545099309,0.5213252395435176
-0.8129999999999999,0.974399772821015,-0.01910331912002144
-0.8125,1.603940089424291,-0.8880276683437509
-0.8120000000000001,1.369196242555273,-1.650985633515806
-0.8115,0.707645401378949,-1.968884785670829
-0.8110000000000001,0.5902734779444399,-1.693372187136476
-0.8105,0.6649647019482183,-1.036380606016095
-0.8100000000000001,0.7183155762366316,-0.4217755785163839
-0.8095,0.6756348768059011,-0.008506680714854012
-0.8090000000000001,0.5796033030867573,0.2140227257936621
-0.8085,0.4835717293676135,0.2881991946298341
-0.8080000000000001,0.408880505363835,0.2352160026039969
-0.8075,0.5049120790829789,0.04447651131098315
-0.8070000000000001,0.5262524287983441,-0.09327978795619347
-0.8065,0.3982103305061524,-0.2310360872233701
-0.806,0.3128489316446912,-0.2734226408440398
-0.8055,0.2701682322139607,-0.2628260024388724
-0.805,-0.423393133535411,-0.8668343915334161
-0.8045,-1.06360362499637,-1.216523458903942
-0.804,-1.725154466172693,-1.42845622700729
-0.8035,-2.312014083345239,-1.619195718300304
-0.803,-2.749491252510227,-1.915901593644992
-0.8025,-2.674800028506448,-2.159624276963843
-0.802,-1.83185621474952,-1.672178910326141
-0.8015,-0.9035510021311299,-0.9304142219644207
-0.801,-0.2099896363817582,-0.3052125560595421
-0.8005,0.2061471830678648,0.1186529801471552
-0.8,0.3982103305061524,0.3623756634660061
-0.7995,0.4515612047945656,0.4683420475176805
-0.799,0.4408910299368829,0.5107286011383502
-0.7985,0.408880505363835,0.5107286011383502
-0.798,0.3768699807907871,0.5001319627331828
-0.7975,0.3875401556484697,0.4683420475176805
-0.797,0.4622313796522482,0.4047622170866759
-0.7965,0.8783681991018712,0.002089957690313421
-0.796,1.582599739708926,-0.8668343915334161
-0.7955,1.539919040278195,-1.640388995110639
-0.795,0.7609962756673623,-2.202010830584512
-0.7945,0.5262524287983441,-2.307977214636187
-0.794,0.6116138276598051,-1.545019249464132
-0.7935,0.7183155762366316,-0.6760949002404023
-0.793,0.7289857510943143,-0.1250697031716958
-0.7925,0.6542945270905358,0.1504428953626575
-0.792,0.5369226036560266,0.2776025562246667
-0.7915,0.4408910299368829,0.2881991946298341
-0.791,0.4835717293676135,0.2034260873884947
-0.7905,0.5689331282290746,0.07626642652648545
-0.79,0.5262524287983441,0.01268659609548085
-0.7895,0.4408910299368829,-0.008506680714854012
-0.789,0.3661998059331045,-0.01910331912002144
-0.7885,0.2808384070716433,0.01268659609548085
-0.788,-0.08194753808956648,0.4259554938970107
-0.7875,-0.7755089038389382,1.104140351827727
-0.787,-1.522421143876723,1.549199164844759
-0.7865,-2.066600061618538,1.739938656137773
-0.786,-2.461396531352796,1.475022696008586
-0.7855,-2.290673733629873,0.5107286011383502
-0.785,-1.287677297007705,0.1186529801471552
-0.7845,-0.5300948821122373,-0.1780528951975329
-0.784,0.02475421048725994,-0.2098428104130352
-0.7835,0.3448594562177392,-0.1038764263613609
-0.783,0.408880505363835,-0.01910331912002144
-0.7825,0.3982103305061524,0.1186529801471552
-0.782,0.3661998059331045,0.2776025562246667
-0.7815,0.3555296310754218,0.4365521323021782
-0.781,0.3448594562177392,0.5743084315693548
-0.7805,0.3768699807907871,0.6908714540261965
-0.78,0.5796033030867573,0.7226613692416989
-0.7795,1.305175193409177,0.3199891098453364
-0.779,1.785333062004896,-0.400582301706049
-0.7785,1.017080472251745,-1.025783967610927
-0.778,0.4408910299368829,-0.9516074987747555
-0.7775,0.4515612047945656,-0.4959520473525559
-0.777,0.5902734779444399,-0.02969995752518888
-0.7765,0.6649647019482183,0.2881991946298341
-0.776,0.6329541773751706,0.4365521323021782
-0.7755,0.5475927785137094,0.457745409112513
-0.775,0.4622313796522482,0.4259554938970107
-0.7745,0.4302208550792003,0.3199891098453364
-0.774,0.5262524287983441,0.1080563417419877
-0.7735,0.5155822539406614,-0.008506680714854012
-0.773,0.4408910299368829,-0.06148987274069118
-0.7725,0.3768699807907871,-0.1038764263613609
-0.772,0.3235191065023739,-0.1462629799820306
-0.7715,0.1207857842064037,-0.06148987274069118
-0.771,-0.5621054066852853,0.5001319627331828
-0.7705,-1.383708870726849,1.199510097474233
-0.77,-2.045259711903173,1.517409249629256
-0.7695,-2.482736881068161,0.7438546460520338
-0.769,-2.03458953704549,-0.04029659593035631
-0.7685,-1.127624674142465,-0.2840192792492073
-0.768,-0.4020527838200457,-0.2204394488182027
-0.7675,0.02475421048725994,-0.1144730647665284
-0.767,0.2168173579255475,0.002089957690313421
-0.7665,0.3555296310754218,0.1928294489833272
-0.766,-0.2846808603855366,-0.3581957480853793
-0.7655,-0.2206598112394408,-0.2098428104130352
-0.765,-0.04993701351651855,0.04447651131098315
-0.7645,0.1207857842064037,0.2564092794143318
-0.764,0.3128489316446912,0.4471487707073456
-0.7635,0.4302208550792003,0.4683420475176805
-0.763,1.006410297394063,0.1928294489833272
-0.7625,1.806673411720261,-0.5171453241628908
-0.762,1.699971663143435,-1.34368311976595
-0.7615,1.059761171682476,-1.534422611058964
-0.761,0.857027849386506,-1.004590690800593
-0.7605,0.8143471499557753,-0.4641621321370536
-0.76,0.79300680024041,-0.08268314955102604
-0.7595,0.6969752265212663,0.13984625695749
-0.759,0.5582629533713921,0.2564092794143318
-0.7585,0.4408910299368829,0.2987958330350016
-0.758,0.3768699807907871,0.2776025562246667
-0.7575,0.4195506802215176,0.13984625695749
-0.757,0.4302208550792003,0.03387987290581572
-0.7565,0.3875401556484697,-0.008506680714854012
-0.756,0.3448594562177392,-0.04029659593035631
-0.7554999999999999,0.3128489316446912,-0.06148987274069118
-0.755,0.2274875327832301,-0.01910331912002144
-0.7544999999999999,-0.2633405106701714,0.457745409112513
-0.754,-1.074273799854052,1.157123543853563
-0.7534999999999999,-1.799845690176472,1.655165548896433
-0.753,-2.386705307349017,1.178316820663898
-0.7524999999999999,-2.482736881068161,0.1186529801471552
-0.752,-1.607782542738184,-0.3370024712750445
-0.7514999999999999,-0.7648387289812555,-0.326405832869877
-0.751,-0.156638762093345,-0.1462629799820306
-0.7504999999999999,0.2061471830678648,0.05507314971615059
-0.75,0.3661998059331045,0.2246193641988295
-0.7495000000000001,0.408880505363835,0.3623756634660061
-0.749,0.3982103305061524,0.4471487707073456
-0.7485000000000001,0.3661998059331045,0.5001319627331828
-0.748,0.3555296310754218,0.5319218779486851
-0.7475000000000001,0.3555296310754218,0.5425185163538525
-0.747,0.3768699807907871,0.5107286011383502
-0.7465000000000001,0.5582629533713921,0.2034260873884947
-0.746,1.401206767128321,-0.2840192792492073
-0.7455000000000001,1.475897991132099,-1.046977244421262
-0.745,0.6329541773751706,-1.576809164679634
-0.7445000000000001,0.3128489316446912,-1.407262950196955
-0.744,0.3982103305061524,-0.8668343915334161
-0.7435,0.5155822539406614,-0.2840192792492073
-0.743,0.5582629533713921,0.1080563417419877
-0.7425,0.5155822539406614,0.309392471440169
-0.742,0.3875401556484697,0.3199891098453364
-0.7415,0.291508581929326,0.2246193641988295
-0.741,0.4408910299368829,0.13984625695749
-0.7405,0.3128489316446912,-0.2734226408440398
-0.74,-0.3273615598162672,-0.9622041371799229
-0.7395,-0.2206598112394408,-0.8032545611024114
-0.739,-0.1352984123779797,-0.6760949002404023
-0.7385,0.00341386077189465,-0.474758770542221
-0.738,-0.09261771294724913,0.07626642652648545
-0.7375,-1.010252750707956,0.9134008605347127
-0.737,-2.162631635337682,1.612778995275763
-0.7365,-3.069596498240706,2.004854616266958
-0.736,-3.272329820536676,1.528005888034424
-0.7355,-2.290673733629873,0.7120647308365314
-0.735,-1.202315898146244,0.1504428953626575
-0.7345,-0.3487019095316325,-0.1250697031716958
-0.734,0.1527963087794516,-0.1674562567923655
-0.7335,0.3875401556484697,-0.09327978795619347
-0.733,0.4515612047945656,0.05507314971615059
-0.7325,0.4302208550792003,0.2246193641988295
-0.732,0.3982103305061524,0.3941655786815084
-0.7315,0.3661998059331045,0.5425185163538525
-0.731,0.3555296310754218,0.6696781772158616
-0.7305,0.3555296310754218,0.7650479228623686
-0.73,0.5155822539406614,0.775644561267536
-0.7295,1.166462920259302,0.3623756634660061
-0.729,1.742652362574165,-0.3899856633008816
-0.7285,1.294505018551494,-1.089363798041932
-0.728,0.8890383739595538,-1.195330182093607
-0.7275,0.8676980242441885,-0.8138511995075789
-0.727,0.8676980242441885,-0.2204394488182027
-0.7265,0.8036769750980928,0.2987958330350016
-0.726,0.6756348768059011,0.5849050699745222
-0.7255,0.5262524287983441,0.6696781772158616
-0.725,0.408880505363835,0.6166949851900245
-0.7245,0.3875401556484697,0.4789386859228479
-0.724,0.5155822539406614,0.2352160026039969
-0.7235,0.5049120790829789,0.04447651131098315
-0.723,0.4408910299368829,-0.1038764263613609
-0.7225,0.3661998059331045,-0.2416327256285375
-0.722,0.3128489316446912,-0.3793890248957141
-0.7215,0.1527963087794516,-0.3475991096802118
-0.721,-0.4447334832507763,0.2034260873884947
-0.7205,-1.191645723288561,0.8816109453192104
-0.72,-1.927887788468663,1.051157159801889
-0.7195,-2.247993034199143,0.4153588554918433
-0.719,-2.418715831922065,-0.8562377531282487
-0.7185,-1.767835165603424,-1.131750351662602
-0.718,-0.8822106524157645,-0.8244478379127463
-0.7175,-0.2526703358124887,-0.4641621321370536
-0.717,0.1954770082101822,-0.08268314955102604
-0.7165,0.3768699807907871,0.1716361721729923
-0.716,0.3875401556484697,0.2881991946298341
-0.7155,0.3661998059331045,0.383568940276341
-0.715,0.3448594562177392,0.457745409112513
-0.7145,0.3341892813600565,0.5001319627331828
-0.714,0.3341892813600565,0.5425185163538525
-0.7135,0.408880505363835,0.55311515475902
-0.713,0.9317190733902845,0.3199891098453364
-0.7125,1.486568165989782,-0.3581957480853793
-0.712,1.113112045970889,-1.237716735714276
-0.7115,0.5049120790829789,-1.51322933424863
-0.711,0.5262524287983441,-0.8986243067489184
-0.7105,0.707645401378949,-0.4323722169215513
-0.71,0.8143471499557753,-0.1780528951975329
-0.7095,0.7716664505250448,-0.1250697031716958
-0.709,0.6542945270905358,-0.09327978795619347
-0.7085,0.5262524287983441,-0.1038764263613609
-0.708,0.4302208550792003,-0.1144730647665284
-0.7075,0.5049120790829789,-0.1780528951975329
-0.707,0.5262524287983441,-0.1886495336027004
-0.7065,0.4515612047945656,-0.1462629799820306
-0.706,0.3768699807907871,-0.08268314955102604
-0.7055,0.3235191065023739,-0.02969995752518888
-0.705,0.2274875327832301,0.06566978812131802
-0.7045,-0.2953510352432193,0.5637117931641874
-0.704,-1.127624674142465,1.241896651094903
-0.7035,-1.885207089037933,1.718745379327438
-0.703,-2.461396531352796,1.25249328950007
-0.7025,-2.376035132491334,0.2564092794143318
-0.702,-1.490410619303675,-0.1568596183871981
-0.7015,-0.6794773301197943,-0.1674562567923655
-0.701,-0.1032878878049318,0.002089957690313421
-0.7005,0.0674349099179905,0.05507314971615059
-0.7,0.2594980573562781,0.2881991946298341
-0.6995,-0.4447334832507763,-0.3158091944647096
-0.699,-0.2099896363817582,0.03387987290581572
-0.6985,-0.04993701351651855,0.2776025562246667
-0.698,0.1314559590640864,0.5001319627331828
-0.6975,0.3128489316446912,0.6802748156210291
-0.697,0.3661998059331045,0.6908714540261965
-0.6965,0.707645401378949,0.4789386859228479
-0.696,1.433217291701369,-0.1992461720078678
-0.6955,1.294505018551494,-1.184733543688439
-0.695,0.1314559590640864,-2.043061254507001
-0.6945,-0.4980843575391895,-2.064254531317336
-0.694,-0.3060212101009019,-1.333086481360783
-0.6935,0.07810508477567314,-0.5277419625680583
-0.6929999999999999,0.3341892813600565,0.002089957690313421
-0.6925,0.4408910299368829,0.2034260873884947
-0.6919999999999999,0.4515612047945656,0.2140227257936621
-0.6915,0.4195506802215176,0.1186529801471552
-0.6909999999999999,0.4195506802215176,-0.09327978795619347
-0.6905,0.4408910299368829,-0.2946159176543747
-0.6899999999999999,0.408880505363835,-0.3687923864905467
-0.6895,0.3555296310754218,-0.3899856633008816
-0.6889999999999999,0.3128489316446912,-0.3793890248957141
-0.6885,0.2701682322139607,-0.3581957480853793
-0.6879999999999999,-0.06060718837420119,-0.09327978795619347
-0.6875,-0.8502001278427167,0.5955017083796896
-0.6870000000000001,-1.618452717595867,1.305476481525908
-0.6865,-2.19464215991073,1.432636142387917
-0.6860000000000001,-2.568098279929622,0.5743084315693548
-0.6855,-1.853196564464885,-0.06148987274069118
-0.6850000000000001,-0.9782422261349084,-0.1886495336027004
-0.6845,-0.2953510352432193,-0.08268314955102604
-0.6840000000000001,0.1207857842064037,0.1186529801471552
-0.6835,0.3341892813600565,0.309392471440169
-0.6830000000000001,0.3982103305061524,0.4789386859228479
-0.6825,0.3982103305061524,0.5955017083796896
-0.6820000000000001,0.3661998059331045,0.6802748156210291
-0.6815,0.3448594562177392,0.7332580076468663
-0.681,0.3021787567870086,0.7120647308365314
-0.6805,0.2381577076409128,0.627291623595192
-0.68,0.2061471830678648,0.3199891098453364
-0.6795,0.1741366584948169,-0.718481453861072
-0.679,0.03542438534494258,-1.333086481360783
-0.6785,-0.9462317015618604,-2.053657892912168
-0.678,-1.277007122150022,-2.382153683472359
-0.6775,-0.658136980404429,-1.905304955239825
-0.677,-0.007256314085787988,-1.110557074852267
-0.6765,0.4302208550792003,-0.4429688553267188
-0.676,0.5902734779444399,-0.02969995752518888
-0.6755,0.5796033030867573,0.1716361721729923
-0.675,0.5049120790829789,0.1928294489833272
-0.6745,0.4408910299368829,0.09745970333682032
-0.674,0.4515612047945656,-0.06148987274069118
-0.6735,0.4195506802215176,-0.1780528951975329
-0.673,0.3661998059331045,-0.2734226408440398
-0.6725,0.3235191065023739,-0.3475991096802118
-0.672,0.291508581929326,-0.400582301706049
-0.6715,0.1101156093487211,-0.326405832869877
-0.671,-0.6474668055467465,0.1504428953626575
-0.6705,-1.586442193022819,0.849821030103708
-0.67,-2.269333383914508,1.443232780793084
-0.6695,-2.834852651371688,1.42203950398275
-0.669,-2.312014083345239,0.7650479228623686
-0.6685,-1.330357996438436,0.2881991946298341
-0.668,-0.5194247072545548,0.05507314971615059
-0.6675,0.02475421048725994,0.02328323450064829
-0.667,0.3021787567870086,0.08686306493165288
-0.6665,0.408880505363835,0.2246193641988295
-0.666,0.4195506802215176,0.3623756634660061
-0.6655,0.3982103305061524,0.5001319627331828
-0.665,0.3661998059331045,0.6060983467848571
-0.6645,0.3555296310754218,0.6908714540261965
-0.664,0.3555296310754218,0.7544512844572011
-0.6635,0.4515612047945656,0.7544512844572011
-0.663,0.9530594231056497,0.4047622170866759
-0.6625,1.273164668836129,-0.252229364033705
-0.662,0.6116138276598051,-0.9092209451540858
-0.6615,-0.1459685872356623,-1.311893204550448
-0.661,-0.07127736323188383,-1.184733543688439
-0.6605,0.2381577076409128,-0.6231117082145651
-0.66,-0.2099896363817582,-0.7608680074817418
-0.6595,0.02475421048725994,-0.2628260024388724
-0.659,0.1848068333524996,0.06566978812131802
-0.6585,0.3021787567870086,0.2776025562246667
-0.658,0.3875401556484697,0.3623756634660061
-0.6575,0.5155822539406614,0.2034260873884947
-0.657,0.5369226036560266,0.04447651131098315
-0.6565,0.4622313796522482,-0.09327978795619347
-0.656,0.3768699807907871,-0.2204394488182027
-0.6555,0.3235191065023739,-0.3370024712750445
-0.655,0.1954770082101822,-0.326405832869877
-0.6545,-0.4127229586777283,0.1822328105781598
-0.654,-1.362368521011484,0.9028042221295453
-0.6535,-2.141291285622316,1.496215972818921
-0.653,-2.781501777083275,1.697552102517103
-0.6525,-2.546757930214257,1.082947075017392
-0.652,-1.597112367880501,0.3729723018711736
-0.6515,-0.7114878546928423,-0.1038764263613609
-0.651,-0.09261771294724913,-0.3158091944647096
-0.6505,0.2594980573562781,-0.326405832869877
-0.65,0.408880505363835,-0.2098428104130352
-0.6495,0.4302208550792003,-0.04029659593035631
-0.649,0.408880505363835,0.1610395337678249
-0.6485,0.3768699807907871,0.3517790250608387
-0.648,0.3555296310754218,0.5213252395435176
-0.6475,0.3661998059331045,0.6696781772158616
-0.647,0.3875401556484697,0.7968378380778709
-0.6465,0.7289857510943143,0.7544512844572011
-0.646,1.35852606769759,0.309392471440169
-0.6455,1.113112045970889,-0.3475991096802118
-0.645,0.3021787567870086,-0.7396747306714069
-0.6445,0.1527963087794516,-0.5065486857577234
-0.644,0.3448594562177392,-0.2204394488182027
-0.6435,0.5049120790829789,0.1292496185523226
-0.643,0.5689331282290746,0.4471487707073456
-0.6425,0.5582629533713921,0.5849050699745222
-0.642,0.3661998059331045,0.5213252395435176
-0.6415,0.3021787567870086,0.4789386859228479
-0.641,-0.4874141826815069,-0.3899856633008816
-0.6405,-0.2633405106701714,-0.2946159176543747
-0.64,-0.1139580626626144,-0.2946159176543747
-0.6395,0.05676473506030786,-0.2628260024388724
-0.639,0.2381577076409128,-0.2310360872233701
-0.6385,0.2594980573562781,-0.3158091944647096
-0.638,-0.08194753808956648,-0.1144730647665284
-0.6375,-1.074273799854052,0.55311515475902
-0.637,-2.141291285622316,1.199510097474233
-0.6365,-2.866863175944736,1.029963882991555
-0.636,-3.32568069482509,-0.1568596183871981
-0.6355,-2.514747405641209,-0.8456411147230812
-0.635,-1.415719395299897,-0.8138511995075789
-0.6345,-0.5194247072545548,-0.5065486857577234
-0.634,0.05676473506030786,-0.1780528951975329
-0.6335,0.3448594562177392,0.07626642652648545
-0.633,0.4408910299368829,0.2564092794143318
-0.6325,0.4515612047945656,0.3623756634660061
-0.632,0.408880505363835,0.4259554938970107
-0.6315,0.3768699807907871,0.457745409112513
-0.631,0.3768699807907871,0.4789386859228479
-0.6304999999999999,0.3875401556484697,0.4789386859228479
-0.63,0.5475927785137094,0.4259554938970107
-0.6294999999999999,1.19847344483235,0.07626642652648545
-0.629,1.433217291701369,-0.6443049850249
-0.6284999999999999,0.6116138276598051,-1.407262950196955
-0.628,-0.08194753808956648,-1.725162102351978
-0.6274999999999999,-0.02859666380115328,-1.248313374119443
-0.627,0.2488278824985954,-0.570128516188728
-0.6264999999999999,0.4729015545099309,-0.06148987274069118
-0.626,0.5369226036560266,0.2352160026039969
-0.6254999999999999,0.5155822539406614,0.3729723018711736
-0.625,0.4515612047945656,0.3729723018711736
-0.6245000000000001,0.4302208550792003,0.2881991946298341
-0.624,0.4729015545099309,0.1186529801471552
-0.6235000000000001,0.4408910299368829,0.02328323450064829
-0.623,0.2594980573562781,-0.1356663415768632
-0.6225000000000001,0.3021787567870086,-0.08268314955102604
-0.622,0.04609456020262521,-0.3475991096802118
-0.6215000000000001,-0.6261264558313813,-0.9092209451540858
-0.621,-1.1062843244271,-0.5595318777835605
-0.6205000000000001,-1.949228138184029,-0.2310360872233701
-0.62,-2.578768454787304,0.02328323450064829
-0.6195000000000001,-2.994905274236928,0.3199891098453364
-0.619,-2.568098279929622,0.4153588554918433
-0.6185,-1.586442193022819,0.2987958330350016
-0.618,-0.6688071552621118,0.1504428953626575
-0.6175,-0.04993701351651855,0.05507314971615059
-0.617,0.291508581929326,0.04447651131098315
-0.6165,0.4302208550792003,0.07626642652648545
-0.616,0.4515612047945656,0.1504428953626575
-0.6155,0.4302208550792003,0.2352160026039969
-0.615,0.3875401556484697,0.309392471440169
-0.6145,0.3555296310754218,0.3941655786815084
-0.614,0.3661998059331045,0.4471487707073456
-0.6135,0.4408910299368829,0.4789386859228479
-0.613,0.9530594231056497,0.2881991946298341
-0.6125,1.646620788855021,-0.3475991096802118
-0.612,1.379866417412955,-1.163540266878104
-0.6115,0.5796033030867573,-1.788741932782983
-0.611,0.4729015545099309,-1.682775548731308
-0.6105,0.6009436528021226,-1.004590690800593
-0.61,0.6756348768059011,-0.2946159176543747
-0.6095,0.6329541773751706,0.2034260873884947
-0.609,0.5369226036560266,0.4683420475176805
-0.6085,0.4408910299368829,0.5743084315693548
-0.608,0.3875401556484697,0.55311515475902
-0.6075,0.5049120790829789,0.3941655786815084
-0.607,0.5369226036560266,0.2458126410091644
-0.6065,0.4835717293676135,0.13984625695749
-0.606,0.3982103305061524,0.05507314971615059
-0.6055,0.3341892813600565,-0.04029659593035631
-0.605,0.2381577076409128,-0.1144730647665284
-0.6045,-0.274010685527854,0.13984625695749
-0.604,-1.06360362499637,0.7332580076468663
-0.6035,-1.87453691418025,1.210106735879401
-0.603,-2.450726356495113,0.7968378380778709
-0.6025,-2.408045657064382,-0.2310360872233701
-0.602,-2.098610586191586,-1.089363798041932
-0.6015,-1.095614149569417,-0.8562377531282487
-0.601,-0.391382608962363,-0.5807251545938954
-0.6005,0.09944543449103843,-0.252229364033705
-0.6,0.3768699807907871,0.02328323450064829
-0.5995,0.408880505363835,0.1186529801471552
-0.599,0.3982103305061524,0.1928294489833272
-0.5985,0.3661998059331045,0.2458126410091644
-0.598,0.3555296310754218,0.2881991946298341
-0.5975,0.3661998059331045,0.309392471440169
-0.597,0.3982103305061524,0.3411823866556712
-0.5965,0.7716664505250448,0.2246193641988295
-0.596,1.486568165989782,-0.252229364033705
-0.5955,1.315845368266859,-1.078767159636765
-0.595,0.3235191065023739,-1.672178910326141
-0.5945,0.1207857842064037,-1.311893204550448
-0.594,0.3341892813600565,-0.7608680074817418
-0.5935,0.5369226036560266,-0.3581957480853793
-0.593,0.6009436528021226,-0.05089323433552374
-0.5925,0.5689331282290746,0.1504428953626575
-0.592,0.4942419042252961,0.2352160026039969
-0.5915,0.4195506802215176,0.2670059178194992
-0.591,0.4408910299368829,0.2034260873884947
-0.5905,0.4942419042252961,0.1186529801471552
-0.59,0.4515612047945656,0.1080563417419877
-0.5895,0.3768699807907871,0.1186529801471552
-0.589,0.3235191065023739,0.1292496185523226
-0.5885,0.2594980573562781,0.1504428953626575
-0.588,-0.156638762093345,0.4471487707073456
-0.5875,-0.9782422261349084,1.051157159801889
-0.587,-1.757164990745741,1.602182356870596
-0.5865,-2.408045657064382,1.814115124973944
-0.586,-2.215982509626095,1.432636142387917
-0.5855,-1.30901764672307,0.8816109453192104
-0.585,-0.5407650569699201,0.457745409112513
-0.5845,-0.01792648894347063,0.2140227257936621
-0.584,0.2701682322139607,0.1080563417419877
-0.5835,0.2808384070716433,-0.01910331912002144
-0.583,0.3768699807907871,0.1080563417419877
-0.5825,-0.2526703358124887,-0.4535654937318862
-0.582,-0.3593720843893152,-0.474758770542221
-0.5815,-0.156638762093345,-0.2098428104130352
-0.581,0.03542438534494258,-0.008506680714854012
-0.5805,0.2701682322139607,0.2140227257936621
-0.58,0.5475927785137094,0.2881991946298341
-0.5795,1.219813794547716,-0.008506680714854012
-0.579,1.614610264281974,-0.7396747306714069
-0.5785,0.9210488985326017,-1.629792356705471
-0.578,0.4622313796522482,-1.598002441489969
-0.5775,0.5049120790829789,-1.078767159636765
-0.577,0.6329541773751706,-0.570128516188728
-0.5765,0.6649647019482183,-0.1250697031716958
-0.576,0.6222840025174878,0.13984625695749
-0.5755,0.5689331282290746,0.2140227257936621
-0.575,0.4835717293676135,0.2352160026039969
-0.5745,0.4408910299368829,0.1928294489833272
-0.574,0.4942419042252961,0.08686306493165288
-0.5735,0.4729015545099309,0.05507314971615059
-0.573,0.3982103305061524,0.04447651131098315
-0.5725,0.3235191065023739,0.05507314971615059
-0.572,0.2594980573562781,0.06566978812131802
-0.5715,0.0674349099179905,0.2352160026039969
-0.571,-0.6261264558313813,0.8074344764830383
-0.5705,-1.405049220442214,1.400846227172415
-0.57,-2.087940411333903,1.803518486568777
-0.5695,-2.589438629644987,1.814115124973944
-0.569,-1.981238662757077,1.231300012689736
-0.5685,-1.084943974711735,0.5319218779486851
-0.5679999999999999,-0.3700422592469978,0.03387987290581572
-0.5675,0.08877525963335578,-0.1992461720078678
-0.5669999999999999,0.3235191065023739,-0.2310360872233701
-0.5665,0.3982103305061524,-0.1356663415768632
-0.5659999999999999,0.408880505363835,0.03387987290581572
-0.5655,0.3875401556484697,0.2246193641988295
-0.5649999999999999,0.3555296310754218,0.4047622170866759
-0.5645,0.3555296310754218,0.5743084315693548
-0.5639999999999999,0.3661998059331045,0.7120647308365314
-0.5635,0.4408910299368829,0.8074344764830383
-0.5629999999999999,0.8783681991018712,0.4895353243280153
-0.5625,1.379866417412955,-0.06148987274069118
-0.5620000000000001,0.8036769750980928,-0.6760949002404023
-0.5615,-0.1779791118087102,-1.258910012524611
-0.5610000000000001,-0.7861790786966207,-1.576809164679634
-0.5605,-0.2633405106701714,-0.6972881770507372
-0.5600000000000001,0.142126133921769,-0.02969995752518888
-0.5595,0.3982103305061524,0.457745409112513
-0.5590000000000001,0.5155822539406614,0.6908714540261965
-0.5585,0.4622313796522482,0.6378882620003594
-0.5580000000000001,0.3982103305061524,0.4895353243280153
-0.5575,0.4942419042252961,0.2140227257936621
-0.5570000000000001,0.5155822539406614,-0.01910331912002144
-0.5565,0.4515612047945656,-0.1674562567923655
-0.556,0.3875401556484697,-0.2946159176543747
-0.5555,0.3235191065023739,-0.400582301706049
-0.555,0.2381577076409128,-0.4641621321370536
-0.5545,-0.3593720843893152,-0.2204394488182027
-0.554,-1.405049220442214,0.3199891098453364
-0.5535,-2.333354433060604,0.8180311148882058
-0.553,-3.058926323383024,0.7544512844572011
-0.5525,-2.80284212679864,0.06566978812131802
-0.552,-1.725154466172693,-0.3687923864905467
-0.5515,-0.7755089038389382,-0.5065486857577234
-0.551,-0.1139580626626144,-0.474758770542221
-0.5505,0.2594980573562781,-0.3370024712750445
-0.55,0.408880505363835,-0.1674562567923655
-0.5495,0.4408910299368829,0.01268659609548085
-0.549,0.4195506802215176,0.1822328105781598
-0.5485,0.3768699807907871,0.3411823866556712
-0.548,0.3555296310754218,0.4789386859228479
-0.5475,0.3661998059331045,0.5955017083796896
-0.547,0.408880505363835,0.6908714540261965
-0.5465,0.8356874996711408,0.4683420475176805
-0.546,1.454557641416734,-0.1992461720078678
-0.5455,1.177133095116985,-0.8668343915334161
-0.545,0.3555296310754218,-1.301296566145281
-0.5445,0.1954770082101822,-1.460246142222792
-0.544,0.4302208550792003,-1.004590690800593
-0.5435,0.6436243522328531,-0.3475991096802118
-0.543,0.7183155762366316,0.2034260873884947
-0.5425,0.6116138276598051,0.457745409112513
-0.542,0.4942419042252961,0.5637117931641874
-0.5415,0.1848068333524996,0.3517790250608387
-0.541,-0.4447334832507763,-0.2734226408440398
-0.5405,-0.2526703358124887,-0.1462629799820306
-0.54,-0.1032878878049318,-0.1568596183871981
-0.5395,0.07810508477567314,-0.1674562567923655
-0.539,0.2381577076409128,-0.1886495336027004
-0.5385,0.2274875327832301,-0.326405832869877
-0.538,-0.1352984123779797,-0.05089323433552374
-0.5375,-1.031593100423322,0.627291623595192
-0.537,-1.927887788468663,1.231300012689736
-0.5365,-2.493407055925843,1.114736990232894
-0.536,-2.888203525660101,-0.04029659593035631
-0.5355,-2.301343908487556,-0.7714646458869092
-0.535,-1.330357996438436,-0.8032545611024114
-0.5345,-0.4980843575391895,-0.5489352393783931
-0.534,0.04609456020262521,-0.252229364033705
-0.5335,0.3235191065023739,0.002089957690313421
-0.533,0.4302208550792003,0.1822328105781598
-0.5325,0.4302208550792003,0.309392471440169
-0.532,0.408880505363835,0.3941655786815084
-0.5315,0.3768699807907871,0.4471487707073456
-0.531,0.3661998059331045,0.4789386859228479
-0.5305,0.3875401556484697,0.5001319627331828
-0.53,0.4195506802215176,0.5001319627331828
-0.5295,0.7503261008096795,0.3517790250608387
-0.529,0.825017324813458,-0.1356663415768632
-0.5285,0.2488278824985954,-0.8244478379127463
-0.528,0.09944543449103843,-0.9410108603695881
-0.5275,0.3661998059331045,-0.6337083466197325
-0.527,0.6436243522328531,-0.1886495336027004
-0.5265,0.7716664505250448,0.13984625695749
-0.526,0.7183155762366316,0.3305857482505039
-0.5255,0.6009436528021226,0.4153588554918433
-0.525,0.4729015545099309,0.4153588554918433
-0.5245,0.4302208550792003,0.3199891098453364
-0.524,0.5049120790829789,0.1080563417419877
-0.5235,0.4835717293676135,-0.008506680714854012
-0.523,0.3021787567870086,-0.1992461720078678
-0.5225,0.3341892813600565,-0.1462629799820306
-0.522,0.1527963087794516,-0.326405832869877
-0.5215,-0.6367966306890638,-1.163540266878104
-0.521,-1.138294849000148,-1.460246142222792
-0.5205,-2.002579012472442,-1.703968825541643
-0.52,-2.589438629644987,-1.693372187136476
-0.5195,-2.984235099379245,-1.248313374119443
-0.519,-2.674800028506448,-0.8880276683437509
-0.5185,-1.714484291315011,-0.570128516188728
-0.518,-0.7755089038389382,-0.326405832869877
-0.5175,-0.1139580626626144,-0.1568596183871981
-0.517,0.2594980573562781,-0.05089323433552374
-0.5165,0.4195506802215176,0.03387987290581572
-0.516,0.4515612047945656,0.1080563417419877
-0.5155,0.4302208550792003,0.1716361721729923
-0.515,0.3982103305061524,0.2352160026039969
-0.5145,0.3768699807907871,0.2881991946298341
-0.514,0.3768699807907871,0.3411823866556712
-0.5135,0.4302208550792003,0.383568940276341
-0.513,0.9210488985326017,0.2246193641988295
-0.5125,1.454557641416734,-0.326405832869877
-0.512,0.8783681991018712,-1.110557074852267
-0.5115,0.142126133921769,-1.492036057438295
-0.511,0.142126133921769,-1.174136905283272
-0.5105,0.3768699807907871,-0.5595318777835605
-0.51,0.5475927785137094,0.01268659609548085
-0.5095,0.6009436528021226,0.4895353243280153
-0.509,0.5582629533713921,0.6908714540261965
-0.5085,0.4835717293676135,0.6802748156210291
-0.508,0.4195506802215176,0.5743084315693548
-0.5075,0.5155822539406614,0.3517790250608387
-0.507,0.5262524287983441,0.1822328105781598
-0.5065,0.4622313796522482,0.07626642652648545
-0.506,0.3875401556484697,0.01268659609548085
-0.5054999999999999,0.3235191065023739,-0.06148987274069118
-0.505,0.1527963087794516,0.02328323450064829
-0.5044999999999999,-0.391382608962363,0.5637117931641874
-0.504,-1.031593100423322,1.051157159801889
-0.5034999999999999,-1.586442193022819,1.157123543853563
-0.503,-2.066600061618538,0.8180311148882058
-0.5024999999999999,-1.927887788468663,0.5849050699745222
-0.502,-1.970568487899394,-0.4959520473525559
-0.5014999999999999,-1.052933450138687,-0.570128516188728
-0.501,-0.4020527838200457,-0.5913217929990628
-0.5004999999999999,0.05676473506030786,-0.4641621321370536
-0.5,0.3448594562177392,-0.2416327256285375
-0.4995,0.3982103305061524,-0.1144730647665284
-0.499,0.3875401556484697,0.01268659609548085
-0.4985,0.3555296310754218,0.1504428953626575
-0.498,0.3448594562177392,0.2776025562246667
-0.4975,0.3555296310754218,0.4047622170866759
-0.497,0.3875401556484697,0.5107286011383502
-0.4965,0.5902734779444399,0.4259554938970107
-0.496,1.145122570543937,-0.04029659593035631
-0.4955,1.113112045970889,-0.8244478379127463
-0.495,0.3875401556484697,-1.502632695843462
-0.4945,0.2381577076409128,-1.619195718300304
-0.494,0.4515612047945656,-1.004590690800593
-0.4935,0.6649647019482183,-0.2734226408440398
-0.493,0.7396559259519968,0.2776025562246667
-0.4925,0.6969752265212663,0.627291623595192
-0.492,0.5902734779444399,0.7650479228623686
-0.4915,0.4729015545099309,0.7544512844572011
-0.491,0.4942419042252961,0.6060983467848571
-0.4905,0.5475927785137094,0.3941655786815084
-0.49,0.5049120790829789,0.2352160026039969
-0.4895,0.4195506802215176,0.08686306493165288
-0.489,0.3448594562177392,-0.05089323433552374
-0.4885,0.2808384070716433,-0.1674562567923655
-0.488,-0.08194753808956648,-0.01910331912002144
-0.4875,-0.7648387289812555,0.4365521323021782
-0.487,-1.522421143876723,0.8710143069140429
-0.4865,-2.141291285622316,0.9557874141553824
-0.486,-2.461396531352796,0.4153588554918433
-0.4855,-1.789175515318789,-0.1886495336027004
-0.485,-0.9248913518464952,-0.4959520473525559
-0.4845,-0.2633405106701714,-0.5807251545938954
-0.484,0.09944543449103843,-0.5807251545938954
-0.4835,0.2381577076409128,-0.5171453241628908
-0.483,0.3661998059331045,-0.3052125560595421
-0.4825,0.03542438534494258,-0.4853554089473885
-0.482,-0.3380317346739499,-0.6760949002404023
-0.4815,-0.124628237520297,-0.2734226408440398
-0.481,0.04609456020262521,0.04447651131098315
-0.4805,0.2594980573562781,0.3623756634660061
-0.48,0.5582629533713921,0.5107286011383502
-0.4795,1.166462920259302,0.2034260873884947
-0.479,0.8143471499557753,-0.5489352393783931
-0.4785,-0.3380317346739499,-1.34368311976595
-0.478,-0.7114878546928423,-1.216523458903942
-0.4775,-0.3060212101009019,-0.5807251545938954
-0.477,0.1741366584948169,0.03387987290581572
-0.4765,0.4942419042252961,0.4047622170866759
-0.476,0.6009436528021226,0.5955017083796896
-0.4755,0.5582629533713921,0.6802748156210291
-0.475,0.4835717293676135,0.6696781772158616
-0.4745,0.408880505363835,0.5849050699745222
-0.474,0.3448594562177392,0.4153588554918433
-0.4735,0.3128489316446912,0.309392471440169
-0.473,0.3021787567870086,0.2034260873884947
-0.4725,0.291508581929326,0.1186529801471552
-0.472,0.291508581929326,0.02328323450064829
-0.4715,0.1314559590640864,0.04447651131098315
-0.471,-0.5514352318276028,0.4471487707073456
-0.4705,-1.415719395299897,1.00877060618122
-0.47,-2.087940411333903,1.443232780793084
-0.4695,-2.60010880450267,1.305476481525908
-0.469,-2.045259711903173,0.6166949851900245
-0.4685,-1.138294849000148,0.07626642652648545
-0.468,-0.4020527838200457,-0.2416327256285375
-0.4675,0.07810508477567314,-0.3581957480853793
-0.467,0.3235191065023739,-0.3475991096802118
-0.4665,0.408880505363835,-0.2734226408440398
-0.466,0.4195506802215176,-0.1462629799820306
-0.4655,0.3875401556484697,-0.02969995752518888
-0.465,0.3661998059331045,0.09745970333682032
-0.4645,0.3448594562177392,0.2140227257936621
-0.464,0.3555296310754218,0.3199891098453364
-0.4635,0.2701682322139607,0.2670059178194992
-0.463,0.825017324813458,0.1716361721729923
-0.4625,1.187803269974668,-0.4429688553267188
-0.462,0.1634664836371343,-1.481439419033127
-0.4615,-0.658136980404429,-1.79933857118815
-0.461,-0.02859666380115328,-0.7290780922662394
-0.4605,0.5049120790829789,-0.1568596183871981
-0.46,0.8463576745288233,0.1292496185523226
-0.4595,0.8890383739595538,0.1716361721729923
-0.459,0.707645401378949,0.09745970333682032
-0.4585,0.5369226036560266,0.08686306493165288
-0.458,0.4302208550792003,0.1186529801471552
-0.4575,0.5369226036560266,0.1080563417419877
-0.457,0.5582629533713921,0.1292496185523226
-0.4565,0.4942419042252961,0.1822328105781598
-0.456,0.4195506802215176,0.2246193641988295
-0.4555,0.3448594562177392,0.2458126410091644
-0.455,0.2594980573562781,0.2246193641988295
-0.4545,-0.1886492866663929,0.1504428953626575
-0.454,-1.010252750707956,0.1716361721729923
-0.4535,-1.767835165603424,0.2352160026039969
-0.453,-2.322684258202921,0.5213252395435176
-0.4525,-2.472066706210478,0.9028042221295453
-0.452,-1.746494815888059,0.7968378380778709
-0.4515,-0.8822106524157645,0.4683420475176805
-0.451,-0.2206598112394408,0.1610395337678249
-0.4505,0.1848068333524996,-0.02969995752518888
-0.45,0.3661998059331045,-0.1144730647665284
-0.4495,0.4302208550792003,-0.1144730647665284
-0.449,0.408880505363835,-0.07208651114585861
-0.4485,0.3875401556484697,-0.008506680714854012
-0.448,0.3661998059331045,0.06566978812131802
-0.4475,0.3661998059331045,0.13984625695749
-0.447,0.3982103305061524,0.2034260873884947
-0.4465,0.4942419042252961,0.1928294489833272
-0.446,0.7396559259519968,-0.1356663415768632
-0.4455,0.3021787567870086,-0.7714646458869092
-0.445,-0.4767440078238243,-1.364876396576285
-0.4445,-0.4447334832507763,-1.407262950196955
-0.444,0.02475421048725994,-0.8668343915334161
-0.4435,0.4408910299368829,-0.1992461720078678
-0.443,0.4835717293676135,0.1928294489833272
-0.4425,0.5049120790829789,0.5001319627331828
-0.442,-0.2526703358124887,-0.08268314955102604
-0.4415,-0.07127736323188383,0.1504428953626575
-0.441,0.08877525963335578,0.1928294489833272
-0.4405,0.2594980573562781,0.2246193641988295
-0.44,0.3768699807907871,0.2776025562246667
-0.4395,0.3555296310754218,0.2140227257936621
-0.439,0.3235191065023739,0.13984625695749
-0.4385,0.2808384070716433,0.07626642652648545
-0.438,-0.08194753808956648,0.3517790250608387
-0.4375,-0.9889124009925911,0.9769806909657173
-0.437,-1.693143941599645,1.400846227172415
-0.4365,-2.119950935906951,1.390249588767247
-0.436,-2.386705307349017,0.7226613692416989
-0.4355,-1.83185621474952,0.01268659609548085
-0.435,-0.9995825758502737,-0.3475991096802118
-0.4345,-0.3060212101009019,-0.4641621321370536
-0.434,0.1314559590640864,-0.4217755785163839
-0.4335,0.3448594562177392,-0.326405832869877
-0.433,0.4195506802215176,-0.1886495336027004
-0.4325,0.4195506802215176,-0.06148987274069118
-0.432,0.3982103305061524,0.06566978812131802
-0.4315,0.3661998059331045,0.1822328105781598
-0.431,0.3555296310754218,0.2881991946298341
-0.4305,0.3661998059331045,0.3941655786815084
-0.43,0.5582629533713921,0.383568940276341
-0.4295,1.19847344483235,-0.08268314955102604
-0.429,1.251824319120764,-0.792657922697244
-0.4285,0.6863050516635838,-1.205926820498774
-0.428,0.5262524287983441,-1.290699927740113
-0.4275,0.6863050516635838,-0.8456411147230812
-0.427,0.825017324813458,-0.1992461720078678
-0.4265,0.8676980242441885,0.309392471440169
-0.426,0.7823366253827275,0.6166949851900245
-0.4255,0.6329541773751706,0.7544512844572011
-0.425,0.4942419042252961,0.7650479228623686
-0.4245,0.4408910299368829,0.6484849004055269
-0.424,0.3982103305061524,0.2881991946298341
-0.4235,0.4515612047945656,0.2034260873884947
-0.423,0.1954770082101822,-0.1144730647665284
-0.4225,-0.4447334832507763,-0.792657922697244
-0.422,-0.2313299860971235,-0.6443049850249
-0.4215,-0.2953510352432193,-0.5065486857577234
-0.421,-0.9462317015618604,-0.08268314955102604
-0.4205,-1.714484291315011,0.309392471440169
-0.42,-2.354694782775969,0.3305857482505039
-0.4195,-2.877533350802418,-0.252229364033705
-0.419,-2.546757930214257,-0.8986243067489184
-0.4185,-1.597112367880501,-0.9622041371799229
-0.418,-0.690147504977477,-0.7608680074817418
-0.4175,-0.06060718837420119,-0.5065486857577234
-0.417,0.2808384070716433,-0.2840192792492073
-0.4165,0.4302208550792003,-0.1250697031716958
-0.416,0.4515612047945656,-0.008506680714854012
-0.4155,0.4195506802215176,0.08686306493165288
-0.415,0.3875401556484697,0.1610395337678249
-0.4145,0.3661998059331045,0.2246193641988295
-0.414,0.3661998059331045,0.2987958330350016
-0.4135,0.4515612047945656,0.3305857482505039
-0.413,1.027750647109428,0.1186529801471552
-0.4125,1.625280439139656,-0.4853554089473885
-0.412,1.166462920259302,-1.248313374119443
-0.4115,0.3982103305061524,-1.831128486403653
-0.411,0.4408910299368829,-1.968884785670829
-0.4105,0.6542945270905358,-1.333086481360783
-0.41,0.7609962756673623,-0.4323722169215513
-0.4095,0.707645401378949,0.2246193641988295
-0.409,0.6009436528021226,0.5743084315693548
-0.4085,0.4835717293676135,0.6908714540261965
-0.408,0.408880505363835,0.6696781772158616
-0.4075,0.5369226036560266,0.5001319627331828
-0.407,0.5796033030867573,0.3411823866556712
-0.4065,0.5155822539406614,0.2352160026039969
-0.406,0.4195506802215176,0.1292496185523226
-0.4055,0.3555296310754218,0.02328323450064829
-0.405,0.2594980573562781,-0.05089323433552374
-0.4045,-0.2526703358124887,0.13984625695749
-0.404,-1.031593100423322,0.5001319627331828
-0.4035,-1.682473766741963,0.6696781772158616
-0.403,-1.959898313041711,0.457745409112513
-0.4025,-2.610778979360353,-0.9198175835592532
-0.402,-2.109280761049269,-1.364876396576285
-0.4015,-1.170305373573196,-1.0999604364471
-0.401,-0.4554036581084589,-0.7820612842920766
-0.4005,0.07810508477567314,-0.4111789401112165
-0.4,0.3555296310754218,-0.1462629799820306
-0.3995,0.3982103305061524,-0.04029659593035631
-0.399,0.3875401556484697,0.03387987290581572
-0.3985,0.3661998059331045,0.09745970333682032
-0.398,0.3555296310754218,0.1504428953626575
-0.3975,0.3555296310754218,0.2034260873884947
-0.397,0.3768699807907871,0.2564092794143318
-0.3965,0.6969752265212663,0.1822328105781598
-0.396,1.15579274540162,-0.2204394488182027
-0.3955,0.4942419042252961,-0.9092209451540858
-0.395,-0.5300948821122373,-1.492036057438295
-0.3945,-0.6367966306890638,-1.184733543688439
-0.394,-0.1993194615240755,-0.5807251545938954
-0.3935,0.2381577076409128,0.002089957690313421
-0.393,0.5155822539406614,0.4471487707073456
-0.3925,0.6116138276598051,0.6908714540261965
-0.392,0.5689331282290746,0.7650479228623686
-0.3915,0.4942419042252961,0.7332580076468663
-0.391,0.5049120790829789,0.5955017083796896
-0.3905,0.5262524287983441,0.4259554938970107
-0.39,0.4622313796522482,0.2987958330350016
-0.3895,0.3982103305061524,0.1822328105781598
-0.389,0.3341892813600565,0.07626642652648545
-0.3885,0.2808384070716433,-0.01910331912002144
-0.388,-0.1032878878049318,0.1822328105781598
-0.3875,-0.839529952985034,0.7226613692416989
-0.387,-1.447729919872945,1.114736990232894
-0.3865,-1.853196564464885,0.92399749893988
-0.386,-1.938557963326346,0.1186529801471552
-0.3855,-1.30901764672307,-0.3793890248957141
-0.385,-0.6154562809736985,-0.5277419625680583
-0.3845,-0.09261771294724913,-0.4959520473525559
-0.384,0.2168173579255475,-0.3899856633008816
-0.3835,0.2168173579255475,-0.400582301706049
-0.383,0.2808384070716433,-0.2628260024388724
-0.3825,-0.4767440078238243,-0.8880276683437509
-0.382,-0.2420001609548061,-0.5277419625680583
-0.3815,-0.06060718837420119,-0.2416327256285375
-0.381,0.1207857842064037,0.02328323450064829
-0.3805,0.3341892813600565,0.2881991946298341
-0.38,0.5689331282290746,0.3305857482505039
-0.3795,1.273164668836129,-0.02969995752518888
-0.379,1.646620788855021,-0.7820612842920766
-0.3785,0.9103787236749192,-1.576809164679634
-0.378,0.3875401556484697,-1.502632695843462
-0.3775,0.3875401556484697,-0.8138511995075789
-0.377,0.5155822539406614,-0.1250697031716958
-0.3765,0.5796033030867573,0.383568940276341
-0.376,0.5902734779444399,0.6908714540261965
-0.3755,0.5262524287983441,0.775644561267536
-0.375,0.4408910299368829,0.7544512844572011
-0.3745,0.4302208550792003,0.6378882620003594
-0.374,0.5475927785137094,0.4047622170866759
-0.3735,0.5262524287983441,0.2458126410091644
-0.373,0.4515612047945656,0.13984625695749
-0.3725,0.3768699807907871,0.03387987290581572
-0.372,0.3235191065023739,-0.06148987274069118
-0.3715,0.1314559590640864,-0.05089323433552374
-0.371,-0.5834457564006506,0.3623756634660061
-0.3705,-1.46907026958831,0.9134008605347127
-0.37,-2.109280761049269,1.104140351827727
-0.3695,-2.568098279929622,0.3199891098453364
-0.369,-2.03458953704549,-0.3687923864905467
-0.3685,-1.138294849000148,-0.5277419625680583
-0.368,-0.4020527838200457,-0.4323722169215513
-0.3675,0.0674349099179905,-0.2734226408440398
-0.367,0.3128489316446912,-0.1250697031716958
-0.3665,0.408880505363835,-0.008506680714854012
-0.366,0.408880505363835,0.07626642652648545
-0.3655,0.3875401556484697,0.1292496185523226
-0.365,0.3661998059331045,0.1716361721729923
-0.3645,0.3555296310754218,0.2034260873884947
-0.364,0.3555296310754218,0.2352160026039969
-0.3635,0.3128489316446912,0.1080563417419877
-0.363,0.9317190733902845,-0.09327978795619347
-0.3625,1.401206767128321,-0.6866915386455698
-0.362,0.79300680024041,-1.38606967338662
-0.3615,0.0674349099179905,-1.926498232050159
-0.361,0.142126133921769,-1.894708316834657
-0.3605,0.4302208550792003,-1.184733543688439
-0.36,0.6116138276598051,-0.4323722169215513
-0.3595,0.6436243522328531,0.09745970333682032
-0.359,0.6009436528021226,0.4259554938970107
-0.3585,0.3982103305061524,0.4683420475176805
-0.358,0.3875401556484697,0.55311515475902
-0.3575,-0.1032878878049318,-0.1462629799820306
-0.357,-0.2206598112394408,-0.3899856633008816
-0.3565,-0.1352984123779797,-0.3158091944647096
-0.356,-0.04993701351651855,-0.2310360872233701
-0.3555,0.09944543449103843,-0.1144730647665284
-0.355,0.1954770082101822,0.04447651131098315
-0.3545,-0.3807124341046804,0.4895353243280153
-0.354,-1.479740444445993,1.146526905448396
-0.3535,-2.376035132491334,1.6657621873016
-0.353,-3.058926323383024,1.591585718465428
-0.3525,-2.941554399948514,0.5849050699745222
-0.352,-1.938557963326346,-0.1038764263613609
-0.3515,-0.9248913518464952,-0.3793890248957141
-0.351,-0.1886492866663929,-0.4217755785163839
-0.3505,0.2274875327832301,-0.3370024712750445
-0.35,0.408880505363835,-0.1992461720078678
-0.3495,0.4515612047945656,-0.06148987274069118
-0.349,0.4302208550792003,0.07626642652648545
-0.3485,0.3875401556484697,0.2034260873884947
-0.348,0.3768699807907871,0.3199891098453364
-0.3475,0.3661998059331045,0.4153588554918433
-0.347,0.3875401556484697,0.4895353243280153
-0.3465,0.6436243522328531,0.3517790250608387
-0.346,1.19847344483235,-0.2098428104130352
-0.3455,1.091771696255524,-0.9833974139902578
-0.345,0.3235191065023739,-1.42845622700729
-0.3445,0.3555296310754218,-0.8244478379127463
-0.344,0.6542945270905358,-0.2734226408440398
-0.3435,0.8356874996711408,-0.008506680714854012
-0.343,0.825017324813458,0.07626642652648545
-0.3425,0.6969752265212663,0.09745970333682032
-0.342,0.5475927785137094,0.09745970333682032
-0.3415,0.4302208550792003,0.06566978812131802
-0.341,0.4835717293676135,-0.05089323433552374
-0.3405,0.5475927785137094,-0.1886495336027004
-0.34,0.5049120790829789,-0.1780528951975329
-0.3395,0.4195506802215176,-0.1144730647665284
-0.339,0.3448594562177392,-0.04029659593035631
-0.3385,0.2701682322139607,0.03387987290581572
-0.338,-0.124628237520297,0.1292496185523226
-0.3375,-0.8181896032696687,0.309392471440169
-0.337,-1.618452717595867,0.3729723018711736
-0.3365,-2.183971985053047,0.4895353243280153
-0.336,-3.069596498240706,-0.5171453241628908
-0.3355,-2.247993034199143,-0.5171453241628908
-0.335,-1.298347471865388,-0.3687923864905467
-0.3345,-0.4660738329661415,-0.1144730647665284
-0.334,0.1101156093487211,0.1610395337678249
-0.3335,0.3341892813600565,0.2776025562246667
-0.333,0.408880505363835,0.3411823866556712
-0.3325,0.3982103305061524,0.383568940276341
-0.332,0.3768699807907871,0.3941655786815084
-0.3315,0.3555296310754218,0.3941655786815084
-0.331,0.3555296310754218,0.3941655786815084
-0.3305,0.3768699807907871,0.383568940276341
-0.33,0.5262524287983441,0.2987958330350016
-0.3295,1.19847344483235,-0.1144730647665284
-0.329,1.657290963712704,-0.9410108603695881
-0.3285,1.049090996824793,-1.778145294377815
-0.328,0.6329541773751706,-1.619195718300304
-0.3275,0.6436243522328531,-1.036380606016095
-0.327,0.7289857510943143,-0.570128516188728
-0.3265,0.7289857510943143,-0.326405832869877
-0.326,0.6436243522328531,-0.2098428104130352
-0.3255,0.5262524287983441,-0.1250697031716958
-0.325,0.4302208550792003,-0.08268314955102604
-0.3245,0.3982103305061524,-0.07208651114585861
-0.324,0.5049120790829789,-0.1038764263613609
-0.3235,0.4942419042252961,-0.1038764263613609
-0.323,0.4302208550792003,-0.06148987274069118
-0.3225,0.3661998059331045,-0.01910331912002144
-0.322,0.3128489316446912,0.02328323450064829
-0.3215,0.07810508477567314,0.2352160026039969
-0.321,-0.6154562809736985,0.8180311148882058
-0.3205,-1.426389570157579,1.42203950398275
-0.32,-2.055929886760855,1.655165548896433
-0.3195,-2.461396531352796,0.849821030103708
-0.319,-1.927887788468663,0.07626642652648545
-0.3185,-1.031593100423322,-0.1568596183871981
-0.318,-0.3487019095316325,-0.09327978795619347
-0.3175,-0.02859666380115328,-0.02969995752518888
-0.317,0.2808384070716433,0.2458126410091644
-0.3165,-0.1673089369510276,-0.1250697031716958
-0.316,-0.3380317346739499,-0.1674562567923655
-0.3155,-0.1352984123779797,0.1504428953626575
-0.315,0.02475421048725994,0.3729723018711736
-0.3145,0.2168173579255475,0.6060983467848571
-0.314,0.3448594562177392,0.7226613692416989
-0.3135,0.408880505363835,0.6908714540261965
-0.313,0.8783681991018712,0.3411823866556712
-0.3125,1.443887466559051,-0.4429688553267188
-0.312,0.9317190733902845,-1.417859588602123
-0.3115,0.2488278824985954,-1.650985633515806
-0.311,0.3021787567870086,-1.068170521231597
-0.3105,0.5262524287983441,-0.5065486857577234
-0.31,0.6969752265212663,-0.1462629799820306
-0.3095,0.7183155762366316,-0.008506680714854012
-0.309,0.6222840025174878,0.002089957690313421
-0.3085,0.5049120790829789,-0.06148987274069118
-0.308,0.4195506802215176,-0.1462629799820306
-0.3075,0.4622313796522482,-0.3370024712750445
-0.307,0.4729015545099309,-0.4535654937318862
-0.3065,0.4195506802215176,-0.474758770542221
-0.306,0.3555296310754218,-0.4429688553267188
-0.3055,0.3128489316446912,-0.3899856633008816
-0.305,0.2168173579255475,-0.2734226408440398
-0.3045,-0.3060212101009019,0.2987958330350016
-0.304,-1.095614149569417,1.051157159801889
-0.3035,-1.778505340461106,1.644568910491266
-0.303,-2.3973754822067,1.930678147430786
-0.3025,-2.365364957633652,1.506812611224089
-0.302,-1.479740444445993,0.8392243916985406
-0.3015,-0.6794773301197943,0.3411823866556712
-0.301,-0.1032878878049318,0.09745970333682032
-0.3005,0.2274875327832301,0.05507314971615059
-0.3,0.3768699807907871,0.1610395337678249
-0.2995,0.408880505363835,0.3305857482505039
-0.299,0.3875401556484697,0.5107286011383502
-0.2985,0.3661998059331045,0.6802748156210291
-0.298,0.3448594562177392,0.8180311148882058
-0.2975,0.2808384070716433,0.849821030103708
-0.297,0.291508581929326,0.8922075837243778
-0.2965,0.6542945270905358,0.7332580076468663
-0.296,0.6756348768059011,-0.6125150698093976
-0.2955,0.7609962756673623,-0.9939940523954253
-0.295,-0.01792648894347063,-0.8880276683437509
-0.2945,-0.1139580626626144,-0.3475991096802118
-0.294,0.2488278824985954,0.1716361721729923
-0.2935,0.5155822539406614,0.383568940276341
-0.293,0.6116138276598051,0.4259554938970107
-0.2925,0.5902734779444399,0.4259554938970107
-0.292,0.5049120790829789,0.3623756634660061
-0.2915,0.4195506802215176,0.2140227257936621
-0.291,0.4515612047945656,-0.01910331912002144
-0.2905,0.5049120790829789,-0.252229364033705
-0.29,0.4515612047945656,-0.3793890248957141
-0.2895,0.3875401556484697,-0.474758770542221
-0.289,0.3235191065023739,-0.5383386009732256
-0.2885,0.2808384070716433,-0.5913217929990628
-0.288,0.07810508477567314,-0.6231117082145651
-0.2875,-0.6474668055467465,-0.570128516188728
-0.287,-1.426389570157579,-0.5065486857577234
-0.2865,-1.927887788468663,-0.2734226408440398
-0.286,-2.258663209056825,0.3411823866556712
-0.2855,-1.789175515318789,0.5001319627331828
-0.285,-1.010252750707956,0.2881991946298341
-0.2845,-0.3380317346739499,0.05507314971615059
-0.284,0.08877525963335578,-0.07208651114585861
-0.2835,0.3128489316446912,-0.06148987274069118
-0.283,0.3982103305061524,0.03387987290581572
-0.2825,0.3982103305061524,0.1928294489833272
-0.282,0.3768699807907871,0.3729723018711736
-0.2815,0.3555296310754218,0.5425185163538525
-0.281,0.3448594562177392,0.701468092431364
-0.2805,0.3661998059331045,0.8286277532933731
-0.28,0.5049120790829789,0.8816109453192104
-0.2795,1.049090996824793,0.6484849004055269
-0.279,1.038420821967111,0.1080563417419877
-0.2785,0.3661998059331045,-0.4641621321370536
-0.278,0.1848068333524996,-0.5807251545938954
-0.2775,0.4195506802215176,-0.3370024712750445
-0.277,0.6116138276598051,0.1292496185523226
-0.2765,0.5582629533713921,0.3517790250608387
-0.276,0.5369226036560266,0.5849050699745222
-0.2755,-0.3166913849585846,-0.1356663415768632
-0.275,-0.1673089369510276,0.02328323450064829
-0.2745,0.00341386077189465,0.02328323450064829
-0.274,0.3448594562177392,-0.1144730647665284
-0.2735,0.5155822539406614,-0.1356663415768632
-0.273,0.4622313796522482,-0.2416327256285375
-0.2725,0.3661998059331045,-0.3793890248957141
-0.272,0.291508581929326,-0.5065486857577234
-0.2715,0.05676473506030786,-0.4959520473525559
-0.271,-0.7114878546928423,-0.1992461720078678
-0.2705,-1.607782542738184,0.1080563417419877
-0.27,-2.23732285934146,0.2140227257936621
-0.2695,-2.653459678791083,0.2458126410091644
-0.269,-2.162631635337682,0.07626642652648545
-0.2685,-1.26633694729234,-0.2204394488182027
-0.268,-0.4767440078238243,-0.4323722169215513
-0.2675,0.03542438534494258,-0.4959520473525559
-0.267,0.3128489316446912,-0.4429688553267188
-0.2665,0.408880505363835,-0.3052125560595421
-0.266,0.4195506802215176,-0.1038764263613609
-0.2655,0.3875401556484697,0.09745970333682032
-0.265,0.3661998059331045,0.3199891098453364
-0.2645,0.3448594562177392,0.5213252395435176
-0.264,0.3555296310754218,0.6908714540261965
-0.2635,0.4408910299368829,0.8286277532933731
-0.263,0.9637295979633325,0.6166949851900245
-0.2625,1.486568165989782,-0.008506680714854012
-0.262,0.9637295979633325,-0.6443049850249
-0.2615,0.291508581929326,-0.7714646458869092
-0.261,0.3021787567870086,-0.2098428104130352
-0.2605,0.4942419042252961,0.2881991946298341
-0.26,0.6222840025174878,0.6802748156210291
-0.2595,0.6222840025174878,0.8816109453192104
-0.259,0.5475927785137094,0.8922075837243778
-0.2585,0.4515612047945656,0.7968378380778709
-0.258,0.3875401556484697,0.6166949851900245
-0.2575,0.4622313796522482,0.3411823866556712
-0.257,0.3768699807907871,0.02328323450064829
-0.2565,0.3661998059331045,-0.1038764263613609
-0.256,0.2061471830678648,-0.3370024712750445
-0.2555,-0.5087545323968721,-1.131750351662602
-0.255,-0.3593720843893152,-0.9410108603695881
-0.2545,-0.7968492535543035,-0.2946159176543747
-0.254,-1.682473766741963,0.6590815388106942
-0.2535,-2.493407055925843,1.369056311956912
-0.253,-3.090936847956071,0.8392243916985406
-0.2525,-3.304340345109724,-0.4641621321370536
-0.252,-2.354694782775969,-1.004590690800593
-0.2515,-1.255666772434657,-0.8880276683437509
-0.251,-0.4020527838200457,-0.5489352393783931
-0.2505,0.1207857842064037,-0.1992461720078678
-0.25,0.3768699807907871,0.06566978812131802
-0.2495,0.4515612047945656,0.2458126410091644
-0.249,0.4408910299368829,0.3623756634660061
-0.2485,0.3982103305061524,0.4365521323021782
-0.248,0.3661998059331045,0.4789386859228479
-0.2475,0.3661998059331045,0.5107286011383502
-0.247,0.3982103305061524,0.5107286011383502
-0.2465,0.7609962756673623,0.383568940276341
-0.246,1.379866417412955,-0.1250697031716958
-0.2455,1.059761171682476,-0.9304142219644207
-0.245,0.2274875327832301,-1.566212526274467
-0.2445,0.03542438534494258,-1.407262950196955
-0.244,0.2381577076409128,-0.7502713690765743
-0.2435,0.4622313796522482,-0.1250697031716958
-0.243,0.5689331282290746,0.309392471440169
-0.2425,0.5689331282290746,0.5213252395435176
-0.242,0.5155822539406614,0.5425185163538525
-0.2415,0.4515612047945656,0.457745409112513
-0.241,0.4942419042252961,0.2458126410091644
-0.2405,0.5369226036560266,0.03387987290581572
-0.24,0.4835717293676135,-0.08268314955102604
-0.2395,0.3875401556484697,-0.1462629799820306
-0.239,0.3235191065023739,-0.1992461720078678
-0.2385,0.2488278824985954,-0.2628260024388724
-0.238,-0.1886492866663929,-0.3475991096802118
-0.2375,-0.9462317015618604,-0.326405832869877
-0.237,-1.703814116457328,-0.4535654937318862
-0.2365,-2.013249187330125,-0.400582301706049
-0.236,-2.60010880450267,-1.05757388282643
-0.2355,-2.173301810195364,-1.290699927740113
-0.235,-1.212986073003927,-0.9516074987747555
-0.2345,-0.4874141826815069,-0.6443049850249
-0.234,0.05676473506030786,-0.3052125560595421
-0.2335,0.3448594562177392,-0.05089323433552374
-0.233,0.3982103305061524,0.07626642652648545
-0.2325,0.3875401556484697,0.1822328105781598
-0.232,0.3555296310754218,0.2776025562246667
-0.2315,0.3448594562177392,0.3623756634660061
-0.231,0.3555296310754218,0.4365521323021782
-0.2305,0.3768699807907871,0.5001319627331828
-0.23,0.5582629533713921,0.5213252395435176
-0.2295,1.209143619690033,0.2776025562246667
-0.229,1.443887466559051,-0.3581957480853793
-0.2285,0.5689331282290746,-1.174136905283272
-0.228,0.01408403562957729,-1.449649503817625
-0.2275,0.09944543449103843,-0.9939940523954253
-0.227,0.3448594562177392,-0.4217755785163839
-0.2265,0.5155822539406614,0.06566978812131802
-0.226,0.5582629533713921,0.383568940276341
-0.2255,0.5369226036560266,0.5213252395435176
-0.225,0.4729015545099309,0.55311515475902
-0.2245,0.4408910299368829,0.4471487707073456
-0.224,0.4835717293676135,0.1716361721729923
-0.2235,0.4515612047945656,0.02328323450064829
-0.223,0.3875401556484697,-0.05089323433552374
-0.2225,0.3341892813600565,-0.1250697031716958
-0.222,0.2808384070716433,-0.2098428104130352
-0.2215,0.07810508477567314,-0.1886495336027004
-0.221,-0.6154562809736985,0.2246193641988295
-0.2205,-1.426389570157579,0.7544512844572011
-0.22,-2.109280761049269,0.9451907757502149
-0.2195,-2.525417580498891,0.2670059178194992
-0.219,-2.109280761049269,-0.400582301706049
-0.2185,-1.170305373573196,-0.5489352393783931
-0.218,-0.4340633083930936,-0.4429688553267188
-0.2175,0.04609456020262521,-0.2628260024388724
-0.217,0.1741366584948169,-0.2098428104130352
-0.2165,0.3555296310754218,0.01268659609548085
-0.216,0.07810508477567314,-0.1780528951975329
-0.2155,-0.3807124341046804,-0.5277419625680583
-0.215,-0.156638762093345,-0.2098428104130352
-0.2145,0.01408403562957729,0.01268659609548085
-0.214,0.2274875327832301,0.2352160026039969
-0.2135,0.4622313796522482,0.3517790250608387
-0.213,1.081101521397841,0.13984625695749
-0.2125,1.678631313428069,-0.4641621321370536
-0.212,1.19847344483235,-1.354279758171118
-0.2115,0.5155822539406614,-1.979481424075996
-0.211,0.5796033030867573,-1.968884785670829
-0.2105,0.7289857510943143,-1.269506650929778
-0.21,0.7609962756673623,-0.5277419625680583
-0.2095,0.7183155762366316,-0.01910331912002144
-0.209,0.6222840025174878,0.3623756634660061
-0.2085,0.4942419042252961,0.5213252395435176
-0.208,0.408880505363835,0.5107286011383502
-0.2075,0.4729015545099309,0.2776025562246667
-0.207,0.4729015545099309,0.09745970333682032
-0.2065,0.4302208550792003,0.002089957690313421
-0.206,0.3661998059331045,-0.07208651114585861
-0.2055,0.3021787567870086,-0.1250697031716958
-0.205,0.1954770082101822,-0.1462629799820306
-0.2045,-0.4127229586777283,0.1080563417419877
-0.204,-1.30901764672307,0.5425185163538525
-0.2035,-2.087940411333903,0.8710143069140429
-0.203,-2.664129853648766,1.051157159801889
-0.2025,-2.109280761049269,0.9028042221295453
-0.202,-1.180975548430879,0.4789386859228479
-0.2015,-0.4340633083930936,0.09745970333682032
-0.201,0.05676473506030786,-0.1356663415768632
-0.2005,0.3128489316446912,-0.2098428104130352
-0.2,0.3982103305061524,-0.1886495336027004
-0.1995,0.408880505363835,-0.1038764263613609
-0.199,0.3768699807907871,0.02328323450064829
-0.1985,0.3448594562177392,0.1504428953626575
-0.198,0.3448594562177392,0.2670059178194992
-0.1975,0.3661998059331045,0.3729723018711736
-0.197,0.3448594562177392,0.4259554938970107
-0.1965,0.408880505363835,0.4047622170866759
-0.196,1.017080472251745,0.2140227257936621
-0.1955,0.3661998059331045,-0.9516074987747555
-0.195,-0.4020527838200457,-1.460246142222792
-0.1945,-0.2099896363817582,-0.9304142219644207
-0.194,0.2168173579255475,-0.400582301706049
-0.1935,0.6222840025174878,0.1080563417419877
-0.193,0.7289857510943143,0.3941655786815084
-0.1925,0.6436243522328531,0.5107286011383502
-0.192,0.5369226036560266,0.55311515475902
-0.1915,0.4302208550792003,0.5319218779486851
-0.191,0.4622313796522482,0.4153588554918433
-0.1905,0.5049120790829789,0.2881991946298341
-0.19,0.4622313796522482,0.2034260873884947
-0.1895,0.3982103305061524,0.1292496185523226
-0.189,0.3341892813600565,0.04447651131098315
-0.1885,0.2701682322139607,-0.01910331912002144
-0.188,-0.09261771294724913,0.03387987290581572
-0.1875,-1.020922925565639,0.2564092794143318
-0.187,-1.906547438753298,0.4471487707073456
-0.1865,-2.568098279929622,0.4153588554918433
-0.186,-2.621449154218035,-0.06148987274069118
-0.1855,-1.757164990745741,-0.3793890248957141
-0.185,-0.8608703027003992,-0.4535654937318862
-0.1845,-0.1886492866663929,-0.400582301706049
-0.184,0.1954770082101822,-0.2946159176543747
-0.1835,0.3661998059331045,-0.1674562567923655
-0.183,0.4195506802215176,-0.06148987274069118
-0.1825,0.3982103305061524,0.04447651131098315
-0.182,0.3661998059331045,0.1504428953626575
-0.1815,0.3448594562177392,0.2352160026039969
-0.181,0.3448594562177392,0.309392471440169
-0.1805,0.3555296310754218,0.383568940276341
-0.18,0.408880505363835,0.3941655786815084
-0.1795,0.8463576745288233,-0.05089323433552374
-0.179,1.134452395686255,-0.7502713690765743
-0.1785,0.5475927785137094,-1.311893204550448
-0.178,0.2808384070716433,-1.142346990067769
-0.1775,0.4729015545099309,-0.5171453241628908
-0.177,0.6116138276598051,-0.07208651114585861
-0.1765,0.6116138276598051,0.2458126410091644
-0.176,0.3982103305061524,0.2881991946298341
-0.1755,-0.2420001609548061,-0.1780528951975329
-0.175,-0.07127736323188383,0.06566978812131802
-0.1745,0.07810508477567314,0.1292496185523226
-0.174,0.3768699807907871,0.1080563417419877
-0.1735,0.5049120790829789,0.1292496185523226
-0.173,0.4408910299368829,0.05507314971615059
-0.1725,0.3661998059331045,-0.01910331912002144
-0.172,0.3021787567870086,-0.09327978795619347
-0.1715,0.04609456020262521,-0.3370024712750445
-0.171,-0.7968492535543035,-0.8456411147230812
-0.1705,-1.789175515318789,-1.269506650929778
-0.17,-2.418715831922065,-1.449649503817625
-0.1695,-2.941554399948514,-0.718481453861072
-0.169,-2.610778979360353,0.01268659609548085
-0.1685,-1.618452717595867,0.1292496185523226
-0.168,-0.7114878546928423,-0.008506680714854012
-0.1675,-0.08194753808956648,-0.1674562567923655
-0.167,0.2701682322139607,-0.252229364033705
-0.1665,0.408880505363835,-0.2628260024388724
-0.166,0.4302208550792003,-0.1992461720078678
-0.1655,0.408880505363835,-0.08268314955102604
-0.165,0.3661998059331045,0.04447651131098315
-0.1645,0.3555296310754218,0.1822328105781598
-0.164,0.3555296310754218,0.3199891098453364
-0.1635,0.4622313796522482,0.383568940276341
-0.163,1.038420821967111,-0.02969995752518888
-0.1625,1.411876941986003,-0.7396747306714069
-0.162,0.7396559259519968,-1.311893204550448
-0.1615,0.08877525963335578,-1.587405803084801
-0.161,0.1634664836371343,-1.227120097309109
-0.1605,0.408880505363835,-0.5065486857577234
-0.16,0.5582629533713921,0.08686306493165288
-0.1595,0.6009436528021226,0.5001319627331828
-0.159,0.5475927785137094,0.701468092431364
-0.1585,0.4729015545099309,0.7650479228623686
-0.158,0.408880505363835,0.7332580076468663
-0.1575,0.3661998059331045,0.4153588554918433
-0.157,0.4835717293676135,0.3517790250608387
-0.1565,-0.2846808603855366,-0.4853554089473885
-0.156,-0.3060212101009019,-0.570128516188728
-0.1555,-0.156638762093345,-0.5065486857577234
-0.155,-0.124628237520297,-0.2946159176543747
-0.1545,-0.5514352318276028,0.4789386859228479
-0.154,-1.447729919872945,1.178316820663898
-0.1535,-2.23732285934146,1.475022696008586
-0.153,-2.792171951940957,0.7332580076468663
-0.1525,-2.770831602225592,-0.4429688553267188
-0.152,-1.885207089037933,-0.8668343915334161
-0.1515,-0.9248913518464952,-0.8138511995075789
-0.151,-0.2099896363817582,-0.5807251545938954
-0.1505,0.2061471830678648,-0.3475991096802118
-0.15,0.3875401556484697,-0.1568596183871981
-0.1495,0.4408910299368829,-0.01910331912002144
-0.149,0.4195506802215176,0.08686306493165288
-0.1485,0.3768699807907871,0.1610395337678249
-0.148,0.3555296310754218,0.2246193641988295
-0.1475,0.3555296310754218,0.2776025562246667
-0.147,0.3875401556484697,0.3199891098453364
-0.1465,0.6969752265212663,0.1822328105781598
-0.146,1.294505018551494,-0.2204394488182027
-0.1455,0.9637295979633325,-0.9092209451540858
-0.145,0.1741366584948169,-1.38606967338662
-0.1445,0.1527963087794516,-1.046977244421262
-0.144,0.4302208550792003,-0.6443049850249
-0.1435,0.6756348768059011,-0.2098428104130352
-0.143,0.7289857510943143,0.09745970333682032
-0.1425,0.6542945270905358,0.2776025562246667
-0.142,0.5369226036560266,0.3941655786815084
-0.1415,0.4302208550792003,0.4471487707073456
-0.141,0.4515612047945656,0.3941655786815084
-0.1405,0.5049120790829789,0.2987958330350016
-0.14,0.4622313796522482,0.2564092794143318
-0.1395,0.3982103305061524,0.2246193641988295
-0.139,0.3448594562177392,0.1822328105781598
-0.1385,0.2701682322139607,0.1292496185523226
-0.138,-0.1993194615240755,0.03387987290581572
-0.1375,-0.8715404775580819,0.2881991946298341
-0.137,-2.226652684483777,-0.1038764263613609
-0.1365,-2.653459678791083,-0.09327978795619347
-0.136,-2.770831602225592,0.4789386859228479
-0.1355,-2.344024607918286,0.7120647308365314
-0.135,-1.362368521011484,0.5213252395435176
-0.1345,-0.5300948821122373,0.1716361721729923
-0.134,-0.007256314085787988,-0.1356663415768632
-0.1335,0.2701682322139607,-0.2840192792492073
-0.133,0.3875401556484697,-0.3052125560595421
-0.1325,0.408880505363835,-0.2416327256285375
-0.132,0.3875401556484697,-0.1356663415768632
-0.1315,0.3661998059331045,-0.008506680714854012
-0.131,0.3661998059331045,0.1186529801471552
-0.1305,0.3768699807907871,0.2352160026039969
-0.13,0.5475927785137094,0.2352160026039969
-0.1295,1.113112045970889,-0.2204394488182027
-0.129,1.294505018551494,-0.9833974139902578
-0.1285,0.6542945270905358,-1.534422611058964
-0.128,0.3341892813600565,-1.640388995110639
-0.1275,0.4622313796522482,-1.068170521231597
-0.127,0.6329541773751706,-0.2734226408440398
-0.1265,0.6542945270905358,0.2881991946298341
-0.126,0.6009436528021226,0.6166949851900245
-0.1255,0.5049120790829789,0.7650479228623686
-0.125,0.4195506802215176,0.7862411996727035
-0.1245,0.3875401556484697,0.6696781772158616
-0.124,0.3875401556484697,0.4259554938970107
-0.1235,0.3661998059331045,0.2881991946298341
-0.123,0.3341892813600565,0.1928294489833272
-0.1225,0.3021787567870086,0.1080563417419877
-0.122,0.2808384070716433,0.01268659609548085
-0.1215,0.03542438534494258,0.1292496185523226
-0.121,-0.6474668055467465,0.701468092431364
-0.1205,-1.394379045584531,1.316073119931075
-0.12,-2.087940411333903,1.485619334413754
-0.1195,-2.472066706210478,0.627291623595192
-0.119,-1.991908837614759,-0.1674562567923655
-0.1185,-1.074273799854052,-0.4323722169215513
-0.118,-0.4767440078238243,-0.5171453241628908
-0.1175,0.03542438534494258,-0.3370024712750445
-0.117,-0.2420001609548061,-0.718481453861072
-0.1165,-0.3593720843893152,-0.8032545611024114
-0.116,-0.1139580626626144,-0.4853554089473885
-0.1155,0.02475421048725994,-0.2416327256285375
-0.115,0.2061471830678648,0.01268659609548085
-0.1145,0.3341892813600565,0.1822328105781598
-0.114,0.3448594562177392,0.2246193641988295
-0.1135,0.3768699807907871,0.2352160026039969
-0.113,0.6649647019482183,0.08686306493165288
-0.1125,1.017080472251745,-0.3581957480853793
-0.112,0.4408910299368829,-1.01518732920576
-0.1115,0.01408403562957729,-1.38606967338662
-0.111,0.2701682322139607,-1.237716735714276
-0.1105,0.5902734779444399,-0.7078848154559045
-0.11,0.7609962756673623,-0.1356663415768632
-0.1095,0.7289857510943143,0.2670059178194992
-0.109,0.6329541773751706,0.5213252395435176
-0.1085,0.5155822539406614,0.6378882620003594
-0.108,0.4302208550792003,0.627291623595192
-0.1075,0.5155822539406614,0.457745409112513
-0.107,0.5262524287983441,0.3199891098453364
-0.1065,0.4622313796522482,0.2352160026039969
-0.106,0.3875401556484697,0.1610395337678249
-0.1055,0.3341892813600565,0.08686306493165288
-0.105,0.2488278824985954,0.04447651131098315
-0.1045,-0.1779791118087102,0.2564092794143318
-0.104,-1.010252750707956,0.701468092431364
-0.1035,-1.757164990745741,1.051157159801889
-0.103,-2.376035132491334,0.9981739677760521
-0.1025,-2.151961460479999,0.4683420475176805
-0.102,-1.298347471865388,0.01268659609548085
-0.1015,-0.5407650569699201,-0.252229364033705
-0.101,-0.01792648894347063,-0.3581957480853793
-0.1005,0.2701682322139607,-0.3581957480853793
-0.1,0.3875401556484697,-0.2840192792492073
-0.09950000000000001,0.408880505363835,-0.1886495336027004
-0.099,0.3875401556484697,-0.08268314955102604
-0.0985,0.3555296310754218,0.02328323450064829
-0.098,0.2274875327832301,0.01268659609548085
-0.0975,0.3021787567870086,0.2034260873884947
-0.097,-0.2206598112394408,-0.2628260024388724
-0.0965,-0.08194753808956648,-0.4217755785163839
-0.096,0.8036769750980928,-0.4111789401112165
-0.0955,0.5689331282290746,-0.8350444763179138
-0.095,-0.391382608962363,-1.205926820498774
-0.0945,-0.4980843575391895,-0.8668343915334161
-0.094,-0.124628237520297,-0.4111789401112165
-0.0935,0.2808384070716433,0.02328323450064829
-0.093,0.5155822539406614,0.3517790250608387
-0.0925,0.5689331282290746,0.5849050699745222
-0.092,0.5369226036560266,0.6590815388106942
-0.0915,0.4729015545099309,0.6590815388106942
-0.091,0.4729015545099309,0.55311515475902
-0.0905,0.4729015545099309,0.4153588554918433
-0.09,0.408880505363835,0.3305857482505039
-0.0895,0.3555296310754218,0.2564092794143318
-0.089,0.3128489316446912,0.1610395337678249
-0.0885,0.2808384070716433,0.07626642652648545
-0.08799999999999999,-0.06060718837420119,0.1716361721729923
-0.08749999999999999,-0.9248913518464952,0.5743084315693548
-0.08699999999999999,-1.746494815888059,0.9345941373450475
-0.08649999999999999,-2.386705307349017,0.7650479228623686
-0.08599999999999999,-2.568098279929622,-0.07208651114585861
-0.08550000000000001,-1.757164990745741,-0.5277419625680583
-0.08500000000000001,-0.8822106524157645,-0.6125150698093976
-0.08450000000000001,-0.2206598112394408,-0.5277419625680583
-0.08400000000000001,0.1848068333524996,-0.400582301706049
-0.0835,0.3661998059331045,-0.2840192792492073
-0.083,0.4195506802215176,-0.1780528951975329
-0.0825,0.408880505363835,-0.09327978795619347
-0.082,0.3768699807907871,-0.01910331912002144
-0.0815,0.3555296310754218,0.04447651131098315
-0.081,0.3448594562177392,0.1080563417419877
-0.0805,0.3555296310754218,0.1716361721729923
-0.08,0.5049120790829789,0.1928294489833272
-0.0795,1.049090996824793,-0.008506680714854012
-0.079,1.006410297394063,-0.3793890248957141
-0.0785,0.1527963087794516,-0.8986243067489184
-0.078,-0.1032878878049318,-1.216523458903942
-0.0775,0.1314559590640864,-0.9833974139902578
-0.077,-0.02859666380115328,-0.8986243067489184
-0.0765,0.02475421048725994,-0.5171453241628908
-0.076,0.2168173579255475,0.05507314971615059
-0.0755,0.3021787567870086,0.4153588554918433
-0.075,0.3982103305061524,0.627291623595192
-0.0745,0.4195506802215176,0.5637117931641874
-0.074,0.5049120790829789,0.3411823866556712
-0.0735,0.4835717293676135,0.2564092794143318
-0.073,0.408880505363835,0.2140227257936621
-0.0725,0.3448594562177392,0.1610395337678249
-0.07199999999999999,0.3021787567870086,0.09745970333682032
-0.07149999999999999,0.07810508477567314,0.1080563417419877
-0.07099999999999999,-0.7434983792658902,0.383568940276341
-0.07049999999999999,-1.725154466172693,0.7120647308365314
-0.07000000000000001,-2.301343908487556,0.775644561267536
-0.06950000000000001,-2.685470203364131,0.04447651131098315
-0.06900000000000001,-2.141291285622316,-0.5913217929990628
-0.06850000000000001,-1.234326422719292,-0.6866915386455698
-0.068,-0.4554036581084589,-0.5489352393783931
-0.0675,0.05676473506030786,-0.3581957480853793
-0.067,0.3128489316446912,-0.1992461720078678
-0.0665,0.408880505363835,-0.08268314955102604
-0.066,0.4195506802215176,0.002089957690313421
-0.0655,0.3875401556484697,0.06566978812131802
-0.065,0.3661998059331045,0.1080563417419877
-0.0645,0.3448594562177392,0.1504428953626575
-0.064,0.3555296310754218,0.1928294489833272
-0.0635,0.4729015545099309,0.1716361721729923
-0.063,1.102441871113207,-0.2416327256285375
-0.0625,1.401206767128321,-0.9833974139902578
-0.062,0.7183155762366316,-1.640388995110639
-0.0615,0.1634664836371343,-1.576809164679634
-0.061,0.2808384070716433,-0.9304142219644207
-0.0605,0.5475927785137094,-0.3687923864905467
-0.06,0.7183155762366316,0.01268659609548085
-0.0595,0.7289857510943143,0.2140227257936621
-0.059,0.5689331282290746,0.2246193641988295
-0.0585,0.3875401556484697,0.1716361721729923
-0.058,0.1741366584948169,0.01268659609548085
-0.0575,-0.4127229586777283,-0.6125150698093976
-0.057,-0.1673089369510276,-0.3687923864905467
-0.0565,-0.02859666380115328,-0.1992461720078678
-0.056,0.142126133921769,0.002089957690313421
-0.0555,0.2808384070716433,0.1610395337678249
-0.055,0.1527963087794516,0.2987958330350016
-0.0545,-0.5621054066852853,0.8180311148882058
-0.054,-1.607782542738184,1.411442865577582
-0.0535,-2.333354433060604,1.824711763379112
-0.053,-2.888203525660101,1.580989080060261
-0.0525,-2.696140378221814,0.5743084315693548
-0.052,-1.746494815888059,-0.04029659593035631
-0.0515,-0.807519428411986,-0.252229364033705
-0.051,-0.1352984123779797,-0.2416327256285375
-0.0505,0.2381577076409128,-0.1144730647665284
-0.05,0.3982103305061524,0.04447651131098315
-0.0495,0.4408910299368829,0.2034260873884947
-0.049,0.4195506802215176,0.3411823866556712
-0.0485,0.3875401556484697,0.4471487707073456
-0.048,0.3661998059331045,0.5319218779486851
-0.0475,0.3555296310754218,0.6060983467848571
-0.047,0.3768699807907871,0.6378882620003594
-0.0465,0.6222840025174878,0.5955017083796896
-0.046,1.230483969405398,0.2564092794143318
-0.0455,1.081101521397841,-0.4323722169215513
-0.045,0.3555296310754218,-0.9410108603695881
-0.0445,0.291508581929326,-0.7608680074817418
-0.044,0.5262524287983441,-0.5383386009732256
-0.0435,0.6969752265212663,-0.2734226408440398
-0.043,0.7289857510943143,-0.08268314955102604
-0.0425,0.6542945270905358,-0.01910331912002144
-0.042,0.5475927785137094,-0.008506680714854012
-0.0415,0.4408910299368829,-0.04029659593035631
-0.041,0.4515612047945656,-0.1462629799820306
-0.0405,0.4835717293676135,-0.252229364033705
-0.04,0.4408910299368829,-0.2734226408440398
-0.0395,0.2488278824985954,-0.3793890248957141
-0.039,0.291508581929326,-0.252229364033705
-0.0385,0.00341386077189465,-0.4323722169215513
-0.038,-0.8928808272734472,-0.6443049850249
-0.0375,-1.490410619303675,0.1716361721729923
-0.037,-2.109280761049269,0.7862411996727035
-0.0365,-2.482736881068161,1.093543713422559
-0.036,-2.482736881068161,0.6484849004055269
-0.0355,-1.778505340461106,0.2034260873884947
-0.035,-0.9142211769888124,0.04447651131098315
-0.0345,-0.2420001609548061,0.05507314971615059
-0.034,0.1741366584948169,0.1504428953626575
-0.0335,0.3661998059331045,0.2564092794143318
-0.033,0.4302208550792003,0.3623756634660061
-0.0325,0.4195506802215176,0.4471487707073456
-0.032,0.3875401556484697,0.5107286011383502
-0.0315,0.3661998059331045,0.5425185163538525
-0.031,0.3555296310754218,0.55311515475902
-0.0305,0.3661998059331045,0.55311515475902
-0.03,0.5369226036560266,0.4789386859228479
-0.0295,1.177133095116985,0.13984625695749
-0.029,1.219813794547716,-0.5489352393783931
-0.0285,0.5689331282290746,-1.184733543688439
-0.028,0.5475927785137094,-0.8350444763179138
-0.0275,0.79300680024041,-0.2098428104130352
-0.027,0.9103787236749192,0.1186529801471552
-0.0265,0.8783681991018712,0.2140227257936621
-0.026,0.7396559259519968,0.1928294489833272
-0.0255,0.6009436528021226,0.1716361721729923
-0.025,0.4835717293676135,0.09745970333682032
-0.0245,0.4302208550792003,-0.008506680714854012
-0.024,0.4515612047945656,-0.1568596183871981
-0.0235,0.4195506802215176,-0.2204394488182027
-0.023,0.3661998059331045,-0.252229364033705
-0.0225,0.3235191065023739,-0.2628260024388724
-0.022,0.291508581929326,-0.252229364033705
-0.0215,0.05676473506030786,-0.04029659593035631
-0.021,-0.6154562809736985,0.5955017083796896
-0.0205,-1.373038695869166,1.263089927905238
-0.02,-2.045259711903173,1.390249588767247
-0.0195,-2.408045657064382,0.4365521323021782
-0.019,-1.906547438753298,-0.3475991096802118
-0.0185,-1.789175515318789,-1.152943628472937
-0.018,-0.8715404775580819,-0.7714646458869092
-0.0175,-0.274010685527854,-0.3793890248957141
-0.017,0.1314559590640864,0.02328323450064829
-0.0165,0.3768699807907871,0.3623756634660061
-0.016,0.3982103305061524,0.5107286011383502
-0.0155,0.3661998059331045,0.5955017083796896
-0.015,0.3448594562177392,0.6484849004055269
-0.0145,0.3448594562177392,0.6802748156210291
-0.014,0.3555296310754218,0.6908714540261965
-0.0135,0.4729015545099309,0.627291623595192
-0.013,1.081101521397841,0.2564092794143318
-0.0125,1.774662887147213,-0.5277419625680583
-0.012,1.433217291701369,-1.449649503817625
-0.0115,0.6329541773751706,-1.746355379162313
-0.011,0.4622313796522482,-1.258910012524611
-0.0105,0.5262524287983441,-0.6760949002404023
-0.01,0.6009436528021226,-0.1568596183871981
-0.0095,0.6009436528021226,0.1292496185523226
-0.008999999999999999,0.5582629533713921,0.2246193641988295
-0.008500000000000001,0.4729015545099309,0.2034260873884947
-0.008,0.4195506802215176,0.1292496185523226
-0.0075,0.4835717293676135,-0.05089323433552374
-0.007,0.4835717293676135,-0.1780528951975329
-0.0065,0.4195506802215176,-0.252229364033705
-0.006,0.3555296310754218,-0.2946159176543747
-0.0055,0.3021787567870086,-0.3370024712750445
-0.005,0.1848068333524996,-0.3475991096802118
-0.0045,-0.4127229586777283,-0.06148987274069118
-0.004,-1.234326422719292,0.4047622170866759
-0.0035,-1.927887788468663,0.7862411996727035
-0.003,-2.482736881068161,0.7544512844572011
-0.0025,-2.205312334768412,0.2352160026039969
-0.002,-1.287677297007705,-0.09327978795619347
-0.0015,-0.5194247072545548,-0.2098428104130352
-0.001,-0.007256314085787988,-0.1780528951975329
-0.0005,0.2701682322139607,-0.08268314955102604
0,0.2701682322139607,-0.06148987274069118
0.0005,0.3661998059331045,0.1610395337678249
0.001,-0.2420001609548061,-0.3052125560595421
0.0015,-0.3807124341046804,-0.2946159176543747
0.002,-0.1673089369510276,0.02328323450064829
0.0025,0.01408403562957729,0.2670059178194992
0.003,0.2488278824985954,0.5213252395435176
0.0035,0.6542945270905358,0.4895353243280153
0.004,1.230483969405398,-0.05089323433552374
0.0045,0.9850699476786977,-0.9304142219644207
0.005,0.2274875327832301,-1.608599079895136
0.0055,0.3448594562177392,-1.682775548731308
0.006,0.6542945270905358,-1.121153713257435
0.0065,0.8356874996711408,-0.3899856633008816
0.007,0.825017324813458,0.1186529801471552
0.0075,0.7183155762366316,0.4153588554918433
0.008,0.5689331282290746,0.5001319627331828
0.008500000000000001,0.4408910299368829,0.4365521323021782
0.008999999999999999,0.4622313796522482,0.4365521323021782
0.0095,0.5049120790829789,0.3941655786815084
0.01,0.4515612047945656,0.1822328105781598
0.0105,0.3875401556484697,-0.05089323433552374
0.011,0.3235191065023739,-0.2416327256285375
0.0115,0.2594980573562781,-0.3475991096802118
0.012,-0.1459685872356623,0.01268659609548085
0.0125,-0.9995825758502737,0.7226613692416989
0.013,-1.639793067311232,1.241896651094903
0.0135,-2.055929886760855,0.9769806909657173
0.014,-2.408045657064382,-0.07208651114585861
0.0145,-1.87453691418025,-0.6654982618352349
0.015,-1.042263275281004,-0.6549016234300674
0.0155,-0.3593720843893152,-0.3899856633008816
0.016,0.08877525963335578,-0.09327978795619347
0.0165,0.3128489316446912,0.1504428953626575
0.017,0.3875401556484697,0.3305857482505039
0.0175,0.3982103305061524,0.457745409112513
0.018,0.3661998059331045,0.5425185163538525
0.0185,0.3555296310754218,0.5955017083796896
0.019,0.3448594562177392,0.6166949851900245
0.0195,0.3555296310754218,0.627291623595192
0.02,0.4622313796522482,0.4683420475176805
0.0205,1.15579274540162,0.08686306493165288
0.021,1.454557641416734,-0.6019184314042303
0.0215,0.6756348768059011,-1.47084278062796
0.022,-0.124628237520297,-2.276187299420684
0.0225,0.1848068333524996,-1.619195718300304
0.023,0.4302208550792003,-0.9092209451540858
0.0235,0.5902734779444399,-0.252229364033705
0.024,0.6542945270905358,0.1504428953626575
0.0245,0.5369226036560266,0.2246193641988295
0.025,0.4302208550792003,0.1822328105781598
0.0255,0.408880505363835,0.04447651131098315
0.026,0.5369226036560266,-0.1462629799820306
0.0265,0.5155822539406614,-0.2416327256285375
0.027,0.4408910299368829,-0.2840192792492073
0.0275,0.3661998059331045,-0.3052125560595421
0.028,0.3021787567870086,-0.3158091944647096
0.0285,-0.007256314085787988,0.01268659609548085
0.029,-0.8608703027003992,0.7544512844572011
0.0295,-1.746494815888059,1.432636142387917
0.03,-2.429386006779747,1.761131932948107
0.0305,-2.930884225090832,1.019367244586387
0.031,-2.269333383914508,0.1504428953626575
0.0315,-1.287677297007705,-0.1886495336027004
0.032,-0.4767440078238243,-0.2098428104130352
0.0325,0.04609456020262521,-0.08268314955102604
0.033,0.3128489316446912,0.09745970333682032
0.0335,0.408880505363835,0.2670059178194992
0.034,0.4195506802215176,0.4047622170866759
0.0345,0.3875401556484697,0.5213252395435176
0.035,0.3555296310754218,0.5955017083796896
0.0355,0.3448594562177392,0.6484849004055269
0.036,0.3555296310754218,0.6802748156210291
0.0365,0.4515612047945656,0.6484849004055269
0.037,1.059761171682476,0.2246193641988295
0.0375,1.571929564851243,-0.5277419625680583
0.038,1.070431346540159,-1.205926820498774
0.0385,0.4195506802215176,-1.682775548731308
0.039,0.4515612047945656,-1.831128486403653
0.0395,0.6329541773751706,-1.301296566145281
0.04,0.7396559259519968,-0.6019184314042303
0.0405,0.5796033030867573,-0.1992461720078678
0.041,0.5902734779444399,0.2140227257936621
0.0415,0.1741366584948169,-0.008506680714854012
0.042,-0.2953510352432193,-0.4853554089473885
0.0425,0.2061471830678648,-0.5171453241628908
0.043,0.4515612047945656,-0.5383386009732256
0.0435,0.5155822539406614,-0.4111789401112165
0.044,0.4622313796522482,-0.3475991096802118
0.0445,0.3448594562177392,-0.3899856633008816
0.045,0.2061471830678648,-0.3687923864905467
0.0455,-0.423393133535411,0.01268659609548085
0.046,-1.490410619303675,0.5955017083796896
0.0465,-2.247993034199143,0.9981739677760521
0.047,-2.76016142736791,1.241896651094903
0.0475,-2.557428105071939,1.263089927905238
0.048,-1.661133417026597,0.7862411996727035
0.0485,-0.7648387289812555,0.2670059178194992
0.049,-0.1352984123779797,-0.07208651114585861
0.0495,0.2274875327832301,-0.1992461720078678
0.05,0.3875401556484697,-0.1674562567923655
0.0505,0.4195506802215176,-0.04029659593035631
0.051,0.3982103305061524,0.13984625695749
0.0515,0.3661998059331045,0.3305857482505039
0.052,0.3448594562177392,0.5001319627331828
0.0525,0.3448594562177392,0.6590815388106942
0.053,0.3768699807907871,0.775644561267536
0.0535,0.7716664505250448,0.5955017083796896
0.054,1.390536592270638,-0.06148987274069118
0.0545,1.091771696255524,-0.7608680074817418
0.055,0.2701682322139607,-1.05757388282643
0.0555,0.1848068333524996,-0.6337083466197325
0.056,0.4302208550792003,-0.1992461720078678
0.0565,0.6329541773751706,0.1504428953626575
0.057,0.6756348768059011,0.3517790250608387
0.0575,0.6116138276598051,0.4153588554918433
0.058,0.5155822539406614,0.3729723018711736
0.0585,0.408880505363835,0.2881991946298341
0.059,0.4408910299368829,0.13984625695749
0.0595,0.4729015545099309,0.002089957690313421
0.06,0.3021787567870086,-0.2098428104130352
0.0605,0.3448594562177392,-0.1462629799820306
0.061,0.1101156093487211,-0.3793890248957141
0.0615,-0.5514352318276028,-0.9833974139902578
0.062,-0.7328282044082075,-0.3052125560595421
0.0625,-1.543761493592088,0.6696781772158616
0.063,-2.354694782775969,1.528005888034424
0.0635,-3.026915798809975,1.888291593810116
0.064,-3.379031569113502,1.00877060618122
0.0645,-2.461396531352796,0.1186529801471552
0.065,-1.351698346153801,-0.2628260024388724
0.0655,-0.4660738329661415,-0.3370024712750445
0.066,0.07810508477567314,-0.2416327256285375
0.0665,0.3555296310754218,-0.07208651114585861
0.067,0.4408910299368829,0.1080563417419877
0.0675,0.4408910299368829,0.2564092794143318
0.068,0.3982103305061524,0.383568940276341
0.06850000000000001,0.3661998059331045,0.4895353243280153
0.06900000000000001,0.3555296310754218,0.5743084315693548
0.06950000000000001,0.3661998059331045,0.627291623595192
0.07000000000000001,0.4195506802215176,0.6484849004055269
0.07049999999999999,0.7396559259519968,0.4047622170866759
0.07099999999999999,0.9637295979633325,-0.252229364033705
0.07149999999999999,0.408880505363835,-1.004590690800593
0.07199999999999999,0.2808384070716433,-1.184733543688439
0.0725,0.5262524287983441,-0.8350444763179138
0.073,0.7396559259519968,-0.2840192792492073
0.0735,0.8036769750980928,0.1186529801471552
0.074,0.707645401378949,0.3517790250608387
0.0745,0.5689331282290746,0.4471487707073456
0.075,0.4515612047945656,0.4365521323021782
0.0755,0.3982103305061524,0.3305857482505039
0.076,0.4195506802215176,0.1504428953626575
0.0765,0.3875401556484697,0.01268659609548085
0.077,0.3448594562177392,-0.1144730647665284
0.0775,0.3021787567870086,-0.2204394488182027
0.078,0.2701682322139607,-0.326405832869877
0.0785,0.0674349099179905,-0.09327978795619347
0.079,-0.572775581542968,0.5637117931641874
0.0795,-1.330357996438436,1.167720182258731
0.08,-1.83185621474952,1.284283204715573
0.0805,-2.002579012472442,0.5743084315693548
0.081,-2.557428105071939,-1.05757388282643
0.0815,-1.703814116457328,-1.121153713257435
0.082,-0.8608703027003992,-0.8562377531282487
0.0825,-0.2313299860971235,-0.4853554089473885
0.083,0.2061471830678648,-0.09327978795619347
0.0835,0.3661998059331045,0.1292496185523226
0.08400000000000001,0.3875401556484697,0.2670059178194992
0.08450000000000001,0.3661998059331045,0.3623756634660061
0.08500000000000001,0.3448594562177392,0.4259554938970107
0.08550000000000001,0.3341892813600565,0.4789386859228479
0.08599999999999999,0.3555296310754218,0.5107286011383502
0.08649999999999999,0.4302208550792003,0.5001319627331828
0.08699999999999999,0.8890383739595538,0.2458126410091644
0.08749999999999999,1.454557641416734,-0.3475991096802118
0.08799999999999999,1.027750647109428,-1.184733543688439
0.0885,0.4195506802215176,-1.38606967338662
0.089,0.4515612047945656,-1.01518732920576
0.0895,0.6222840025174878,-0.6760949002404023
0.09,0.7289857510943143,-0.4323722169215513
0.0905,0.6969752265212663,-0.2416327256285375
0.091,0.5902734779444399,-0.09327978795619347
0.0915,0.4729015545099309,-0.05089323433552374
0.092,0.3982103305061524,-0.07208651114585861
0.0925,0.4515612047945656,-0.1674562567923655
0.093,0.4515612047945656,-0.2204394488182027
0.0935,0.3982103305061524,-0.2204394488182027
0.094,0.3448594562177392,-0.1992461720078678
0.0945,0.291508581929326,-0.1780528951975329
0.095,0.1848068333524996,-0.04029659593035631
0.0955,-0.3593720843893152,0.5107286011383502
0.096,-1.148965023857831,1.210106735879401
0.0965,-1.842526389607202,1.644568910491266
0.097,-2.418715831922065,1.082947075017392
0.0975,-2.23732285934146,0.13984625695749
0.098,-1.330357996438436,-0.2204394488182027
0.0985,-0.572775581542968,-0.2098428104130352
0.099,-0.03926683865883591,-0.04029659593035631
0.09950000000000001,0.2061471830678648,0.1292496185523226
0.1,0.2594980573562781,0.2352160026039969
0.1005,0.1954770082101822,0.2881991946298341
0.101,-0.4874141826815069,-0.2734226408440398
0.1015,-0.2420001609548061,0.05507314971615059
0.102,-0.07127736323188383,0.2670059178194992
0.1025,0.1207857842064037,0.4683420475176805
0.103,0.3661998059331045,0.627291623595192
0.1035,0.8997085488172365,0.457745409112513
0.104,1.486568165989782,-0.1250697031716958
0.1045,0.8356874996711408,-1.078767159636765
0.105,-0.2206598112394408,-1.926498232050159
0.1055,-0.3807124341046804,-1.937094870455327
0.106,-0.03926683865883591,-1.34368311976595
0.1065,0.3128489316446912,-0.6866915386455698
0.107,0.5262524287983441,-0.2416327256285375
0.1075,0.5796033030867573,0.002089957690313421
0.108,0.5155822539406614,0.09745970333682032
0.1085,0.4408910299368829,0.08686306493165288
0.109,0.4195506802215176,-0.01910331912002144
0.1095,0.408880505363835,-0.1250697031716958
0.11,0.3555296310754218,-0.1992461720078678
0.1105,0.3128489316446912,-0.2734226408440398
0.111,0.2701682322139607,-0.3370024712750445
0.1115,0.2168173579255475,-0.3370024712750445
0.112,-0.2420001609548061,0.1504428953626575
0.1125,-1.084943974711735,0.9134008605347127
0.113,-1.842526389607202,1.528005888034424
0.1135,-2.418715831922065,1.347863035146577
0.114,-2.610778979360353,0.2881991946298341
0.1145,-1.767835165603424,-0.2840192792492073
0.115,-0.8928808272734472,-0.3581957480853793
0.1155,-0.2313299860971235,-0.1886495336027004
0.116,0.1634664836371343,0.02328323450064829
0.1165,0.3448594562177392,0.2246193641988295
0.117,0.3982103305061524,0.383568940276341
0.1175,0.3982103305061524,0.4895353243280153
0.118,0.3661998059331045,0.5637117931641874
0.1185,0.3448594562177392,0.6060983467848571
0.119,0.3555296310754218,0.6166949851900245
0.1195,0.3768699807907871,0.6060983467848571
0.12,0.3982103305061524,0.3305857482505039
0.1205,1.049090996824793,0.01268659609548085
0.121,1.177133095116985,-0.718481453861072
0.1215,0.1207857842064037,-1.693372187136476
0.122,-0.124628237520297,-2.074851169722503
0.1225,0.2594980573562781,-1.852321763213987
0.123,0.5582629533713921,-1.205926820498774
0.1235,0.7609962756673623,-0.5277419625680583
0.124,0.7183155762366316,-0.1568596183871981
0.1245,0.5582629533713921,-0.01910331912002144
0.125,0.4302208550792003,0.002089957690313421
0.1255,0.408880505363835,-0.06148987274069118
0.126,0.5155822539406614,-0.1780528951975329
0.1265,0.4942419042252961,-0.252229364033705
0.127,0.4302208550792003,-0.2734226408440398
0.1275,0.3448594562177392,-0.2840192792492073
0.128,0.2808384070716433,-0.2840192792492073
0.1285,0.00341386077189465,-0.1144730647665284
0.129,-0.8608703027003992,0.4365521323021782
0.1295,-1.87453691418025,1.029963882991555
0.13,-2.685470203364131,1.326669758336243
0.1305,-3.16562807195985,0.7862411996727035
0.131,-2.578768454787304,0.02328323450064829
0.1315,-1.479740444445993,-0.2416327256285375
0.132,-0.5834457564006506,-0.2098428104130352
0.1325,0.00341386077189465,-0.06148987274069118
0.133,0.3021787567870086,0.1080563417419877
0.1335,0.4195506802215176,0.2670059178194992
0.134,0.4302208550792003,0.383568940276341
0.1345,0.3982103305061524,0.4789386859228479
0.135,0.3661998059331045,0.5425185163538525
0.1355,0.3555296310754218,0.5743084315693548
0.136,0.3555296310754218,0.5955017083796896
0.1365,0.408880505363835,0.5849050699745222
0.137,0.7396559259519968,0.4153588554918433
0.1375,1.134452395686255,-0.07208651114585861
0.138,0.6756348768059011,-0.7714646458869092
0.1385,0.2274875327832301,-0.9516074987747555
0.139,0.3661998059331045,-0.6443049850249
0.1395,0.5796033030867573,-0.3581957480853793
0.14,0.6756348768059011,-0.2416327256285375
0.1405,0.5475927785137094,-0.2840192792492073
0.141,0.2488278824985954,-0.4853554089473885
0.1415,-0.3380317346739499,-0.9833974139902578
0.142,-0.1352984123779797,-0.7502713690765743
0.1425,0.1527963087794516,-0.6866915386455698
0.143,0.3661998059331045,-0.5277419625680583
0.1435,0.4515612047945656,-0.3370024712750445
0.144,0.3768699807907871,-0.2734226408440398
0.1445,0.3128489316446912,-0.2098428104130352
0.145,0.1848068333524996,-0.05089323433552374
0.1455,-0.4874141826815069,0.5319218779486851
0.146,-1.458400094730627,1.231300012689736
0.1465,-2.03458953704549,1.70814874092227
0.147,-2.418715831922065,1.761131932948107
0.1475,-2.162631635337682,1.432636142387917
0.148,-1.362368521011484,0.8816109453192104
0.1485,-0.5834457564006506,0.4471487707073456
0.149,-0.03926683865883591,0.2034260873884947
0.1495,0.2594980573562781,0.1504428953626575
0.15,0.3875401556484697,0.2034260873884947
0.1505,0.408880505363835,0.3199891098453364
0.151,0.3875401556484697,0.457745409112513
0.1515,0.3555296310754218,0.5743084315693548
0.152,0.3448594562177392,0.6696781772158616
0.1525,0.3448594562177392,0.7332580076468663
0.153,0.3982103305061524,0.7544512844572011
0.1535,0.6756348768059011,0.5955017083796896
0.154,1.166462920259302,0.1610395337678249
0.1545,0.9317190733902845,-0.5171453241628908
0.155,0.1207857842064037,-1.195330182093607
0.1555,0.00341386077189465,-1.375473034981453
0.156,0.2808384070716433,-0.9410108603695881
0.1565,0.5475927785137094,-0.3475991096802118
0.157,0.6436243522328531,0.06566978812131802
0.1575,0.5902734779444399,0.2564092794143318
0.158,0.4942419042252961,0.2352160026039969
0.1585,0.408880505363835,0.1186529801471552
0.159,0.3341892813600565,-0.2310360872233701
0.1595,0.4622313796522482,-0.3793890248957141
0.16,0.3341892813600565,-0.570128516188728
0.1605,-0.391382608962363,-1.280103289334946
0.161,-0.2099896363817582,-1.068170521231597
0.1615,-0.1139580626626144,-0.8668343915334161
0.162,-0.274010685527854,-0.5489352393783931
0.1625,-1.06360362499637,-0.1780528951975329
0.163,-2.098610586191586,0.06566978812131802
0.1635,-2.845522826229371,0.1186529801471552
0.164,-3.20830877139058,-0.3793890248957141
0.1645,-2.354694782775969,-0.6760949002404023
0.165,-1.287677297007705,-0.570128516188728
0.1655,-0.4340633083930936,-0.326405832869877
0.166,0.09944543449103843,-0.06148987274069118
0.1665,0.3555296310754218,0.1504428953626575
0.167,0.4408910299368829,0.3199891098453364
0.1675,0.4302208550792003,0.4471487707073456
0.168,0.3982103305061524,0.5319218779486851
0.1685,0.3661998059331045,0.6060983467848571
0.169,0.3555296310754218,0.6484849004055269
0.1695,0.3661998059331045,0.6696781772158616
0.17,0.5475927785137094,0.6166949851900245
0.1705,1.166462920259302,0.2352160026039969
0.171,1.305175193409177,-0.5171453241628908
0.1715,0.5902734779444399,-1.227120097309109
0.172,0.3128489316446912,-1.131750351662602
0.1725,0.4729015545099309,-0.7714646458869092
0.173,0.6542945270905358,-0.4535654937318862
0.1735,0.7289857510943143,-0.1992461720078678
0.174,0.6756348768059011,-0.06148987274069118
0.1745,0.5582629533713921,-0.02969995752518888
0.175,0.4408910299368829,-0.07208651114585861
0.1755,0.4408910299368829,-0.1992461720078678
0.176,0.5582629533713921,-0.400582301706049
0.1765,0.5369226036560266,-0.4429688553267188
0.177,0.4515612047945656,-0.4217755785163839
0.1775,0.3661998059331045,-0.3687923864905467
0.178,0.2594980573562781,-0.3370024712750445
0.1785,-0.1459685872356623,-0.1674562567923655
0.179,-1.06360362499637,0.07626642652648545
0.1795,-2.365364957633652,-0.1356663415768632
0.18,-2.728150902794861,0.13984625695749
0.1805,-3.080266673098389,-0.3052125560595421
0.181,-2.578768454787304,-0.7396747306714069
0.1815,-1.522421143876723,-0.6019184314042303
0.182,-0.658136980404429,-0.3475991096802118
0.1825,-0.06060718837420119,-0.05089323433552374
0.183,0.2594980573562781,0.1928294489833272
0.1835,0.3982103305061524,0.3623756634660061
0.184,0.4195506802215176,0.4683420475176805
0.1845,0.3982103305061524,0.5425185163538525
0.185,0.3768699807907871,0.5743084315693548
0.1855,0.3661998059331045,0.5849050699745222
0.186,0.3661998059331045,0.5637117931641874
0.1865,0.4195506802215176,0.5319218779486851
0.187,0.9637295979633325,0.3199891098453364
0.1875,1.369196242555273,-0.2204394488182027
0.188,0.5582629533713921,-1.004590690800593
0.1885,-0.3700422592469978,-1.650985633515806
0.189,-0.3807124341046804,-1.460246142222792
0.1895,0.00341386077189465,-0.8880276683437509
0.19,0.3555296310754218,-0.3793890248957141
0.1905,0.5155822539406614,-0.09327978795619347
0.191,0.5369226036560266,-0.01910331912002144
0.1915,0.4942419042252961,-0.008506680714854012
0.192,0.4302208550792003,-0.06148987274069118
0.1925,0.5155822539406614,-0.2628260024388724
0.193,0.5155822539406614,-0.3687923864905467
0.1935,0.4515612047945656,-0.3793890248957141
0.194,0.3768699807907871,-0.3687923864905467
0.1945,0.3128489316446912,-0.3475991096802118
0.195,0.1527963087794516,-0.2204394488182027
0.1955,-0.423393133535411,0.2670059178194992
0.196,-0.9995825758502737,0.7438546460520338
0.1965,-1.46907026958831,0.9451907757502149
0.197,-1.885207089037933,0.8816109453192104
0.1975,-2.013249187330125,0.5955017083796896
0.198,-1.26633694729234,0.4259554938970107
0.1985,-1.373038695869166,-0.5489352393783931
0.199,-0.658136980404429,-0.4323722169215513
0.1995,-0.1779791118087102,-0.252229364033705
0.2,0.1314559590640864,-0.01910331912002144
0.2005,0.3555296310754218,0.2564092794143318
0.201,0.3768699807907871,0.3729723018711736
0.2015,0.3555296310754218,0.457745409112513
0.202,0.3341892813600565,0.5319218779486851
0.2025,0.3341892813600565,0.5743084315693548
0.203,0.3768699807907871,0.5955017083796896
0.2035,0.79300680024041,0.383568940276341
0.204,1.571929564851243,-0.2734226408440398
0.2045,1.806673411720261,-1.174136905283272
0.205,1.134452395686255,-1.661582271920973
0.2055,0.8997085488172365,-1.163540266878104
0.206,0.8997085488172365,-0.6760949002404023
0.2065,0.8997085488172365,-0.3475991096802118
0.207,0.8143471499557753,-0.1780528951975329
0.2075,0.6649647019482183,-0.1038764263613609
0.208,0.5262524287983441,-0.1144730647665284
0.2085,0.408880505363835,-0.1568596183871981
0.209,0.4835717293676135,-0.3687923864905467
0.2095,0.5582629533713921,-0.5171453241628908
0.21,0.5049120790829789,-0.4641621321370536
0.2105,0.4195506802215176,-0.3475991096802118
0.211,0.3448594562177392,-0.2310360872233701
0.2115,0.2808384070716433,-0.1356663415768632
0.212,-0.09261771294724913,0.1716361721729923
0.2125,-0.7968492535543035,0.7438546460520338
0.213,-1.191645723288561,1.167720182258731
0.2135,-1.533091318734406,1.072350436612224
0.214,-1.789175515318789,0.4153588554918433
0.2145,-1.362368521011484,0.002089957690313421
0.215,-0.722158029550525,-0.08268314955102604
0.2155,-0.1993194615240755,0.01268659609548085
0.216,0.142126133921769,0.13984625695749
0.2165,0.3021787567870086,0.2564092794143318
0.217,0.2381577076409128,0.2246193641988295
0.2175,0.2488278824985954,0.2881991946298341
0.218,-0.5087545323968721,-0.4111789401112165
0.2185,-0.274010685527854,-0.1356663415768632
0.219,-0.09261771294724913,0.05507314971615059
0.2195,0.1101156093487211,0.2246193641988295
0.22,0.4622313796522482,0.3305857482505039
0.2205,1.123782220828572,-0.008506680714854012
0.221,0.9957401225363802,-0.8138511995075789
0.2215,-0.007256314085787988,-1.703968825541643
0.222,-0.1993194615240755,-1.576809164679634
0.2225,0.142126133921769,-1.121153713257435
0.223,0.4835717293676135,-0.6866915386455698
0.2235,0.6329541773751706,-0.3052125560595421
0.224,0.6222840025174878,-0.1356663415768632
0.2245,0.5262524287983441,-0.09327978795619347
0.225,0.4302208550792003,-0.09327978795619347
0.2255,0.4195506802215176,-0.1356663415768632
0.226,0.5049120790829789,-0.2098428104130352
0.2265,0.4729015545099309,-0.2204394488182027
0.227,0.3982103305061524,-0.1992461720078678
0.2275,0.3341892813600565,-0.1674562567923655
0.228,0.2808384070716433,-0.1356663415768632
0.2285,0.01408403562957729,-0.3899856633008816
0.229,-0.7648387289812555,-1.089363798041932
0.2295,-1.618452717595867,-1.788741932782983
0.23,-2.322684258202921,-2.106641084938006
0.2305,-2.685470203364131,-1.354279758171118
0.231,-1.927887788468663,-0.5065486857577234
0.2315,-1.020922925565639,0.002089957690313421
0.232,-0.3166913849585846,0.2564092794143318
0.2325,0.1207857842064037,0.3623756634660061
0.233,0.3341892813600565,0.3941655786815084
0.2335,0.3982103305061524,0.3941655786815084
0.234,0.3982103305061524,0.3941655786815084
0.2345,0.3661998059331045,0.3941655786815084
0.235,0.3448594562177392,0.383568940276341
0.2355,0.3341892813600565,0.383568940276341
0.236,0.3341892813600565,0.3729723018711736
0.2365,0.3235191065023739,0.2246193641988295
0.237,0.857027849386506,-0.01910331912002144
0.2375,1.19847344483235,-0.6231117082145651
0.238,0.3235191065023739,-1.51322933424863
0.2385,-1.06360362499637,-2.413943598687861
0.239,-0.7328282044082075,-1.820531847998485
0.2395,-0.2099896363817582,-1.131750351662602
0.24,0.2168173579255475,-0.5489352393783931
0.2405,0.4729015545099309,-0.1144730647665284
0.241,0.4835717293676135,0.04447651131098315
0.2415,0.4302208550792003,0.09745970333682032
0.242,0.3875401556484697,0.08686306493165288
0.2425,0.4622313796522482,-0.02969995752518888
0.243,0.4622313796522482,-0.09327978795619347
0.2435,0.408880505363835,-0.09327978795619347
0.244,0.3555296310754218,-0.09327978795619347
0.2445,0.3128489316446912,-0.08268314955102604
0.245,0.04609456020262521,0.1186529801471552
0.2455,-0.7968492535543035,0.7438546460520338
0.246,-1.789175515318789,1.369056311956912
0.2465,-2.461396531352796,1.697552102517103
0.247,-2.952224574806197,0.9028042221295453
0.2475,-2.738821077652544,-0.2310360872233701
0.248,-1.714484291315011,-0.5913217929990628
0.2485,-0.7968492535543035,-0.474758770542221
0.249,-0.1352984123779797,-0.1992461720078678
0.2495,0.2381577076409128,0.08686306493165288
0.25,0.3982103305061524,0.2987958330350016
0.2505,0.4302208550792003,0.4471487707073456
0.251,0.408880505363835,0.5425185163538525
0.2515,0.3661998059331045,0.5955017083796896
0.252,0.3448594562177392,0.6166949851900245
0.2525,0.3448594562177392,0.627291623595192
0.253,0.3768699807907871,0.5955017083796896
0.2535,0.5689331282290746,0.3623756634660061
0.254,1.059761171682476,-0.1992461720078678
0.2545,1.379866417412955,-0.9304142219644207
0.255,1.145122570543937,-1.290699927740113
0.2555,1.145122570543937,-0.7820612842920766
0.256,1.145122570543937,-0.3687923864905467
0.2565,1.070431346540159,-0.1674562567923655
0.257,0.7823366253827275,-0.2204394488182027
0.2575,0.6756348768059011,-0.1886495336027004
0.258,0.1954770082101822,-0.5913217929990628
0.2585,-0.3380317346739499,-1.036380606016095
0.259,-0.07127736323188383,-0.9622041371799229
0.2595,0.1527963087794516,-0.8986243067489184
0.26,0.3021787567870086,-0.6231117082145651
0.2605,0.3661998059331045,-0.3899856633008816
0.261,0.3128489316446912,-0.2628260024388724
0.2615,0.2594980573562781,-0.1250697031716958
0.262,-0.2206598112394408,0.383568940276341
0.2625,-1.06360362499637,1.093543713422559
0.263,-1.554431668449771,1.432636142387917
0.2635,-2.002579012472442,1.241896651094903
0.264,-2.151961460479999,0.5849050699745222
0.2645,-1.554431668449771,0.1080563417419877
0.265,-0.7968492535543035,-0.06148987274069118
0.2655,-0.1993194615240755,-0.02969995752518888
0.266,0.1634664836371343,0.08686306493165288
0.2665,0.3448594562177392,0.2458126410091644
0.267,0.3982103305061524,0.3941655786815084
0.2675,0.3875401556484697,0.5213252395435176
0.268,0.3661998059331045,0.627291623595192
0.2685,0.3448594562177392,0.701468092431364
0.269,0.3341892813600565,0.7544512844572011
0.2695,0.3448594562177392,0.775644561267536
0.27,0.5689331282290746,0.6696781772158616
0.2705,1.294505018551494,0.06566978812131802
0.271,1.945385684870135,-0.7290780922662394
0.2715,1.571929564851243,-1.237716735714276
0.272,1.113112045970889,-1.152943628472937
0.2725,0.942389248247967,-0.6760949002404023
0.273,0.8676980242441885,-0.1886495336027004
0.2735,0.7609962756673623,0.13984625695749
0.274,0.6329541773751706,0.2776025562246667
0.2745,0.4942419042252961,0.2564092794143318
0.275,0.3875401556484697,0.1504428953626575
0.2755,0.408880505363835,-0.01910331912002144
0.276,0.4302208550792003,-0.3687923864905467
0.2765,0.5049120790829789,-0.3899856633008816
0.277,0.1207857842064037,-0.7502713690765743
0.2775,-0.4554036581084589,-1.258910012524611
0.278,-0.2846808603855366,-1.004590690800593
0.2785,-0.4660738329661415,-0.6549016234300674
0.279,-1.202315898146244,0.01268659609548085
0.2795,-1.885207089037933,0.5849050699745222
0.28,-2.226652684483777,0.6908714540261965
0.2805,-2.472066706210478,0.2564092794143318
0.281,-1.949228138184029,-0.1992461720078678
0.2815,-1.095614149569417,-0.3370024712750445
0.282,-0.3807124341046804,-0.2946159176543747
0.2825,0.07810508477567314,-0.1568596183871981
0.283,0.3128489316446912,0.01268659609548085
0.2835,0.3982103305061524,0.1822328105781598
0.284,0.3982103305061524,0.3305857482505039
0.2845,0.3661998059331045,0.457745409112513
0.285,0.3448594562177392,0.5743084315693548
0.2855,0.3341892813600565,0.6590815388106942
0.286,0.3448594562177392,0.7226613692416989
0.2865,0.4408910299368829,0.7438546460520338
0.287,1.038420821967111,0.4895353243280153
0.2875,1.582599739708926,-0.1568596183871981
0.288,1.038420821967111,-0.9410108603695881
0.2885,0.2701682322139607,-1.375473034981453
0.289,0.1741366584948169,-0.9939940523954253
0.2895,0.3555296310754218,-0.4111789401112165
0.29,0.5049120790829789,0.05507314971615059
0.2905,0.5475927785137094,0.309392471440169
0.291,0.4942419042252961,0.383568940276341
0.2915,0.4302208550792003,0.383568940276341
0.292,0.3768699807907871,0.2881991946298341
0.2925,0.4622313796522482,0.06566978812131802
0.293,0.4622313796522482,-0.1038764263613609
0.2935,0.408880505363835,-0.2204394488182027
0.294,0.3341892813600565,-0.3052125560595421
0.2945,0.291508581929326,-0.3793890248957141
0.295,0.08877525963335578,-0.3370024712750445
0.2955,-0.690147504977477,0.05507314971615059
0.296,-1.415719395299897,0.7862411996727035
0.2965,-2.770831602225592,0.5107286011383502
0.297,-3.016245623952293,0.4471487707073456
0.2975,-2.888203525660101,-0.3052125560595421
0.298,-1.970568487899394,-0.6654982618352349
0.2985,-0.9142211769888124,-0.6231117082145651
0.299,-0.2206598112394408,-0.5065486857577234
0.2995,0.1634664836371343,-0.3370024712750445
0.3,0.3448594562177392,-0.1356663415768632
0.3005,0.3982103305061524,0.04447651131098315
0.301,0.3875401556484697,0.2246193641988295
0.3015,0.3555296310754218,0.3729723018711736
0.302,0.3448594562177392,0.5107286011383502
0.3025,0.3555296310754218,0.6166949851900245
0.303,0.408880505363835,0.6908714540261965
0.3035,0.8783681991018712,0.4789386859228479
0.304,1.497238340847464,-0.1674562567923655
0.3045,1.059761171682476,-0.9833974139902578
0.305,0.1634664836371343,-1.311893204550448
0.3055,0.1101156093487211,-0.792657922697244
0.306,0.3555296310754218,-0.2840192792492073
0.3065,0.5582629533713921,0.05507314971615059
0.307,0.6329541773751706,0.2246193641988295
0.3075,0.5796033030867573,0.2881991946298341
0.308,0.4835717293676135,0.2881991946298341
0.3085,0.3982103305061524,0.2246193641988295
0.309,0.4302208550792003,0.07626642652648545
0.3095,0.4408910299368829,-0.04029659593035631
0.31,0.3982103305061524,-0.1144730647665284
0.3105,0.3341892813600565,-0.1462629799820306
0.311,0.291508581929326,-0.1780528951975329
0.3115,0.2168173579255475,-0.1674562567923655
0.312,-0.2953510352432193,0.1080563417419877
0.3125,-1.06360362499637,0.5637117931641874
0.313,-1.767835165603424,0.8604176685088755
0.3135,-2.322684258202921,0.6484849004055269
0.314,-2.376035132491334,-0.1356663415768632
0.3145,-1.682473766741963,-0.5807251545938954
0.315,-0.7968492535543035,-0.4535654937318862
0.3155,-0.7008176798351597,-0.7396747306714069
0.316,-0.5514352318276028,-0.7396747306714069
0.3165,-0.156638762093345,-0.3475991096802118
0.317,0.0674349099179905,-0.05089323433552374
0.3175,0.2488278824985954,0.2246193641988295
0.318,0.3448594562177392,0.383568940276341
0.3185,0.3235191065023739,0.4153588554918433
0.319,0.3235191065023739,0.4259554938970107
0.3195,0.3341892813600565,0.4259554938970107
0.32,0.6436243522328531,0.309392471440169
0.3205,1.401206767128321,-0.2416327256285375
0.321,1.454557641416734,-1.163540266878104
0.3215,0.3661998059331045,-2.043061254507001
0.322,-0.2420001609548061,-2.636473005196377
0.3225,-0.007256314085787988,-2.371557045067191
0.323,0.3235191065023739,-1.407262950196955
0.3235,0.5049120790829789,-0.5913217929990628
0.324,0.5369226036560266,-0.06148987274069118
0.3245,0.4835717293676135,0.2140227257936621
0.325,0.408880505363835,0.2776025562246667
0.3255,0.4195506802215176,0.2034260873884947
0.326,0.5155822539406614,0.07626642652648545
0.3265,0.4835717293676135,-0.008506680714854012
0.327,0.408880505363835,-0.06148987274069118
0.3275,0.3341892813600565,-0.1144730647665284
0.328,0.2701682322139607,-0.1568596183871981
0.3285,-0.04993701351651855,-0.02969995752518888
0.329,-0.8608703027003992,0.4153588554918433
0.3295,-1.693143941599645,0.8604176685088755
0.33,-2.408045657064382,1.104140351827727
0.3305,-2.621449154218035,0.8392243916985406
0.331,-1.981238662757077,0.3199891098453364
0.3315,-1.042263275281004,0.01268659609548085
0.332,-0.3273615598162672,-0.1144730647665284
0.3325,0.1101156093487211,-0.1250697031716958
0.333,0.3235191065023739,-0.05089323433552374
0.3335,0.3982103305061524,0.06566978812131802
0.334,0.3875401556484697,0.1716361721729923
0.3345,0.2168173579255475,0.13984625695749
0.335,0.2808384070716433,0.3199891098453364
0.3355,-0.2313299860971235,-0.09327978795619347
0.336,-0.3700422592469978,-0.1568596183871981
0.3365,-0.06060718837420119,0.07626642652648545
0.337,0.707645401378949,0.02328323450064829
0.3375,1.614610264281974,-0.3581957480853793
0.338,1.369196242555273,-1.0999604364471
0.3385,0.7609962756673623,-1.301296566145281
0.339,0.6969752265212663,-0.8668343915334161
0.3395,0.7609962756673623,-0.4217755785163839
0.34,0.7503261008096795,-0.1250697031716958
0.3405,0.6649647019482183,0.01268659609548085
0.341,0.5475927785137094,0.03387987290581572
0.3415,0.4408910299368829,0.02328323450064829
0.342,0.3768699807907871,-0.02969995752518888
0.3425,0.4408910299368829,-0.1674562567923655
0.343,0.4408910299368829,-0.2204394488182027
0.3435,0.3875401556484697,-0.1886495336027004
0.344,0.3235191065023739,-0.1462629799820306
0.3445,0.291508581929326,-0.09327978795619347
0.345,0.1314559590640864,0.04447651131098315
0.3455,-0.5194247072545548,0.5955017083796896
0.346,-1.458400094730627,1.263089927905238
0.3465,-2.215982509626095,1.75053529454294
0.347,-2.813512301656323,1.983661339456623
0.3475,-2.429386006779747,1.729342017732605
0.348,-1.437059745015262,1.029963882991555
0.3485,-0.6047861061160158,0.3941655786815084
0.349,-0.03926683865883591,0.02328323450064829
0.3495,0.2701682322139607,-0.1144730647665284
0.35,0.3875401556484697,-0.06148987274069118
0.3505,0.408880505363835,0.07626642652648545
0.351,0.3768699807907871,0.2564092794143318
0.3515,0.3448594562177392,0.4471487707073456
0.352,0.3235191065023739,0.6060983467848571
0.3525,0.3341892813600565,0.7544512844572011
0.353,0.3768699807907871,0.8392243916985406
0.3535,0.6969752265212663,0.7332580076468663
0.354,1.305175193409177,0.2987958330350016
0.3545,1.091771696255524,-0.3793890248957141
0.355,0.4729015545099309,-0.7396747306714069
0.3555,0.4408910299368829,-0.5171453241628908
0.356,0.2594980573562781,-0.4641621321370536
0.3565,-0.07127736323188383,-0.5277419625680583
0.357,0.1527963087794516,-0.08268314955102604
0.3575,0.2274875327832301,0.08686306493165288
0.358,0.3128489316446912,0.2352160026039969
0.3585,0.3555296310754218,0.2670059178194992
0.359,0.408880505363835,0.09745970333682032
0.3595,0.4302208550792003,-0.08268314955102604
0.36,0.3875401556484697,-0.1992461720078678
0.3605,0.3235191065023739,-0.2946159176543747
0.361,0.2808384070716433,-0.3581957480853793
0.3615,0.2061471830678648,-0.400582301706049
0.362,-0.3380317346739499,-0.1992461720078678
0.3625,-1.26633694729234,0.1928294489833272
0.363,-2.013249187330125,0.457745409112513
0.3635,-2.546757930214257,0.3729723018711736
0.364,-2.696140378221814,-0.1568596183871981
0.3645,-1.895877263895616,-0.5171453241628908
0.365,-0.9782422261349084,-0.6019184314042303
0.3655,-0.274010685527854,-0.5171453241628908
0.366,0.142126133921769,-0.3687923864905467
0.3665,0.3448594562177392,-0.1992461720078678
0.367,0.408880505363835,-0.01910331912002144
0.3675,0.3982103305061524,0.13984625695749
0.368,0.3661998059331045,0.2987958330350016
0.3685,0.3448594562177392,0.4365521323021782
0.369,0.3448594562177392,0.55311515475902
0.3695,0.3661998059331045,0.6484849004055269
0.37,0.6009436528021226,0.627291623595192
0.3705,1.305175193409177,0.2776025562246667
0.371,1.603940089424291,-0.3793890248957141
0.3715,0.8890383739595538,-0.8880276683437509
0.372,0.5902734779444399,-0.6019184314042303
0.3725,0.6756348768059011,-0.2204394488182027
0.373,0.7716664505250448,0.02328323450064829
0.3735,0.7609962756673623,0.1504428953626575
0.374,0.6436243522328531,0.2034260873884947
0.3745,0.4408910299368829,0.1080563417419877
0.375,0.3235191065023739,0.02328323450064829
0.3755,0.3661998059331045,-0.06148987274069118
0.376,0.1101156093487211,-0.6019184314042303
0.3765,-0.3060212101009019,-1.046977244421262
0.377,-0.1139580626626144,-0.7502713690765743
0.3775,0.00341386077189465,-0.5065486857577234
0.378,0.1527963087794516,-0.2734226408440398
0.3785,0.00341386077189465,0.05507314971615059
0.379,-0.8928808272734472,0.7120647308365314
0.3795,-1.981238662757077,1.390249588767247
0.38,-2.813512301656323,1.475022696008586
0.3805,-3.411042093686551,0.2987958330350016
0.381,-2.717480727937179,-0.5913217929990628
0.3815,-1.586442193022819,-0.6760949002404023
0.382,-0.6367966306890638,-0.4111789401112165
0.3825,-0.01792648894347063,-0.09327978795619347
0.383,0.3021787567870086,0.1716361721729923
0.3835,0.4195506802215176,0.3517790250608387
0.384,0.4302208550792003,0.457745409112513
0.3845,0.3875401556484697,0.5213252395435176
0.385,0.3555296310754218,0.5425185163538525
0.3855,0.3448594562177392,0.5319218779486851
0.386,0.3555296310754218,0.5107286011383502
0.3865,0.4622313796522482,0.4471487707073456
0.387,1.070431346540159,0.1080563417419877
0.3875,1.486568165989782,-0.6231117082145651
0.388,0.7609962756673623,-1.42845622700729
0.3885,0.1741366584948169,-1.47084278062796
0.389,0.3021787567870086,-0.8880276683437509
0.3895,0.5689331282290746,-0.5913217929990628
0.39,0.7289857510943143,-0.4535654937318862
0.3905,0.7183155762366316,-0.4323722169215513
0.391,0.6009436528021226,-0.4111789401112165
0.3915,0.4729015545099309,-0.3581957480853793
0.392,0.408880505363835,-0.326405832869877
0.3925,0.5155822539406614,-0.400582301706049
0.393,0.5155822539406614,-0.3793890248957141
0.3935,0.4408910299368829,-0.3052125560595421
0.394,0.3341892813600565,-0.2098428104130352
0.3945,0.1207857842064037,-0.2416327256285375
0.395,0.07810508477567314,-0.1780528951975329
0.3955,-0.5834457564006506,-0.8032545611024114
0.396,-1.83185621474952,-1.958288147265661
0.3965,-2.621449154218035,-2.647069643601545
0.397,-2.856193001087053,-1.831128486403653
0.3975,-2.6427895039334,-0.5807251545938954
0.398,-1.703814116457328,0.1186529801471552
0.3985,-0.7861790786966207,0.3199891098453364
0.399,-0.1673089369510276,0.2987958330350016
0.3995,0.1954770082101822,0.2352160026039969
0.4,0.3555296310754218,0.2140227257936621
0.4005,0.3982103305061524,0.2140227257936621
0.401,0.3875401556484697,0.2564092794143318
0.4015,0.3661998059331045,0.2987958330350016
0.402,0.3448594562177392,0.3517790250608387
0.4025,0.3555296310754218,0.3941655786815084
0.403,0.3768699807907871,0.4153588554918433
0.4035,0.5796033030867573,0.3623756634660061
0.404,1.230483969405398,0.05507314971615059
0.4045,1.294505018551494,-0.5913217929990628
0.405,0.6116138276598051,-1.237716735714276
0.4055,0.4515612047945656,-1.205926820498774
0.406,0.5582629533713921,-0.6549016234300674
0.4065,0.6756348768059011,-0.07208651114585861
0.407,0.6756348768059011,0.2987958330350016
0.4075,0.5902734779444399,0.4683420475176805
0.408,0.5049120790829789,0.4895353243280153
0.4085,0.4195506802215176,0.4259554938970107
0.409,0.5155822539406614,0.2458126410091644
0.4095,0.5796033030867573,0.08686306493165288
0.41,0.5049120790829789,0.01268659609548085
0.4105,0.408880505363835,-0.04029659593035631
0.411,0.3235191065023739,-0.1038764263613609
0.4115,0.2061471830678648,-0.09327978795619347
0.412,-0.3060212101009019,0.3729723018711736
0.4125,-1.095614149569417,1.072350436612224
0.413,-1.821186039891837,1.633972272086098
0.4135,-2.386705307349017,1.528005888034424
0.414,-2.322684258202921,0.5955017083796896
0.4145,-1.597112367880501,-0.1356663415768632
0.415,-0.722158029550525,-0.2840192792492073
0.4155,-0.9248913518464952,-1.05757388282643
0.416,-0.4020527838200457,-0.7714646458869092
0.4165,-0.06060718837420119,-0.4535654937318862
0.417,0.1527963087794516,-0.1462629799820306
0.4175,0.3341892813600565,0.1504428953626575
0.418,0.3448594562177392,0.2670059178194992
0.4185,0.3235191065023739,0.3411823866556712
0.419,0.3235191065023739,0.3941655786815084
0.4195,0.3341892813600565,0.4365521323021782
0.42,0.5155822539406614,0.4153588554918433
0.4205,1.145122570543937,0.13984625695749
0.421,1.134452395686255,-0.5171453241628908
0.4215,0.1954770082101822,-1.280103289334946
0.422,-0.1673089369510276,-1.184733543688439
0.4225,0.05676473506030786,-0.6760949002404023
0.423,0.3555296310754218,-0.1462629799820306
0.4235,0.5262524287983441,0.2246193641988295
0.424,0.5689331282290746,0.4365521323021782
0.4245,0.5262524287983441,0.5319218779486851
0.425,0.4515612047945656,0.5001319627331828
0.4255,0.4622313796522482,0.3305857482505039
0.426,0.5582629533713921,0.06566978812131802
0.4265,0.5155822539406614,-0.07208651114585861
0.427,0.4302208550792003,-0.1356663415768632
0.4275,0.3448594562177392,-0.1674562567923655
0.428,0.2701682322139607,-0.2098428104130352
0.4285,0.05676473506030786,-0.3052125560595421
0.429,-0.658136980404429,-0.2628260024388724
0.4295,-1.501080794161358,-0.09327978795619347
0.43,-2.215982509626095,-0.01910331912002144
0.4305,-2.60010880450267,-0.3687923864905467
0.431,-2.023919362187807,-0.6549016234300674
0.4315,-1.095614149569417,-0.6125150698093976
0.432,-0.3807124341046804,-0.4323722169215513
0.4325,0.07810508477567314,-0.252229364033705
0.433,0.3021787567870086,-0.09327978795619347
0.4335,0.3021787567870086,-0.04029659593035631
0.434,0.3235191065023739,0.06566978812131802
0.4345,0.2701682322139607,0.1186529801471552
0.435,-0.4554036581084589,-0.5065486857577234
0.4355,-0.2526703358124887,-0.2416327256285375
0.436,-0.04993701351651855,0.002089957690313421
0.4365,0.291508581929326,0.1822328105781598
0.437,1.134452395686255,0.03387987290581572
0.4375,1.56125938999356,-0.6866915386455698
0.438,0.6863050516635838,-1.608599079895136
0.4385,-0.07127736323188383,-1.947691508860494
0.439,0.02475421048725994,-1.502632695843462
0.4395,0.3341892813600565,-0.6972881770507372
0.44,0.5475927785137094,-0.06148987274069118
0.4405,0.6222840025174878,0.3729723018711736
0.441,0.5582629533713921,0.6166949851900245
0.4415,0.4622313796522482,0.6590815388106942
0.442,0.3982103305061524,0.55311515475902
0.4425,0.4835717293676135,0.3199891098453364
0.443,0.4835717293676135,0.1504428953626575
0.4435,0.4195506802215176,0.03387987290581572
0.444,0.3448594562177392,-0.06148987274069118
0.4445,0.291508581929326,-0.1356663415768632
0.445,0.1314559590640864,-0.3158091944647096
0.4455,-0.5194247072545548,-0.9728007755850904
0.446,-1.341028171296118,-1.767548655972648
0.4465,-2.002579012472442,-2.435136875498196
0.447,-2.557428105071939,-2.202010830584512
0.4475,-2.183971985053047,-1.237716735714276
0.448,-1.287677297007705,-0.5595318777835605
0.4485,-0.5194247072545548,-0.1780528951975329
0.449,-0.007256314085787988,-0.008506680714854012
0.4495,0.2701682322139607,0.02328323450064829
0.45,0.3768699807907871,0.002089957690313421
0.4505,0.3875401556484697,-0.02969995752518888
0.451,0.3661998059331045,-0.05089323433552374
0.4515,0.3448594562177392,-0.05089323433552374
0.452,0.3235191065023739,-0.04029659593035631
0.4525,0.3235191065023739,-0.01910331912002144
0.453,0.3555296310754218,-0.008506680714854012
0.4535,0.5582629533713921,-0.2734226408440398
0.454,0.9637295979633325,-0.5913217929990628
0.4545,0.3341892813600565,-1.301296566145281
0.455,-0.9462317015618604,-2.276187299420684
0.4555,-0.754168554123573,-1.852321763213987
0.456,-0.1779791118087102,-1.01518732920576
0.4565,0.2808384070716433,-0.2840192792492073
0.457,0.5689331282290746,0.2881991946298341
0.4575,0.5902734779444399,0.5319218779486851
0.458,0.5049120790829789,0.6060983467848571
0.4585,0.4195506802215176,0.627291623595192
0.459,0.4835717293676135,0.5425185163538525
0.4595,0.5155822539406614,0.4471487707073456
0.46,0.4622313796522482,0.4153588554918433
0.4605,0.3875401556484697,0.383568940276341
0.461,0.3235191065023739,0.3305857482505039
0.4615,0.2381577076409128,0.2987958330350016
0.462,-0.2313299860971235,0.5319218779486851
0.4625,-1.095614149569417,1.051157159801889
0.463,-1.938557963326346,1.453829419198252
0.4635,-2.653459678791083,1.432636142387917
0.464,-2.877533350802418,0.5849050699745222
0.4645,-1.970568487899394,-0.06148987274069118
0.465,-1.010252750707956,-0.3158091944647096
0.4655,-0.2846808603855366,-0.3581957480853793
0.466,0.1527963087794516,-0.3052125560595421
0.4665,0.3555296310754218,-0.2310360872233701
0.467,0.408880505363835,-0.1568596183871981
0.4675,0.3982103305061524,-0.09327978795619347
0.468,0.3661998059331045,-0.04029659593035631
0.4685,0.3341892813600565,0.01268659609548085
0.469,0.3341892813600565,0.06566978812131802
0.4695,0.3555296310754218,0.1080563417419877
0.47,0.5049120790829789,0.03387987290581572
0.4705,0.9850699476786977,-0.4217755785163839
0.471,0.8356874996711408,-1.110557074852267
0.4715,0.07810508477567314,-1.566212526274467
0.472,0.01408403562957729,-1.121153713257435
0.4725,0.3448594562177392,-0.5171453241628908
0.473,0.6329541773751706,-0.1144730647665284
0.4735,0.6222840025174878,-0.01910331912002144
0.474,0.6649647019482183,0.2034260873884947
0.4745,-0.1352984123779797,-0.4217755785163839
0.475,-0.1993194615240755,-0.3370024712750445
0.4755,-0.007256314085787988,-0.1674562567923655
0.476,0.2594980573562781,-0.06148987274069118
0.4765,0.4195506802215176,0.1504428953626575
0.477,0.408880505363835,0.2564092794143318
0.4775,0.3448594562177392,0.2987958330350016
0.478,0.2808384070716433,0.3305857482505039
0.4785,-0.02859666380115328,0.627291623595192
0.479,-0.9035510021311299,1.199510097474233
0.4795,-1.83185621474952,1.697552102517103
0.48,-2.44005618163743,1.644568910491266
0.4805,-2.770831602225592,0.4683420475176805
0.481,-2.141291285622316,-0.3370024712750445
0.4815,-1.212986073003927,-0.4959520473525559
0.482,-0.4340633083930936,-0.3581957480853793
0.4825,0.0674349099179905,-0.1462629799820306
0.483,0.3235191065023739,0.05507314971615059
0.4835,0.408880505363835,0.2034260873884947
0.484,0.408880505363835,0.309392471440169
0.4845,0.3768699807907871,0.3729723018711736
0.485,0.3555296310754218,0.4153588554918433
0.4855,0.3341892813600565,0.4259554938970107
0.486,0.3555296310754218,0.4365521323021782
0.4865,0.4622313796522482,0.4153588554918433
0.487,1.017080472251745,0.1822328105781598
0.4875,0.9317190733902845,-0.400582301706049
0.488,0.08877525963335578,-1.131750351662602
0.4885,-0.3273615598162672,-1.38606967338662
0.489,-0.04993701351651855,-1.046977244421262
0.4895,0.3555296310754218,-0.5277419625680583
0.49,0.6222840025174878,-0.07208651114585861
0.4905,0.6969752265212663,0.1928294489833272
0.491,0.6329541773751706,0.2881991946298341
0.4915,0.5155822539406614,0.3199891098453364
0.492,0.4302208550792003,0.2564092794143318
0.4925,0.4408910299368829,-0.05089323433552374
0.493,0.5475927785137094,-0.05089323433552374
0.4935,-0.1352984123779797,-0.6972881770507372
0.494,-0.3273615598162672,-0.8244478379127463
0.4945,-0.1673089369510276,-0.6231117082145651
0.495,-0.1139580626626144,-0.4429688553267188
0.4955,-0.6154562809736985,0.03387987290581572
0.496,-1.554431668449771,0.5213252395435176
0.4965,-2.322684258202921,0.7862411996727035
0.497,-2.984235099379245,0.7120647308365314
0.4975,-2.792171951940957,0.1716361721729923
0.498,-1.810515865034154,-0.1568596183871981
0.4985,-0.8502001278427167,-0.2628260024388724
0.499,-0.156638762093345,-0.2204394488182027
0.4995,0.2381577076409128,-0.1356663415768632
0.5,0.3982103305061524,-0.01910331912002144
0.5004999999999999,0.4302208550792003,0.08686306493165288
0.501,0.408880505363835,0.1822328105781598
0.5014999999999999,0.3768699807907871,0.2776025562246667
0.502,0.3555296310754218,0.3623756634660061
0.5024999999999999,0.3448594562177392,0.4259554938970107
0.503,0.3982103305061524,0.4683420475176805
0.5034999999999999,0.8463576745288233,0.2140227257936621
0.504,1.390536592270638,-0.4429688553267188
0.5044999999999999,0.9210488985326017,-1.216523458903942
0.505,0.1954770082101822,-1.449649503817625
0.5054999999999999,0.2594980573562781,-0.9092209451540858
0.506,0.5369226036560266,-0.474758770542221
0.5065,0.7289857510943143,-0.1250697031716958
0.507,0.7396559259519968,0.06566978812131802
0.5075,0.6542945270905358,0.1186529801471552
0.508,0.5475927785137094,0.06566978812131802
0.5085,0.4408910299368829,0.01268659609548085
0.509,0.4729015545099309,-0.09327978795619347
0.5095,0.4942419042252961,-0.1462629799820306
0.51,0.4408910299368829,-0.1250697031716958
0.5105,0.3661998059331045,-0.08268314955102604
0.511,0.3128489316446912,-0.02969995752518888
0.5115,0.2168173579255475,0.01268659609548085
0.512,-0.3060212101009019,0.3623756634660061
0.5125,-1.127624674142465,0.9769806909657173
0.513,-2.450726356495113,0.7968378380778709
0.5135,-2.589438629644987,1.072350436612224
0.514,-2.706810553079496,1.305476481525908
0.5145,-2.03458953704549,1.093543713422559
0.515,-1.052933450138687,0.6696781772158616
0.5155,-0.3593720843893152,0.2352160026039969
0.516,0.08877525963335578,0.02328323450064829
0.5165,0.3128489316446912,-0.01910331912002144
0.517,0.3875401556484697,0.07626642652648545
0.5175,0.3982103305061524,0.2246193641988295
0.518,0.3768699807907871,0.3941655786815084
0.5185,0.3661998059331045,0.55311515475902
0.519,0.3555296310754218,0.6908714540261965
0.5195,0.3661998059331045,0.7862411996727035
0.52,0.4942419042252961,0.8286277532933731
0.5205,0.942389248247967,0.6696781772158616
0.521,0.7289857510943143,0.08686306493165288
0.5215,-0.1032878878049318,-0.6125150698093976
0.522,-0.2206598112394408,-0.5171453241628908
0.5225,0.142126133921769,-0.1568596183871981
0.523,0.4942419042252961,0.09745970333682032
0.5235,0.6649647019482183,0.2140227257936621
0.524,0.6542945270905358,0.2246193641988295
0.5245,0.5582629533713921,0.2034260873884947
0.525,0.4515612047945656,0.1504428953626575
0.5255,0.4302208550792003,0.04447651131098315
0.526,0.4835717293676135,-0.1038764263613609
0.5265,0.4515612047945656,-0.1780528951975329
0.527,0.3875401556484697,-0.2098428104130352
0.5275,0.3235191065023739,-0.2310360872233701
0.528,0.2701682322139607,-0.2416327256285375
0.5285,-0.156638762093345,0.002089957690313421
0.529,-0.9462317015618604,0.5425185163538525
0.5295,-1.607782542738184,1.051157159801889
0.53,-2.03458953704549,1.114736990232894
0.5305,-2.023919362187807,0.4153588554918433
0.531,-1.319687821580753,-0.04029659593035631
0.5315,-0.722158029550525,-0.252229364033705
0.532,-0.1459685872356623,-0.1356663415768632
0.5325,-0.5300948821122373,-0.7078848154559045
0.533,-0.2526703358124887,-0.4323722169215513
0.5335,-0.01792648894347063,-0.1356663415768632
0.534,0.1634664836371343,0.13984625695749
0.5345,0.3128489316446912,0.3729723018711736
0.535,0.3341892813600565,0.4471487707073456
0.5355,0.3341892813600565,0.4683420475176805
0.536,0.3341892813600565,0.4789386859228479
0.5365,0.4622313796522482,0.4365521323021782
0.537,1.081101521397841,0.1292496185523226
0.5375,1.56125938999356,-0.5383386009732256
0.538,0.9957401225363802,-1.439052865412457
0.5385,0.3768699807907871,-2.085447808127671
0.539,0.3661998059331045,-1.862918401619155
0.5395,0.5262524287983441,-1.195330182093607
0.54,0.6116138276598051,-0.5383386009732256
0.5405,0.5902734779444399,-0.09327978795619347
0.541,0.5049120790829789,0.1716361721729923
0.5415,0.4195506802215176,0.2776025562246667
0.542,0.3768699807907871,0.2670059178194992
0.5425,0.4195506802215176,0.1080563417419877
0.543,0.408880505363835,0.002089957690313421
0.5435,0.3661998059331045,-0.06148987274069118
0.544,0.3235191065023739,-0.1250697031716958
0.5445,0.291508581929326,-0.1886495336027004
0.545,0.1634664836371343,-0.1568596183871981
0.5455,-0.4340633083930936,0.2034260873884947
0.546,-1.277007122150022,0.7120647308365314
0.5465,-1.927887788468663,1.051157159801889
0.547,-2.472066706210478,1.029963882991555
0.5475,-2.013249187330125,0.55311515475902
0.548,-1.138294849000148,0.13984625695749
0.5485,-0.423393133535411,-0.1038764263613609
0.549,0.04609456020262521,-0.1780528951975329
0.5495,0.291508581929326,-0.1568596183871981
0.55,0.3875401556484697,-0.07208651114585861
0.5505,0.3982103305061524,0.04447651131098315
0.551,0.3661998059331045,0.1610395337678249
0.5515,0.2061471830678648,0.13984625695749
0.552,0.2381577076409128,0.2987958330350016
0.5525,-0.5194247072545548,-0.3899856633008816
0.553,-0.2633405106701714,-0.1038764263613609
0.5535,0.2488278824985954,0.01268659609548085
0.554,1.059761171682476,-0.2416327256285375
0.5545,0.9530594231056497,-0.8138511995075789
0.555,0.291508581929326,-1.205926820498774
0.5555,0.3021787567870086,-0.8456411147230812
0.556,0.5155822539406614,-0.3687923864905467
0.5565,0.6649647019482183,0.07626642652648545
0.5570000000000001,0.6756348768059011,0.3729723018711736
0.5575,0.6116138276598051,0.5107286011383502
0.5580000000000001,0.5155822539406614,0.5001319627331828
0.5585,0.4195506802215176,0.4153588554918433
0.5590000000000001,0.3661998059331045,0.2458126410091644
0.5595,0.3235191065023739,0.08686306493165288
0.5600000000000001,0.291508581929326,-0.008506680714854012
0.5605,0.2701682322139607,-0.07208651114585861
0.5610000000000001,0.2701682322139607,-0.1356663415768632
0.5615,0.2168173579255475,-0.1144730647665284
0.5620000000000001,-0.2420001609548061,0.383568940276341
0.5625,-1.138294849000148,1.093543713422559
0.5629999999999999,-1.959898313041711,1.612778995275763
0.5635,-2.461396531352796,1.210106735879401
0.5639999999999999,-2.653459678791083,0.03387987290581572
0.5645,-1.863866739322568,-0.570128516188728
0.5649999999999999,-0.9675720512772257,-0.5807251545938954
0.5655,-0.2846808603855366,-0.3581957480853793
0.5659999999999999,0.142126133921769,-0.1038764263613609
0.5665,0.3448594562177392,0.1080563417419877
0.5669999999999999,0.408880505363835,0.2564092794143318
0.5675,0.3982103305061524,0.3517790250608387
0.5679999999999999,0.3661998059331045,0.4153588554918433
0.5685,0.3448594562177392,0.4471487707073456
0.569,0.3448594562177392,0.457745409112513
0.5695,0.3661998059331045,0.457745409112513
0.57,0.5582629533713921,0.3729723018711736
0.5705,1.19847344483235,0.002089957690313421
0.571,1.145122570543937,-0.792657922697244
0.5715,0.408880505363835,-1.34368311976595
0.572,-0.08194753808956648,-1.523825972653797
0.5725,-0.5407650569699201,-1.545019249464132
0.573,-0.2313299860971235,-0.8668343915334161
0.5735,0.142126133921769,-0.2734226408440398
0.574,0.3555296310754218,0.07626642652648545
0.5745,0.4835717293676135,0.2670059178194992
0.575,0.4302208550792003,0.2670059178194992
0.5755,0.4302208550792003,0.1504428953626575
0.576,0.4942419042252961,-0.02969995752518888
0.5765,0.4515612047945656,-0.1038764263613609
0.577,0.3768699807907871,-0.1250697031716958
0.5775,0.3235191065023739,-0.1356663415768632
0.578,0.2594980573562781,-0.1462629799820306
0.5785,-0.1032878878049318,0.1186529801471552
0.579,-0.9889124009925911,0.7862411996727035
0.5795,-1.778505340461106,1.37965295036208
0.58,-2.386705307349017,1.570392441655093
0.5805,-2.461396531352796,1.199510097474233
0.581,-1.714484291315011,0.6166949851900245
0.5815,-0.8502001278427167,0.1504428953626575
0.582,-0.2099896363817582,-0.1144730647665284
0.5825,0.1848068333524996,-0.1992461720078678
0.583,0.3555296310754218,-0.1568596183871981
0.5835,0.408880505363835,-0.05089323433552374
0.584,0.3982103305061524,0.08686306493165288
0.5845,0.3661998059331045,0.2352160026039969
0.585,0.3448594562177392,0.3623756634660061
0.5855,0.3555296310754218,0.4683420475176805
0.586,0.3661998059331045,0.5637117931641874
0.5865,0.4622313796522482,0.6060983467848571
0.587,1.027750647109428,0.3411823866556712
0.5875,1.219813794547716,-0.2734226408440398
0.588,0.4622313796522482,-0.8986243067489184
0.5885,0.05676473506030786,-0.8350444763179138
0.589,0.2594980573562781,-0.5913217929990628
0.5895,0.5369226036560266,-0.3052125560595421
0.59,0.6863050516635838,-0.09327978795619347
0.5905,0.5689331282290746,-0.008506680714854012
0.591,0.5155822539406614,0.1186529801471552
0.5915,0.3875401556484697,0.1292496185523226
0.592,-0.3807124341046804,-0.5595318777835605
0.5925,-0.274010685527854,-0.400582301706049
0.593,-0.1459685872356623,-0.2734226408440398
0.5935,0.02475421048725994,-0.1356663415768632
0.594,0.1954770082101822,-0.02969995752518888
0.5945,0.2274875327832301,-0.06148987274069118
0.595,0.142126133921769,-0.02969995752518888
0.5955,-0.572775581542968,0.4153588554918433
0.596,-1.618452717595867,1.019367244586387
0.5965,-2.280003558772191,1.390249588767247
0.597,-2.696140378221814,1.305476481525908
0.5975,-2.354694782775969,0.9345941373450475
0.598,-1.46907026958831,0.4895353243280153
0.5985,-0.6261264558313813,0.13984625695749
0.599,-0.04993701351651855,-0.04029659593035631
0.5995,0.2701682322139607,-0.09327978795619347
0.6,0.3982103305061524,-0.05089323433552374
0.6005,0.4195506802215176,0.03387987290581572
0.601,0.3982103305061524,0.1292496185523226
0.6015,0.3661998059331045,0.2352160026039969
0.602,0.3448594562177392,0.3199891098453364
0.6025,0.3555296310754218,0.3941655786815084
0.603,0.3875401556484697,0.4471487707073456
0.6035,0.8356874996711408,0.2987958330350016
0.604,1.369196242555273,-0.2416327256285375
0.6045,0.9317190733902845,-0.9516074987747555
0.605,0.1101156093487211,-1.545019249464132
0.6055,0.07810508477567314,-1.778145294377815
0.606,0.3768699807907871,-1.42845622700729
0.6065,0.6222840025174878,-0.6972881770507372
0.607,0.6756348768059011,-0.09327978795619347
0.6075,0.5902734779444399,0.2564092794143318
0.608,0.4942419042252961,0.4047622170866759
0.6085,0.408880505363835,0.4153588554918433
0.609,0.4302208550792003,0.2987958330350016
0.6095,0.4408910299368829,0.1504428953626575
0.61,0.3875401556484697,0.03387987290581572
0.6105,0.2168173579255475,-0.1674562567923655
0.611,0.2488278824985954,-0.1780528951975329
0.6115,-0.3166913849585846,-0.6549016234300674
0.612,-1.074273799854052,-0.4959520473525559
0.6125,-1.810515865034154,0.1186529801471552
0.613,-2.258663209056825,0.4895353243280153
0.6135,-2.504077230783526,0.7544512844572011
0.614,-2.674800028506448,0.849821030103708
0.6145,-2.03458953704549,0.5213252395435176
0.615,-1.116954499284783,0.1292496185523226
0.6155,-0.3700422592469978,-0.1462629799820306
0.616,0.09944543449103843,-0.2628260024388724
0.6165,0.3341892813600565,-0.2416327256285375
0.617,0.4195506802215176,-0.1462629799820306
0.6175,0.4195506802215176,0.002089957690313421
0.618,0.3875401556484697,0.1610395337678249
0.6185,0.3661998059331045,0.309392471440169
0.619,0.3555296310754218,0.4471487707073456
0.6195000000000001,0.3768699807907871,0.5637117931641874
0.62,0.6436243522328531,0.5743084315693548
0.6205000000000001,1.35852606769759,0.2352160026039969
0.621,1.422547116843686,-0.4641621321370536
0.6215000000000001,0.6436243522328531,-1.036380606016095
0.622,0.4302208550792003,-0.7608680074817418
0.6225000000000001,0.5902734779444399,-0.4323722169215513
0.623,0.7716664505250448,-0.1780528951975329
0.6235000000000001,0.8143471499557753,0.02328323450064829
0.624,0.7289857510943143,0.1822328105781598
0.6245000000000001,0.5796033030867573,0.2564092794143318
0.625,0.4515612047945656,0.2352160026039969
0.6254999999999999,0.4195506802215176,0.13984625695749
0.626,0.4515612047945656,-0.008506680714854012
0.6264999999999999,0.408880505363835,-0.07208651114585861
0.627,0.3555296310754218,-0.08268314955102604
0.6274999999999999,0.3021787567870086,-0.09327978795619347
0.628,0.2701682322139607,-0.09327978795619347
0.6284999999999999,0.00341386077189465,0.1504428953626575
0.629,-0.722158029550525,0.7968378380778709
0.6294999999999999,-1.479740444445993,1.400846227172415
0.63,-2.215982509626095,1.443232780793084
0.6304999999999999,-2.536087755356574,0.5001319627331828
0.631,-2.023919362187807,-0.3581957480853793
0.6315,-1.789175515318789,-1.110557074852267
0.632,-0.8502001278427167,-0.7714646458869092
0.6325,-0.2526703358124887,-0.4217755785163839
0.633,0.1527963087794516,-0.04029659593035631
0.6335,0.3768699807907871,0.2564092794143318
0.634,0.3875401556484697,0.383568940276341
0.6345,0.3661998059331045,0.457745409112513
0.635,0.3448594562177392,0.5001319627331828
0.6355,0.3341892813600565,0.5319218779486851
0.636,0.3555296310754218,0.5319218779486851
0.6365,0.4942419042252961,0.4789386859228479
0.637,1.049090996824793,-0.008506680714854012
0.6375,1.689301488285752,-0.9092209451540858
0.638,1.337185717982225,-1.767548655972648
0.6385,0.7503261008096795,-1.714565463946811
0.639,0.6542945270905358,-1.068170521231597
0.6395,0.6969752265212663,-0.4641621321370536
0.64,0.707645401378949,-0.06148987274069118
0.6405,0.6436243522328531,0.09745970333682032
0.641,0.5369226036560266,0.1716361721729923
0.6415,0.4302208550792003,0.1822328105781598
0.642,0.3875401556484697,0.1186529801471552
0.6425,0.5049120790829789,-0.06148987274069118
0.643,0.5049120790829789,-0.1568596183871981
0.6435,0.4408910299368829,-0.2098428104130352
0.644,0.3555296310754218,-0.2416327256285375
0.6445,0.291508581929326,-0.2628260024388724
0.645,0.1314559590640864,-0.1886495336027004
0.6455,-0.4660738329661415,0.383568940276341
0.646,-1.298347471865388,1.104140351827727
0.6465,-2.03458953704549,1.623375633680931
0.647,-2.546757930214257,1.718745379327438
0.6475,-2.07727023647622,1.157123543853563
0.648,-1.159635198715513,0.4895353243280153
0.6485,-0.4340633083930936,0.02328323450064829
0.649,0.04609456020262521,-0.2098428104130352
0.6495,0.291508581929326,-0.2416327256285375
0.65,0.291508581929326,-0.252229364033705
0.6505,0.3448594562177392,-0.05089323433552374
0.651,-0.2313299860971235,-0.4111789401112165
0.6515,-0.4020527838200457,-0.3899856633008816
0.652,-0.1886492866663929,-0.008506680714854012
0.6525,-0.007256314085787988,0.2987958330350016
0.653,0.2488278824985954,0.5955017083796896
0.6535,0.5582629533713921,0.7438546460520338
0.654,1.15579274540162,0.5001319627331828
0.6545,1.15579274540162,-0.1144730647665284
0.655,0.6009436528021226,-0.6125150698093976
0.6555,0.5796033030867573,-0.3899856633008816
0.656,0.6969752265212663,-0.1674562567923655
0.6565,0.7823366253827275,0.02328323450064829
0.657,0.7503261008096795,0.2034260873884947
0.6575,0.6222840025174878,0.2881991946298341
0.658,0.4942419042252961,0.2987958330350016
0.6585,0.3982103305061524,0.2458126410091644
0.659,0.4408910299368829,0.09745970333682032
0.6595,0.4622313796522482,-0.02969995752518888
0.66,0.4195506802215176,-0.09327978795619347
0.6605,0.3555296310754218,-0.1462629799820306
0.661,0.291508581929326,-0.1886495336027004
0.6615,0.1954770082101822,-0.1674562567923655
0.662,-0.2633405106701714,0.2987958330350016
0.6625,-1.116954499284783,1.00877060618122
0.663,-1.83185621474952,1.538602526439591
0.6635,-2.418715831922065,1.188913459069066
0.664,-2.578768454787304,0.1080563417419877
0.6645,-1.714484291315011,-0.400582301706049
0.665,-0.8502001278427167,-0.4429688553267188
0.6655,-0.2099896363817582,-0.2734226408440398
0.666,0.1741366584948169,-0.06148987274069118
0.6665,0.3555296310754218,0.1186529801471552
0.667,0.3982103305061524,0.2564092794143318
0.6675,0.3875401556484697,0.3623756634660061
0.668,0.3555296310754218,0.4259554938970107
0.6685,0.3341892813600565,0.4683420475176805
0.669,0.3341892813600565,0.4895353243280153
0.6695,0.3768699807907871,0.4895353243280153
0.67,0.5902734779444399,0.2881991946298341
0.6705,0.9957401225363802,-0.1144730647665284
0.671,0.5369226036560266,-0.7396747306714069
0.6715,-0.572775581542968,-1.492036057438295
0.672,-1.244996597576974,-1.862918401619155
0.6725,-0.5514352318276028,-1.152943628472937
0.673,0.04609456020262521,-0.6972881770507372
0.6735,0.4302208550792003,-0.4535654937318862
0.674,0.6009436528021226,-0.2204394488182027
0.6745,0.5369226036560266,-0.1674562567923655
0.675,0.4408910299368829,-0.1568596183871981
0.6755,0.4195506802215176,-0.1992461720078678
0.676,0.4622313796522482,-0.2628260024388724
0.6765,0.4195506802215176,-0.2628260024388724
0.677,0.3661998059331045,-0.2204394488182027
0.6775,0.3128489316446912,-0.1674562567923655
0.678,0.2701682322139607,-0.1038764263613609
0.6785,-0.02859666380115328,0.2034260873884947
0.679,-0.9462317015618604,0.8604176685088755
0.6795,-1.959898313041711,1.475022696008586
0.68,-2.749491252510227,1.517409249629256
0.6805,-3.090936847956071,0.4895353243280153
0.681,-2.205312334768412,-0.2310360872233701
0.6815,-1.180975548430879,-0.3793890248957141
0.6820000000000001,-0.3807124341046804,-0.2416327256285375
0.6825,0.1101156093487211,-0.01910331912002144
0.6830000000000001,0.3448594562177392,0.2034260873884947
0.6835,0.4195506802215176,0.383568940276341
0.6840000000000001,0.4195506802215176,0.5213252395435176
0.6845,0.3768699807907871,0.627291623595192
0.6850000000000001,0.3555296310754218,0.6908714540261965
0.6855,0.3448594562177392,0.7226613692416989
0.6860000000000001,0.3555296310754218,0.7332580076468663
0.6865,0.5155822539406614,0.6590815388106942
0.6870000000000001,1.15579274540162,0.1610395337678249
0.6875,1.443887466559051,-0.6125150698093976
0.6879999999999999,0.7503261008096795,-1.301296566145281
0.6885,0.1848068333524996,-1.703968825541643
0.6889999999999999,0.2701682322139607,-1.38606967338662
0.6895,0.5155822539406614,-0.7820612842920766
0.6899999999999999,0.6436243522328531,-0.2734226408440398
0.6905,0.5049120790829789,-0.09327978795619347
0.6909999999999999,0.5582629533713921,0.07626642652648545
0.6915,-0.2953510352432193,-0.7290780922662394
0.6919999999999999,-0.1993194615240755,-0.7078848154559045
0.6925,0.1741366584948169,-0.7502713690765743
0.6929999999999999,0.3661998059331045,-0.7078848154559045
0.6935,0.4622313796522482,-0.5595318777835605
0.694,0.408880505363835,-0.5171453241628908
0.6945,0.3128489316446912,-0.5065486857577234
0.695,0.05676473506030786,-0.2416327256285375
0.6955,-0.7648387289812555,0.5107286011383502
0.696,-1.575772018165136,1.284283204715573
0.6965,-2.162631635337682,1.782325209758442
0.697,-2.674800028506448,1.517409249629256
0.6975,-2.333354433060604,0.6166949851900245
0.698,-1.437059745015262,0.07626642652648545
0.6985,-0.6047861061160158,-0.1250697031716958
0.699,-0.03926683865883591,-0.1144730647665284
0.6995,0.2701682322139607,0.02328323450064829
0.7,0.3982103305061524,0.1928294489833272
0.7005,0.4195506802215176,0.3623756634660061
0.701,0.3875401556484697,0.5107286011383502
0.7015,0.3555296310754218,0.6378882620003594
0.702,0.3448594562177392,0.7226613692416989
0.7025,0.3555296310754218,0.7862411996727035
0.703,0.3982103305061524,0.7968378380778709
0.7035,0.7503261008096795,0.6378882620003594
0.704,1.113112045970889,0.1186529801471552
0.7045,0.5475927785137094,-0.6125150698093976
0.705,-0.07127736323188383,-1.258910012524611
0.7055,0.08877525963335578,-1.396666311791788
0.706,0.4515612047945656,-0.8880276683437509
0.7065,0.6969752265212663,-0.3370024712750445
0.707,0.7289857510943143,0.01268659609548085
0.7075,0.6222840025174878,0.1822328105781598
0.708,0.4942419042252961,0.2140227257936621
0.7085,0.3982103305061524,0.1504428953626575
0.709,0.4622313796522482,0.1186529801471552
0.7095,0.3555296310754218,-0.1144730647665284
0.71,0.4195506802215176,-0.1568596183871981
0.7105,-0.1886492866663929,-0.8456411147230812
0.711,-0.391382608962363,-1.089363798041932
0.7115,-0.274010685527854,-0.9092209451540858
0.712,-0.6261264558313813,-0.4323722169215513
0.7125,-1.426389570157579,0.3623756634660061
0.713,-2.162631635337682,0.8816109453192104
0.7135,-2.738821077652544,0.4789386859228479
0.714,-2.994905274236928,-0.6549016234300674
0.7145,-2.226652684483777,-1.046977244421262
0.715,-1.223656247861609,-0.8350444763179138
0.7155,-0.4020527838200457,-0.4323722169215513
0.716,0.1101156093487211,-0.06148987274069118
0.7165,0.3555296310754218,0.2140227257936621
0.717,0.4302208550792003,0.3941655786815084
0.7175,0.4302208550792003,0.5001319627331828
0.718,0.3875401556484697,0.55311515475902
0.7185,0.3661998059331045,0.5849050699745222
0.719,0.3555296310754218,0.5955017083796896
0.7195,0.3875401556484697,0.5743084315693548
0.72,0.7716664505250448,0.1716361721729923
0.7205,1.486568165989782,-0.718481453861072
0.721,1.315845368266859,-1.555615887869299
0.7215,0.3555296310754218,-2.000674700886331
0.722,0.1314559590640864,-1.523825972653797
0.7225,0.3448594562177392,-1.05757388282643
0.723,0.5689331282290746,-0.6549016234300674
0.7235,0.6649647019482183,-0.3687923864905467
0.724,0.6329541773751706,-0.2310360872233701
0.7245,0.5369226036560266,-0.1886495336027004
0.725,0.4408910299368829,-0.1992461720078678
0.7255,0.4622313796522482,-0.326405832869877
0.726,0.5689331282290746,-0.4853554089473885
0.7265,0.5262524287983441,-0.4323722169215513
0.727,0.4408910299368829,-0.3052125560595421
0.7275,0.3555296310754218,-0.1886495336027004
0.728,0.291508581929326,-0.09327978795619347
0.7285,-0.07127736323188383,0.13984625695749
0.729,-0.7328282044082075,0.8604176685088755
0.7295,-1.87453691418025,1.040560521396722
0.73,-2.525417580498891,0.7332580076468663
0.7305,-2.664129853648766,-0.2310360872233701
0.731,-2.269333383914508,-0.9410108603695881
0.7315,-1.341028171296118,-0.8244478379127463
0.732,-0.5087545323968721,-0.4323722169215513
0.7325,-0.007256314085787988,-0.09327978795619347
0.733,0.2594980573562781,0.1822328105781598
0.7335,0.3768699807907871,0.383568940276341
0.734,0.3875401556484697,0.5001319627331828
0.7345,0.3768699807907871,0.5743084315693548
0.735,0.3555296310754218,0.6166949851900245
0.7355,0.3555296310754218,0.627291623595192
0.736,0.3661998059331045,0.6166949851900245
0.7365,0.5475927785137094,0.5107286011383502
0.737,1.145122570543937,0.05507314971615059
0.7375,1.145122570543937,-0.5277419625680583
0.738,0.1954770082101822,-1.078767159636765
0.7385,-0.690147504977477,-1.51322933424863
0.739,-0.5834457564006506,-1.205926820498774
0.7395,-0.09261771294724913,-0.6125150698093976
0.74,0.2808384070716433,-0.1780528951975329
0.7405,0.4835717293676135,0.03387987290581572
0.741,0.5049120790829789,0.09745970333682032
0.7415,0.4729015545099309,0.06566978812131802
0.742,0.4408910299368829,-0.05089323433552374
0.7425,0.5902734779444399,-0.326405832869877
0.743,0.6009436528021226,-0.4111789401112165
0.7435,0.5049120790829789,-0.3793890248957141
0.744,0.408880505363835,-0.3158091944647096
0.7445000000000001,0.3235191065023739,-0.2734226408440398
0.745,0.02475421048725994,-0.1780528951975329
0.7455000000000001,-0.658136980404429,0.02328323450064829
0.746,-1.234326422719292,0.1504428953626575
0.7465000000000001,-1.575772018165136,0.07626642652648545
0.747,-1.917217613610981,0.2564092794143318
0.7475000000000001,-1.629122892453549,0.4153588554918433
0.748,-1.052933450138687,0.1716361721729923
0.7485000000000001,-0.6047861061160158,-0.1568596183871981
0.749,-0.754168554123573,-0.8350444763179138
0.7495000000000001,-0.274010685527854,-0.6019184314042303
0.75,-0.007256314085787988,-0.3899856633008816
0.7504999999999999,0.1954770082101822,-0.1038764263613609
0.751,0.3448594562177392,0.1610395337678249
0.7514999999999999,0.3341892813600565,0.2881991946298341
0.752,0.3341892813600565,0.383568940276341
0.7524999999999999,0.3235191065023739,0.4683420475176805
0.753,0.3448594562177392,0.5425185163538525
0.7534999999999999,0.7609962756673623,0.457745409112513
0.754,1.454557641416734,0.03387987290581572
0.7544999999999999,1.294505018551494,-0.6443049850249
0.755,0.5902734779444399,-1.258910012524611
0.7554999999999999,0.3661998059331045,-1.163540266878104
0.756,0.4729015545099309,-0.5913217929990628
0.7565,0.5796033030867573,-0.01910331912002144
0.757,0.5902734779444399,0.3729723018711736
0.7575,0.5369226036560266,0.5425185163538525
0.758,0.4515612047945656,0.5425185163538525
0.7585,0.3875401556484697,0.4365521323021782
0.759,0.4942419042252961,0.1822328105781598
0.7595,0.5369226036560266,-0.01910331912002144
0.76,0.4835717293676135,-0.09327978795619347
0.7605,0.408880505363835,-0.1568596183871981
0.761,0.3341892813600565,-0.2204394488182027
0.7615,0.2061471830678648,-0.2310360872233701
0.762,-0.3273615598162672,0.2140227257936621
0.7625,-1.06360362499637,0.9345941373450475
0.763,-1.661133417026597,1.506812611224089
0.7635,-2.247993034199143,1.729342017732605
0.764,-2.183971985053047,1.220703374284568
0.7645,-1.351698346153801,0.5319218779486851
0.765,-0.6047861061160158,0.03387987290581572
0.7655,-0.06060718837420119,-0.2310360872233701
0.766,0.2381577076409128,-0.2946159176543747
0.7665,0.3661998059331045,-0.2310360872233701
0.767,0.3982103305061524,-0.1038764263613609
0.7675,0.2381577076409128,-0.09327978795619347
0.768,0.3341892813600565,0.1822328105781598
0.7685,-0.4020527838200457,-0.3899856633008816
0.769,-0.3593720843893152,-0.2310360872233701
0.7695,-0.1459685872356623,0.09745970333682032
0.77,0.08877525963335578,0.309392471440169
0.7705,0.5796033030867573,0.2246193641988295
0.771,0.5796033030867573,-0.3581957480853793
0.7715,-0.124628237520297,-1.248313374119443
0.772,-0.3380317346739499,-1.905304955239825
0.7725,0.05676473506030786,-1.735758740757146
0.773,0.4622313796522482,-0.9410108603695881
0.7735,0.6649647019482183,-0.1462629799820306
0.774,0.6756348768059011,0.4153588554918433
0.7745,0.5902734779444399,0.6590815388106942
0.775,0.4835717293676135,0.6590815388106942
0.7755,0.5049120790829789,0.4683420475176805
0.776,0.6863050516635838,0.1292496185523226
0.7765,0.6542945270905358,-0.06148987274069118
0.777,0.5262524287983441,-0.1886495336027004
0.7775,0.408880505363835,-0.2840192792492073
0.778,0.2808384070716433,-0.3793890248957141
0.7785,-0.1993194615240755,-0.3052125560595421
0.779,-0.9782422261349084,0.02328323450064829
0.7795,-1.661133417026597,0.2987958330350016
0.78,-2.162631635337682,0.3411823866556712
0.7805,-2.376035132491334,-0.08268314955102604
0.781,-1.682473766741963,-0.4853554089473885
0.7815,-0.8715404775580819,-0.6231117082145651
0.782,-0.2313299860971235,-0.6125150698093976
0.7825,0.1634664836371343,-0.5065486857577234
0.783,0.3448594562177392,-0.3687923864905467
0.7835,0.3982103305061524,-0.2098428104130352
0.784,0.3982103305061524,-0.05089323433552374
0.7845,0.3555296310754218,0.09745970333682032
0.785,0.3341892813600565,0.2564092794143318
0.7855,0.3235191065023739,0.383568940276341
0.786,0.3341892813600565,0.5001319627331828
0.7865,0.3768699807907871,0.5955017083796896
0.787,0.6116138276598051,0.4259554938970107
0.7875,0.79300680024041,-0.02969995752518888
0.788,0.2594980573562781,-0.326405832869877
0.7885,-0.1779791118087102,-0.3581957480853793
0.789,-0.5621054066852853,-0.6231117082145651
0.7895,0.00341386077189465,-0.1674562567923655
0.79,0.3661998059331045,0.1080563417419877
0.7905,0.5369226036560266,0.3623756634660061
0.791,0.5796033030867573,0.5001319627331828
0.7915,0.4729015545099309,0.4365521323021782
0.792,0.3982103305061524,0.309392471440169
0.7925,0.408880505363835,0.1292496185523226
0.793,0.3768699807907871,0.02328323450064829
0.7935,0.3448594562177392,-0.01910331912002144
0.794,0.3128489316446912,-0.06148987274069118
0.7945,0.291508581929326,-0.09327978795619347
0.795,0.03542438534494258,0.1080563417419877
0.7955,-0.7434983792658902,0.7438546460520338
0.796,-1.650463242168915,1.369056311956912
0.7965,-2.07727023647622,1.686955464111935
0.797,-2.450726356495113,1.25249328950007
0.7975,-2.247993034199143,0.2987958330350016
0.798,-1.437059745015262,-0.2310360872233701
0.7985,-0.6367966306890638,-0.400582301706049
0.799,-0.06060718837420119,-0.3581957480853793
0.7995,0.2488278824985954,-0.2204394488182027
0.8,0.3875401556484697,-0.06148987274069118
0.8005,0.408880505363835,0.09745970333682032
0.801,0.3982103305061524,0.2458126410091644
0.8015,0.3661998059331045,0.3623756634660061
0.802,0.3555296310754218,0.457745409112513
0.8025,0.3555296310754218,0.5425185163538525
0.803,0.4302208550792003,0.55311515475902
0.8035,0.8997085488172365,0.08686306493165288
0.804,1.433217291701369,-0.6337083466197325
0.8045,1.059761171682476,-1.152943628472937
0.805,0.5796033030867573,-1.0999604364471
0.8055,0.6863050516635838,-0.3687923864905467
0.806,0.8463576745288233,-0.06148987274069118
0.8065,0.8997085488172365,0.03387987290581572
0.8070000000000001,0.8143471499557753,0.07626642652648545
0.8075,0.5582629533713921,-0.04029659593035631
0.8080000000000001,0.4195506802215176,-0.07208651114585861
0.8085,-0.4127229586777283,-0.8668343915334161
0.8090000000000001,0.01408403562957729,-0.8350444763179138
0.8095,0.3021787567870086,-0.8138511995075789
0.8100000000000001,0.3982103305061524,-0.6231117082145651
0.8105,0.4515612047945656,-0.3899856633008816
0.8110000000000001,0.3768699807907871,-0.2946159176543747
0.8115,0.2594980573562781,-0.2098428104130352
0.8120000000000001,-0.2633405106701714,0.08686306493165288
0.8125,-0.9462317015618604,0.4895353243280153
0.8129999999999999,-1.234326422719292,0.6378882620003594
0.8135,-1.703814116457328,0.4471487707073456
0.8139999999999999,-1.821186039891837,-0.1144730647665284
0.8145,-1.277007122150022,-0.3052125560595421
0.8149999999999999,-0.6154562809736985,-0.2310360872233701
0.8155,-0.1032878878049318,-0.06148987274069118
0.8159999999999999,0.1954770082101822,0.1080563417419877
0.8165,0.3448594562177392,0.2458126410091644
0.8169999999999999,0.3875401556484697,0.3411823866556712
0.8175,0.3768699807907871,0.4153588554918433
0.8179999999999999,0.3555296310754218,0.457745409112513
0.8185,0.3448594562177392,0.4789386859228479
0.819,0.3448594562177392,0.4895353243280153
0.8195,0.3555296310754218,0.4789386859228479
0.82,0.6222840025174878,0.3411823866556712
0.8205,1.35852606769759,-0.1992461720078678
0.821,1.860024286008674,-1.01518732920576
0.8215,1.625280439139656,-1.714565463946811
0.822,1.454557641416734,-2.085447808127671
0.8225,1.315845368266859,-1.735758740757146
0.823,1.134452395686255,-1.131750351662602
0.8235,0.9210488985326017,-0.570128516188728
0.824,0.6969752265212663,-0.1886495336027004
0.8245,0.4942419042252961,0.002089957690313421
0.825,0.3661998059331045,0.05507314971615059
0.8255,0.3661998059331045,-0.05089323433552374
0.826,0.3341892813600565,-0.3475991096802118
0.8265,0.3661998059331045,-0.3687923864905467
0.827,0.3128489316446912,-0.3793890248957141
0.8275,-0.156638762093345,-0.792657922697244
0.828,-0.4447334832507763,-0.9198175835592532
0.8285,-0.6688071552621118,-0.1674562567923655
0.829,-1.341028171296118,0.8286277532933731
0.8295,-1.853196564464885,1.612778995275763
0.83,-2.322684258202921,1.79292184816361
0.8305,-2.738821077652544,0.9875773293708847
0.831,-2.258663209056825,0.1080563417419877
0.8315,-1.341028171296118,-0.2416327256285375
0.832,-0.5300948821122373,-0.2628260024388724
0.8325,0.01408403562957729,-0.1250697031716958
0.833,0.291508581929326,0.06566978812131802
0.8335,0.408880505363835,0.2458126410091644
0.834,0.408880505363835,0.3941655786815084
0.8345,0.3768699807907871,0.5107286011383502
0.835,0.3555296310754218,0.5955017083796896
0.8355,0.3448594562177392,0.6590815388106942
0.836,0.3555296310754218,0.701468092431364
0.8365,0.4835717293676135,0.6484849004055269
0.837,1.038420821967111,0.1716361721729923
0.8375,1.635950613997339,-0.6549016234300674
0.838,1.187803269974668,-1.42845622700729
0.8385,0.7183155762366316,-1.417859588602123
0.839,0.7503261008096795,-0.7820612842920766
0.8395,0.8356874996711408,-0.2840192792492073
0.84,0.8356874996711408,0.07626642652648545
0.8405,0.7183155762366316,0.2881991946298341
0.841,0.5689331282290746,0.2564092794143318
0.8415,0.4408910299368829,0.13984625695749
0.842,0.3768699807907871,-0.02969995752518888
0.8425,0.3982103305061524,-0.2204394488182027
0.843,0.3768699807907871,-0.3370024712750445
0.8435,0.3448594562177392,-0.3899856633008816
0.844,0.3021787567870086,-0.4217755785163839
0.8445,0.2701682322139607,-0.4429688553267188
0.845,-0.007256314085787988,-0.2310360872233701
0.8455,-0.7008176798351597,0.3941655786815084
0.846,-1.501080794161358,0.8710143069140429
0.8465,-2.03458953704549,1.199510097474233
0.847,-3.112277197671437,0.08686306493165288
0.8475,-2.493407055925843,-0.3687923864905467
0.848,-1.554431668449771,-0.5065486857577234
0.8485,-0.6688071552621118,-0.3687923864905467
0.849,-0.01792648894347063,-0.08268314955102604
0.8495,0.2701682322139607,0.09745970333682032
0.85,0.3661998059331045,0.2564092794143318
0.8505,0.3768699807907871,0.3941655786815084
0.851,0.3555296310754218,0.5107286011383502
0.8515,0.3341892813600565,0.5955017083796896
0.852,0.3235191065023739,0.6590815388106942
0.8525,0.3448594562177392,0.701468092431364
0.853,0.4195506802215176,0.701468092431364
0.8535,0.9317190733902845,0.3199891098453364
0.854,1.507908515705147,-0.5489352393783931
0.8545,1.070431346540159,-1.449649503817625
0.855,0.1207857842064037,-2.106641084938006
0.8555,0.03542438534494258,-2.21260746898968
0.856,0.3128489316446912,-1.534422611058964
0.8565,0.5582629533713921,-0.718481453861072
0.857,0.6222840025174878,-0.1462629799820306
0.8575,0.5796033030867573,0.13984625695749
0.858,0.4942419042252961,0.2140227257936621
0.8585,0.408880505363835,0.13984625695749
0.859,0.4729015545099309,-0.1250697031716958
0.8595,0.4942419042252961,-0.3475991096802118
0.86,0.4302208550792003,-0.4535654937318862
0.8605,0.3555296310754218,-0.4959520473525559
0.861,0.291508581929326,-0.5277419625680583
0.8615,0.2168173579255475,-0.5065486857577234
0.862,-0.2420001609548061,-0.05089323433552374
0.8625,-1.042263275281004,0.7226613692416989
0.863,-1.789175515318789,1.316073119931075
0.8635,-2.3973754822067,0.9663840525605498
0.864,-2.344024607918286,0.06566978812131802
0.8645,-1.479740444445993,-0.3158091944647096
0.865,-0.7861790786966207,-0.4111789401112165
0.8655,-0.1352984123779797,-0.1462629799820306
0.866,-0.08194753808956648,-0.1992461720078678
0.8665,-0.4020527838200457,-0.4641621321370536
0.867,-0.1032878878049318,-0.05089323433552374
0.8675,0.0674349099179905,0.2458126410091644
0.868,0.2274875327832301,0.5213252395435176
0.8685,0.3235191065023739,0.6696781772158616
0.869,0.3235191065023739,0.701468092431364
0.8695000000000001,0.3448594562177392,0.701468092431364
0.87,0.6756348768059011,0.5849050699745222
0.8705000000000001,1.411876941986003,0.1292496185523226
0.871,1.433217291701369,-0.718481453861072
0.8715000000000001,0.6116138276598051,-1.481439419033127
0.872,0.408880505363835,-1.078767159636765
0.8725000000000001,0.6009436528021226,-0.5277419625680583
0.873,0.7716664505250448,-0.2628260024388724
0.8735000000000001,0.8036769750980928,-0.1356663415768632
0.874,0.707645401378949,-0.1038764263613609
0.8745000000000001,0.5689331282290746,-0.1568596183871981
0.875,0.4408910299368829,-0.2416327256285375
0.8754999999999999,0.3875401556484697,-0.3052125560595421
0.876,0.3768699807907871,-0.2734226408440398
0.8764999999999999,0.3341892813600565,-0.2628260024388724
0.877,0.3021787567870086,-0.2310360872233701
0.8774999999999999,0.2701682322139607,-0.2098428104130352
0.878,0.2274875327832301,-0.1568596183871981
0.8784999999999999,-0.1886492866663929,0.13984625695749
0.879,-0.9995825758502737,0.6696781772158616
0.8794999999999999,-1.693143941599645,1.093543713422559
0.88,-2.269333383914508,1.284283204715573
0.8804999999999999,-2.301343908487556,1.358459673551745
0.881,-1.479740444445993,1.061753798207057
0.8815,-0.7008176798351597,0.6908714540261965
0.882,-0.1352984123779797,0.4259554938970107
0.8825,0.1954770082101822,0.3199891098453364
0.883,0.3448594562177392,0.309392471440169
0.8835,0.3875401556484697,0.3623756634660061
0.884,0.3661998059331045,0.4365521323021782
0.8845,0.3341892813600565,0.5107286011383502
0.885,0.1954770082101822,0.457745409112513
0.8855,0.2808384070716433,0.5849050699745222
0.886,0.04609456020262521,0.3517790250608387
0.8865,-0.3487019095316325,-0.1780528951975329
0.887,0.5796033030867573,-0.1356663415768632
0.8875,1.326515543124542,-0.5065486857577234
0.888,0.942389248247967,-1.163540266878104
0.8885,0.5155822539406614,-1.460246142222792
0.889,0.4729015545099309,-1.142346990067769
0.8895,0.5689331282290746,-0.6337083466197325
0.89,0.6222840025174878,-0.2310360872233701
0.8905,0.5796033030867573,-0.008506680714854012
0.891,0.4942419042252961,0.08686306493165288
0.8915,0.408880505363835,0.07626642652648545
0.892,0.3875401556484697,0.002089957690313421
0.8925,0.5475927785137094,-0.1780528951975329
0.893,0.5369226036560266,-0.2734226408440398
0.8935,0.4515612047945656,-0.326405832869877
0.894,0.3555296310754218,-0.3475991096802118
0.8945,0.2808384070716433,-0.3687923864905467
0.895,0.0674349099179905,-0.2734226408440398
0.8955,-0.7114878546928423,0.1610395337678249
0.896,-1.639793067311232,0.701468092431364
0.8965,-2.258663209056825,1.00877060618122
0.897,-2.717480727937179,0.7862411996727035
0.8975,-2.215982509626095,0.2564092794143318
0.898,-1.287677297007705,-0.05089323433552374
0.8985,-0.5087545323968721,-0.1674562567923655
0.899,0.00341386077189465,-0.1462629799820306
0.8995,0.2808384070716433,-0.04029659593035631
0.9,0.3768699807907871,0.08686306493165288
0.9005,0.3875401556484697,0.2140227257936621
0.901,0.3661998059331045,0.3411823866556712
0.9015,0.3341892813600565,0.4471487707073456
0.902,0.3128489316446912,0.5319218779486851
0.9025,0.3341892813600565,0.5849050699745222
0.903,0.4195506802215176,0.6166949851900245
0.9035,0.857027849386506,0.3623756634660061
0.904,1.273164668836129,-0.2734226408440398
0.9045,0.6649647019482183,-0.9410108603695881
0.905,-0.1352984123779797,-1.195330182093607
0.9055,0.01408403562957729,-0.7820612842920766
0.906,-0.2526703358124887,-1.01518732920576
0.9065,-0.06060718837420119,-0.7608680074817418
0.907,0.2168173579255475,-0.3687923864905467
0.9075,0.3448594562177392,-0.1250697031716958
0.908,0.4408910299368829,0.03387987290581572
0.9085,0.3982103305061524,-0.008506680714854012
0.909,0.5049120790829789,-0.1886495336027004
0.9095,0.5369226036560266,-0.3052125560595421
0.91,0.4622313796522482,-0.326405832869877
0.9105,0.3768699807907871,-0.3052125560595421
0.911,0.3021787567870086,-0.2734226408440398
0.9115,0.2168173579255475,-0.1992461720078678
0.912,-0.2953510352432193,0.2140227257936621
0.9125,-1.298347471865388,0.92399749893988
0.913,-2.151961460479999,1.475022696008586
0.9135,-2.824182476514005,0.9981739677760521
0.914,-2.877533350802418,-0.1250697031716958
0.9145,-1.895877263895616,-0.5489352393783931
0.915,-0.9462317015618604,-0.4641621321370536
0.9155,-0.2420001609548061,-0.1992461720078678
0.916,0.1741366584948169,0.07626642652648545
0.9165,0.3555296310754218,0.2987958330350016
0.917,0.408880505363835,0.457745409112513
0.9175,0.3875401556484697,0.55311515475902
0.918,0.3555296310754218,0.6060983467848571
0.9185,0.3341892813600565,0.627291623595192
0.919,0.3341892813600565,0.627291623595192
0.9195,0.3661998059331045,0.5955017083796896
0.92,0.6542945270905358,0.4259554938970107
0.9205,1.369196242555273,-0.02969995752518888
0.921,1.710641838001117,-0.7502713690765743
0.9215,1.027750647109428,-1.439052865412457
0.922,0.6116138276598051,-1.650985633515806
0.9225,0.5902734779444399,-1.05757388282643
0.923,0.6649647019482183,-0.5065486857577234
0.9235,0.6222840025174878,-0.1780528951975329
0.924,0.5049120790829789,-0.04029659593035631
0.9245,0.4302208550792003,-0.01910331912002144
0.925,-0.2633405106701714,-0.7078848154559045
0.9255,-0.1352984123779797,-0.8774310299385835
0.926,0.2274875327832301,-0.9410108603695881
0.9265,0.3661998059331045,-0.8032545611024114
0.927,0.4302208550792003,-0.570128516188728
0.9275,0.3555296310754218,-0.4429688553267188
0.928,0.2808384070716433,-0.3581957480853793
0.9285,-0.07127736323188383,-0.1780528951975329
0.929,-1.042263275281004,0.2670059178194992
0.9295,-2.055929886760855,0.701468092431364
0.93,-2.770831602225592,0.8392243916985406
0.9305,-3.272329820536676,0.4153588554918433
0.931,-2.514747405641209,-0.05089323433552374
0.9315,-1.447729919872945,-0.1568596183871981
0.9320000000000001,-0.5621054066852853,-0.07208651114585861
0.9325,0.01408403562957729,0.07626642652648545
0.9330000000000001,0.3021787567870086,0.2352160026039969
0.9335,0.408880505363835,0.3623756634660061
0.9340000000000001,0.408880505363835,0.4683420475176805
0.9345,0.3768699807907871,0.5319218779486851
0.9350000000000001,0.3448594562177392,0.5743084315693548
0.9355,0.3341892813600565,0.5955017083796896
0.9360000000000001,0.3448594562177392,0.5955017083796896
0.9365,0.4195506802215176,0.55311515475902
0.9370000000000001,0.8676980242441885,0.2564092794143318
0.9375,0.974399772821015,-0.400582301706049
0.9379999999999999,0.1848068333524996,-1.152943628472937
0.9385,-0.1459685872356623,-1.152943628472937
0.9389999999999999,0.1527963087794516,-0.8774310299385835
0.9395,0.4942419042252961,-0.6019184314042303
0.9399999999999999,0.6649647019482183,-0.400582301706049
0.9405,0.6436243522328531,-0.2310360872233701
0.9409999999999999,0.5475927785137094,-0.1886495336027004
0.9415,0.4408910299368829,-0.2098428104130352
0.9419999999999999,0.3875401556484697,-0.2628260024388724
0.9425,0.4302208550792003,-0.3475991096802118
0.9429999999999999,0.3021787567870086,-0.474758770542221
0.9435,0.3128489316446912,-0.3687923864905467
0.944,-0.156638762093345,-0.7290780922662394
0.9445,-0.4874141826815069,-0.9410108603695881
0.945,-0.4340633083930936,-0.4111789401112165
0.9455,-1.052933450138687,0.5001319627331828
0.946,-1.927887788468663,1.443232780793084
0.9465,-2.664129853648766,1.824711763379112
0.947,-3.293670170252041,0.7650479228623686
0.9475,-3.080266673098389,-0.474758770542221
0.948,-1.991908837614759,-0.7608680074817418
0.9485,-0.9462317015618604,-0.5171453241628908
0.949,-0.2099896363817582,-0.1250697031716958
0.9495,0.2168173579255475,0.2458126410091644
0.95,0.3982103305061524,0.5107286011383502
0.9505,0.4408910299368829,0.6908714540261965
0.951,0.408880505363835,0.7862411996727035
0.9515,0.3661998059331045,0.8286277532933731
0.952,0.3448594562177392,0.8286277532933731
0.9525,0.3448594562177392,0.8074344764830383
0.953,0.3875401556484697,0.7650479228623686
0.9535,0.7289857510943143,0.55311515475902
0.954,1.283834843693812,0.002089957690313421
0.9545,0.857027849386506,-0.8138511995075789
0.955,0.1527963087794516,-1.131750351662602
0.9555,0.2061471830678648,-0.8456411147230812
0.956,0.4622313796522482,-0.6231117082145651
0.9565,0.6329541773751706,-0.474758770542221
0.957,0.6542945270905358,-0.400582301706049
0.9575,0.5796033030867573,-0.4217755785163839
0.958,0.4729015545099309,-0.4429688553267188
0.9585,0.3875401556484697,-0.4535654937318862
0.959,0.4408910299368829,-0.4853554089473885
0.9595,0.4515612047945656,-0.4959520473525559
0.96,0.408880505363835,-0.474758770542221
0.9605,0.3448594562177392,-0.4217755785163839
0.961,0.291508581929326,-0.3687923864905467
0.9615,0.2168173579255475,-0.2628260024388724
0.962,-0.2420001609548061,0.1080563417419877
0.9625,-1.138294849000148,0.5001319627331828
0.963,-1.746494815888059,0.9875773293708847
0.9635,-2.984235099379245,0.07626642652648545
0.964,-2.920214050233149,-0.474758770542221
0.9645,-2.141291285622316,-0.6654982618352349
0.965,-1.159635198715513,-0.4323722169215513
0.9655,-0.3166913849585846,-0.02969995752518888
0.966,0.1314559590640864,0.2352160026039969
0.9665,0.3235191065023739,0.4259554938970107
0.967,0.3875401556484697,0.55311515475902
0.9675,0.3768699807907871,0.6378882620003594
0.968,0.3555296310754218,0.6802748156210291
0.9685,0.3341892813600565,0.6908714540261965
0.969,0.3448594562177392,0.6802748156210291
0.9695,0.3768699807907871,0.627291623595192
0.97,0.5689331282290746,0.4895353243280153
0.9705,1.134452395686255,0.1610395337678249
0.971,1.049090996824793,-0.4959520473525559
0.9715,0.3448594562177392,-1.195330182093607
0.972,0.2808384070716433,-0.9939940523954253
0.9725,0.5369226036560266,-0.6231117082145651
0.973,0.7289857510943143,-0.3370024712750445
0.9735,0.7396559259519968,-0.1780528951975329
0.974,0.6542945270905358,-0.1144730647665284
0.9745,0.5475927785137094,-0.1462629799820306
0.975,0.4408910299368829,-0.2204394488182027
0.9755,0.4408910299368829,-0.3475991096802118
0.976,0.4729015545099309,-0.474758770542221
0.9765,0.4302208550792003,-0.4853554089473885
0.977,0.3661998059331045,-0.4323722169215513
0.9775,0.3128489316446912,-0.3687923864905467
0.978,0.2594980573562781,-0.2840192792492073
0.9785,-0.01792648894347063,0.1080563417419877
0.979,-0.690147504977477,0.8392243916985406
0.9795,-1.373038695869166,1.464426057603419
0.98,-1.810515865034154,1.316073119931075
0.9805,-2.07727023647622,0.3305857482505039
0.981,-1.51175096901904,-0.2310360872233701
0.9815,-0.7968492535543035,-0.2734226408440398
0.982,-0.3593720843893152,-0.2204394488182027
0.9825,0.07810508477567314,0.1080563417419877
0.983,-0.5300948821122373,-0.4535654937318862
0.9835,-0.2526703358124887,-0.06148987274069118
0.984,-0.06060718837420119,0.2670059178194992
0.9845,0.09944543449103843,0.5319218779486851
0.985,0.2808384070716433,0.7650479228623686
0.9855,0.3128489316446912,0.8286277532933731
0.986,0.3235191065023739,0.8180311148882058
0.9865,0.4729015545099309,0.7438546460520338
0.987,1.134452395686255,0.3941655786815084
0.9875,1.219813794547716,-0.3687923864905467
0.988,0.1207857842064037,-1.280103289334946
0.9885,-0.5300948821122373,-1.460246142222792
0.989,-0.3380317346739499,-0.9939940523954253
0.9895,0.00341386077189465,-0.4853554089473885
0.99,0.2701682322139607,-0.1780528951975329
0.9905,0.408880505363835,-0.05089323433552374
0.991,0.4408910299368829,-0.02969995752518888
0.9915,0.4195506802215176,-0.07208651114585861
0.992,0.408880505363835,-0.1674562567923655
0.9925,0.4729015545099309,-0.3793890248957141
0.993,0.4515612047945656,-0.4959520473525559
0.9935,0.3875401556484697,-0.5383386009732256
0.994,0.3341892813600565,-0.570128516188728
0.9945000000000001,0.291508581929326,-0.5807251545938954
0.995,0.1101156093487211,-0.5171453241628908
0.9955000000000001,-0.5941159312583333,-0.1674562567923655
0.996,-1.447729919872945,0.3305857482505039
0.9965000000000001,-2.119950935906951,0.701468092431364
0.997,-2.621449154218035,0.4895353243280153
0.9975000000000001,-2.045259711903173,0.02328323450064829
0.998,-1.127624674142465,-0.1674562567923655
0.9985000000000001,-0.4020527838200457,-0.1674562567923655
0.999,0.05676473506030786,-0.05089323433552374
0.9995000000000001,0.3021787567870086,0.09745970333682032
1,0.3875401556484697,0.2564092794143318
1.0005,0.3982103305061524,0.4047622170866759
1.001,0.3661998059331045,0.5213252395435176
1.0015,0.3341892813600565,0.6166949851900245
1.002,0.1741366584948169,0.5425185163538525
1.0025,0.2381577076409128,0.6484849004055269
1.003,-0.4554036581084589,-0.1038764263613609
1.0035,0.3448594562177392,-0.08268314955102604
1.004,0.9957401225363802,-0.5277419625680583
1.0045,0.5262524287983441,-1.269506650929778
1.005,-0.3273615598162672,-1.926498232050159
1.0055,-0.4127229586777283,-1.937094870455327
1.006,-0.04993701351651855,-1.258910012524611
1.0065,0.291508581929326,-0.5489352393783931
1.007,0.4302208550792003,-0.05089323433552374
1.0075,0.4622313796522482,0.2034260873884947
1.008,0.4302208550792003,0.2776025562246667
1.0085,0.3982103305061524,0.2246193641988295
1.009,0.5369226036560266,0.02328323450064829
1.0095,0.5796033030867573,-0.1568596183871981
1.01,0.5049120790829789,-0.2734226408440398
1.0105,0.408880505363835,-0.3687923864905467
1.011,0.3341892813600565,-0.4535654937318862
1.0115,0.2061471830678648,-0.6231117082145651
1.012,-0.3166913849585846,-1.237716735714276
1.0125,-1.116954499284783,-1.968884785670829
1.013,-1.789175515318789,-2.572893174765372
1.0135,-2.312014083345239,-2.021867977696666
1.014,-2.418715831922065,-0.8562377531282487
1.0145,-1.639793067311232,-0.2416327256285375
1.015,-0.8181896032696687,-0.07208651114585861
1.0155,-0.1886492866663929,-0.08268314955102604
1.016,0.1848068333524996,-0.1250697031716958
1.0165,0.3555296310754218,-0.1462629799820306
1.017,0.3982103305061524,-0.1250697031716958
1.0175,0.3875401556484697,-0.06148987274069118
1.018,0.3555296310754218,0.02328323450064829
1.0185,0.3341892813600565,0.1186529801471552
1.019,0.3341892813600565,0.2140227257936621
1.0195,0.3555296310754218,0.309392471440169
1.02,0.5475927785137094,0.2776025562246667
1.0205,1.059761171682476,-0.04029659593035631
1.021,0.942389248247967,-0.5913217929990628
1.0215,0.2274875327832301,-1.01518732920576
1.022,0.04609456020262521,-0.8456411147230812
1.0225,0.3555296310754218,-0.2628260024388724
1.023,-0.2099896363817582,-0.4959520473525559
1.0235,0.05676473506030786,0.1080563417419877
1.024,0.1954770082101822,0.4471487707073456
1.0245,0.2701682322139607,0.5955017083796896
1.025,0.3768699807907871,0.6696781772158616
1.0255,0.4408910299368829,0.5319218779486851
1.026,0.5155822539406614,0.3411823866556712
1.0265,0.4622313796522482,0.2034260873884947
1.027,0.3875401556484697,0.09745970333682032
1.0275,0.3235191065023739,0.002089957690313421
1.028,0.2594980573562781,-0.05089323433552374
1.0285,-0.1459685872356623,0.3305857482505039
1.029,-1.052933450138687,1.00877060618122
1.0295,-1.842526389607202,1.580989080060261
1.03,-2.365364957633652,1.42203950398275
1.0305,-2.749491252510227,0.1822328105781598
1.031,-2.183971985053047,-0.6019184314042303
1.0315,-1.26633694729234,-0.6972881770507372
1.032,-0.4767440078238243,-0.5065486857577234
1.0325,0.03542438534494258,-0.2628260024388724
1.033,0.3021787567870086,-0.06148987274069118
1.0335,0.3982103305061524,0.07626642652648545
1.034,0.408880505363835,0.1610395337678249
1.0345,0.3768699807907871,0.2140227257936621
1.035,0.3555296310754218,0.2352160026039969
1.0355,0.3448594562177392,0.2564092794143318
1.036,0.3448594562177392,0.2564092794143318
1.0365,0.5475927785137094,0.1504428953626575
1.037,1.166462920259302,-0.4429688553267188
1.0375,1.614610264281974,-1.216523458903942
1.038,0.9957401225363802,-1.809935209593318
1.0385,0.5582629533713921,-1.523825972653797
1.039,0.6116138276598051,-0.9410108603695881
1.0395,0.7183155762366316,-0.5171453241628908
1.04,0.7289857510943143,-0.2840192792492073
1.0405,0.6542945270905358,-0.1992461720078678
1.041,0.5155822539406614,-0.1992461720078678
1.0415,0.2808384070716433,-0.3052125560595421
1.042,0.291508581929326,-0.2416327256285375
1.0425,-0.3593720843893152,-0.9728007755850904
1.043,-0.1139580626626144,-0.6760949002404023
1.0435,0.00341386077189465,-0.4217755785163839
1.044,0.1207857842064037,-0.1568596183871981
1.0445,0.2488278824985954,0.08686306493165288
1.045,0.08877525963335578,0.2776025562246667
1.0455,-0.754168554123573,0.7650479228623686
1.046,-1.83185621474952,1.326669758336243
1.0465,-2.525417580498891,1.623375633680931
1.047,-2.994905274236928,1.411442865577582
1.0475,-2.450726356495113,0.8710143069140429
1.048,-1.458400094730627,0.5213252395435176
1.0485,-0.5834457564006506,0.3517790250608387
1.049,-0.007256314085787988,0.2881991946298341
1.0495,0.291508581929326,0.2776025562246667
1.05,0.408880505363835,0.2987958330350016
1.0505,0.4195506802215176,0.3199891098453364
1.051,0.3875401556484697,0.3199891098453364
1.0515,0.3555296310754218,0.3199891098453364
1.052,0.3448594562177392,0.2987958330350016
1.0525,0.3448594562177392,0.2670059178194992
1.053,0.408880505363835,0.2140227257936621
1.0535,0.9637295979633325,-0.1250697031716958
1.054,1.774662887147213,-0.8774310299385835
1.0545,2.190799706596836,-1.672178910326141
1.055,1.593269914566608,-2.223204107394847
1.0555,1.145122570543937,-2.021867977696666
1.056,0.9530594231056497,-1.407262950196955
1.0565,0.8036769750980928,-0.8244478379127463
1.057,0.6542945270905358,-0.4429688553267188
1.0575,0.5369226036560266,-0.2098428104130352
1.058,0.4195506802215176,-0.04029659593035631
1.0585,0.3555296310754218,0.04447651131098315
1.059,0.5689331282290746,-0.06148987274069118
1.0595,0.6863050516635838,-0.1462629799820306
1.06,0.6116138276598051,-0.1356663415768632
1.0605,0.3555296310754218,-0.2098428104130352
1.061,0.3021787567870086,-0.1144730647665284
1.0615,-0.5621054066852853,-0.6337083466197325
1.062,-1.394379045584531,-0.4535654937318862
1.0625,-2.045259711903173,0.04447651131098315
1.063,-2.461396531352796,0.2987958330350016
1.0635,-2.781501777083275,0.09745970333682032
1.064,-2.568098279929622,-0.5171453241628908
1.0645,-1.725154466172693,-0.6337083466197325
1.065,-0.8288597781273515,-0.4323722169215513
1.0655,-0.1779791118087102,-0.1568596183871981
1.066,0.1954770082101822,0.06566978812131802
1.0665,0.3661998059331045,0.2140227257936621
1.067,0.408880505363835,0.309392471440169
1.0675,0.3982103305061524,0.3623756634660061
1.068,0.3661998059331045,0.3729723018711736
1.0685,0.3448594562177392,0.3729723018711736
1.069,0.3341892813600565,0.3623756634660061
1.0695,0.3448594562177392,0.3411823866556712
1.07,0.408880505363835,0.2881991946298341
1.0705,0.707645401378949,-0.04029659593035631
1.071,0.7183155762366316,-0.7290780922662394
1.0715,0.2701682322139607,-1.555615887869299
1.072,0.4408910299368829,-2.202010830584512
1.0725,0.7823366253827275,-2.106641084938006
1.073,0.974399772821015,-1.396666311791788
1.0735,0.9530594231056497,-0.7290780922662394
1.074,0.8036769750980928,-0.3052125560595421
1.0745,0.6116138276598051,-0.06148987274069118
1.075,0.4622313796522482,0.03387987290581572
1.0755,0.4835717293676135,0.002089957690313421
1.076,0.5582629533713921,-0.08268314955102604
1.0765,0.4942419042252961,-0.1144730647665284
1.077,0.3982103305061524,-0.09327978795619347
1.0775,0.3128489316446912,-0.07208651114585861
1.078,0.2488278824985954,-0.04029659593035631
1.0785,-0.1032878878049318,0.2776025562246667
1.079,-0.8181896032696687,0.9345941373450475
1.0795,-1.373038695869166,1.443232780793084
1.08,-1.906547438753298,1.061753798207057
1.0805,-1.917217613610981,0.2246193641988295
1.081,-2.03458953704549,-0.9092209451540858
1.0815,-1.373038695869166,-0.9304142219644207
1.082,-0.6261264558313813,-0.570128516188728
1.0825,-0.124628237520297,-0.1992461720078678
1.083,0.2381577076409128,0.1716361721729923
1.0835,0.3661998059331045,0.383568940276341
1.084,0.3555296310754218,0.4683420475176805
1.0845,0.3341892813600565,0.5213252395435176
1.085,0.3235191065023739,0.5425185163538525
1.0855,0.3235191065023739,0.55311515475902
1.086,0.3448594562177392,0.5425185163538525
1.0865,0.5369226036560266,0.457745409112513
1.087,1.187803269974668,0.03387987290581572
1.0875,1.678631313428069,-0.7396747306714069
1.088,1.166462920259302,-1.587405803084801
1.0885,0.5475927785137094,-2.032464616101834
1.089,0.4515612047945656,-1.619195718300304
1.0895,0.5369226036560266,-0.9516074987747555
1.09,0.5689331282290746,-0.3793890248957141
1.0905,0.5369226036560266,0.01268659609548085
1.091,0.4729015545099309,0.2034260873884947
1.0915,0.3982103305061524,0.2140227257936621
1.092,0.3661998059331045,0.1080563417419877
1.0925,0.3982103305061524,-0.07208651114585861
1.093,0.3768699807907871,-0.1780528951975329
1.0935,0.3341892813600565,-0.2204394488182027
1.094,0.291508581929326,-0.2310360872233701
1.0945,0.2594980573562781,-0.2310360872233701
1.095,0.04609456020262521,-0.08268314955102604
1.0955,-0.658136980404429,0.5425185163538525
1.096,-1.490410619303675,1.231300012689736
1.0965,-2.23732285934146,1.633972272086098
1.097,-2.557428105071939,1.347863035146577
1.0975,-1.885207089037933,0.6908714540261965
1.098,-0.9889124009925911,0.2352160026039969
1.0985,-0.3166913849585846,0.01268659609548085
1.099,0.1101156093487211,-0.02969995752518888
1.0995,0.2808384070716433,0.002089957690313421
1.1,0.2594980573562781,0.02328323450064829
1.1005,0.2168173579255475,0.09745970333682032
1.101,-0.5194247072545548,-0.4853554089473885
1.1015,-0.274010685527854,-0.1144730647665284
1.102,-0.09261771294724913,0.1504428953626575
1.1025,0.1101156093487211,0.3941655786815084
1.103,0.3661998059331045,0.5955017083796896
1.1035,0.7503261008096795,0.457745409112513
1.104,1.027750647109428,-0.04029659593035631
1.1045,0.2808384070716433,-0.8350444763179138
1.105,-0.4874141826815069,-1.248313374119443
1.1055,-0.3487019095316325,-0.792657922697244
1.106,0.0674349099179905,-0.2734226408440398
1.1065,0.3875401556484697,0.07626642652648545
1.107,0.5369226036560266,0.2352160026039969
1.1075,0.5369226036560266,0.2987958330350016
1.108,0.4622313796522482,0.2881991946298341
1.1085,0.408880505363835,0.2140227257936621
1.109,0.6222840025174878,-0.06148987274069118
1.1095,0.7396559259519968,-0.3158091944647096
1.11,0.6542945270905358,-0.3687923864905467
1.1105,0.5049120790829789,-0.3475991096802118
1.111,0.3768699807907871,-0.3158091944647096
1.1115,0.1954770082101822,-0.2734226408440398
1.112,-0.3700422592469978,0.03387987290581572
1.1125,-0.9782422261349084,0.3517790250608387
1.113,-1.426389570157579,0.457745409112513
1.1135,-1.917217613610981,0.6060983467848571
1.114,-1.938557963326346,0.7438546460520338
1.1145,-1.298347471865388,0.5001319627331828
1.115,-0.6047861061160158,0.1610395337678249
1.1155,-0.09261771294724913,-0.06148987274069118
1.116,0.2061471830678648,-0.1568596183871981
1.1165,0.3341892813600565,-0.1356663415768632
1.117,0.3768699807907871,-0.04029659593035631
1.1175,0.3661998059331045,0.09745970333682032
1.118,0.3341892813600565,0.2352160026039969
1.1185,0.3128489316446912,0.383568940276341
1.119,0.3128489316446912,0.5107286011383502
1.1195,0.3021787567870086,0.5425185163538525
1.12,0.4622313796522482,0.4683420475176805
1.1205,1.177133095116985,0.1186529801471552
1.121,1.443887466559051,-0.6019184314042303
1.1215,0.3128489316446912,-1.51322933424863
1.122,0.2488278824985954,-0.8350444763179138
1.1225,0.4408910299368829,-0.252229364033705
1.123,0.6436243522328531,0.1822328105781598
1.1235,0.7609962756673623,0.4683420475176805
1.124,0.6756348768059011,0.4471487707073456
1.1245,0.5475927785137094,0.383568940276341
1.125,0.4302208550792003,0.3199891098453364
1.1255,0.4302208550792003,0.2034260873884947
1.126,0.4622313796522482,0.06566978812131802
1.1265,0.4195506802215176,-0.01910331912002144
1.127,0.3661998059331045,-0.06148987274069118
1.1275,0.3021787567870086,-0.1144730647665284
1.128,0.2274875327832301,-0.1462629799820306
1.1285,-0.2313299860971235,0.2564092794143318
1.129,-1.148965023857831,0.9557874141553824
1.1295,-1.885207089037933,1.517409249629256
1.13,-2.344024607918286,1.718745379327438
1.1305,-2.461396531352796,1.644568910491266
1.131,-1.746494815888059,1.072350436612224
1.1315,-0.9035510021311299,0.4153588554918433
1.132,-0.2526703358124887,-0.05089323433552374
1.1325,0.142126133921769,-0.2628260024388724
1.133,0.3341892813600565,-0.2946159176543747
1.1335,0.3875401556484697,-0.1992461720078678
1.134,0.3768699807907871,-0.05089323433552374
1.1345,0.3448594562177392,0.1292496185523226
1.135,0.3235191065023739,0.2987958330350016
1.1355,0.3128489316446912,0.457745409112513
1.136,0.3128489316446912,0.5955017083796896
1.1365,0.4515612047945656,0.6696781772158616
1.137,0.9850699476786977,0.5319218779486851
1.1375,0.9850699476786977,0.01268659609548085
1.138,0.3982103305061524,-0.570128516188728
1.1385,0.142126133921769,-0.5171453241628908
1.139,0.3235191065023739,-0.3052125560595421
1.1395,0.5262524287983441,0.002089957690313421
1.14,0.5049120790829789,0.1928294489833272
1.1405,0.5262524287983441,0.4153588554918433
1.141,-0.07127736323188383,-0.05089323433552374
1.1415,-0.2846808603855366,-0.2098428104130352
1.142,-0.1139580626626144,-0.09327978795619347
1.1425,0.07810508477567314,-0.1250697031716958
1.143,0.2488278824985954,-0.05089323433552374
1.1435,0.3128489316446912,-0.02969995752518888
1.144,0.2808384070716433,-0.1144730647665284
1.1445,0.2488278824985954,-0.2098428104130352
1.145,-0.02859666380115328,-0.07208651114585861
1.1455,-0.9355615267041777,0.5637117931641874
1.146,-1.959898313041711,1.241896651094903
1.1465,-2.6427895039334,1.644568910491266
1.147,-2.770831602225592,1.549199164844759
1.1475,-1.959898313041711,0.9557874141553824
1.148,-1.031593100423322,0.309392471440169
1.1485,-0.3060212101009019,-0.1356663415768632
1.149,0.1314559590640864,-0.3475991096802118
1.1495,0.3448594562177392,-0.3793890248957141
1.15,0.408880505363835,-0.2946159176543747
1.1505,0.3982103305061524,-0.1462629799820306
1.151,0.3555296310754218,0.01268659609548085
1.1515,0.3235191065023739,0.1822328105781598
1.152,0.3021787567870086,0.3411823866556712
1.1525,0.3128489316446912,0.4789386859228479
1.153,0.3982103305061524,0.5743084315693548
1.1535,0.942389248247967,0.4365521323021782
1.154,1.454557641416734,-0.06148987274069118
1.1545,0.9317190733902845,-0.718481453861072
1.155,0.2274875327832301,-0.9728007755850904
1.1555,0.1741366584948169,-0.5489352393783931
1.156,0.3982103305061524,0.002089957690313421
1.1565,0.5902734779444399,0.4471487707073456
1.157,0.6222840025174878,0.7332580076468663
1.1575,0.5689331282290746,0.8286277532933731
1.158,0.4729015545099309,0.7544512844572011
1.1585,0.3982103305061524,0.5955017083796896
1.159,0.4515612047945656,0.3411823866556712
1.1595,0.3341892813600565,0.02328323450064829
1.16,0.3661998059331045,-0.04029659593035631
1.1605,-0.423393133535411,-0.8880276683437509
1.161,-0.4020527838200457,-0.9198175835592532
1.1615,-0.3060212101009019,-0.7502713690765743
1.162,-0.722158029550525,-0.09327978795619347
1.1625,-1.383708870726849,0.8710143069140429
1.163,-1.991908837614759,1.475022696008586
1.1635,-2.536087755356574,0.9557874141553824
1.164,-2.365364957633652,-0.08268314955102604
1.1645,-1.543761493592088,-0.5383386009732256
1.165,-0.7114878546928423,-0.6019184314042303
1.1655,-0.1139580626626144,-0.474758770542221
1.166,0.2274875327832301,-0.2946159176543747
1.1665,0.3768699807907871,-0.1250697031716958
1.167,0.408880505363835,0.02328323450064829
1.1675,0.3768699807907871,0.1504428953626575
1.168,0.3448594562177392,0.2564092794143318
1.1685,0.3235191065023739,0.3411823866556712
1.169,0.3235191065023739,0.4153588554918433
1.1695,0.3341892813600565,0.4789386859228479
1.17,0.5475927785137094,0.457745409112513
1.1705,1.19847344483235,0.1186529801471552
1.171,1.401206767128321,-0.570128516188728
1.1715,0.8997085488172365,-1.152943628472937
1.172,0.9210488985326017,-0.792657922697244
1.1725,1.070431346540159,-0.2946159176543747
1.173,1.091771696255524,0.1822328105781598
1.1735,0.974399772821015,0.4365521323021782
1.174,0.7823366253827275,0.5001319627331828
1.1745,0.6009436528021226,0.4683420475176805
1.175,0.4515612047945656,0.4047622170866759
1.1755,0.4408910299368829,0.2987958330350016
1.176,0.4835717293676135,0.1928294489833272
1.1765,0.4302208550792003,0.09745970333682032
1.177,0.3555296310754218,-0.01910331912002144
1.1775,0.2808384070716433,-0.1356663415768632
1.178,0.2061471830678648,-0.1992461720078678
1.1785,-0.2313299860971235,0.1504428953626575
1.179,-1.095614149569417,0.6696781772158616
1.1795,-1.607782542738184,1.25249328950007
1.18,-2.834852651371688,0.7226613692416989
1.1805,-2.824182476514005,1.072350436612224
1.181,-2.109280761049269,0.7968378380778709
1.1815,-1.159635198715513,0.309392471440169
1.182,-0.3380317346739499,-0.02969995752518888
1.1825,0.09944543449103843,-0.2840192792492073
1.183,0.3021787567870086,-0.3581957480853793
1.1835,0.3661998059331045,-0.2946159176543747
1.184,0.3661998059331045,-0.1568596183871981
1.1845,0.3448594562177392,0.01268659609548085
1.185,0.3235191065023739,0.1822328105781598
1.1855,0.3235191065023739,0.3517790250608387
1.186,0.3341892813600565,0.4895353243280153
1.1865,0.4622313796522482,0.5849050699745222
1.187,1.091771696255524,0.457745409112513
1.1875,1.379866417412955,-0.01910331912002144
1.188,0.4835717293676135,-0.6760949002404023
1.1885,-0.08194753808956648,-0.6337083466197325
1.189,0.03542438534494258,-0.1356663415768632
1.1895,0.3128489316446912,0.3517790250608387
1.19,0.4942419042252961,0.6590815388106942
1.1905,0.5262524287983441,0.7862411996727035
1.191,0.4729015545099309,0.775644561267536
1.1915,0.408880505363835,0.6908714540261965
1.192,0.3982103305061524,0.5213252395435176
1.1925,0.5049120790829789,0.2564092794143318
1.193,0.4942419042252961,0.08686306493165288
1.1935,0.4195506802215176,-0.04029659593035631
1.194,0.3341892813600565,-0.1356663415768632
1.1945,0.2594980573562781,-0.2310360872233701
1.195,-0.007256314085787988,-0.08268314955102604
1.1955,-0.7114878546928423,0.5319218779486851
1.196,-1.458400094730627,1.188913459069066
1.1965,-2.066600061618538,1.528005888034424
1.197,-2.3973754822067,0.9134008605347127
1.1975,-1.703814116457328,0.1716361721729923
1.198,-0.8822106524157645,-0.2416327256285375
1.1985,-0.3807124341046804,-0.5171453241628908
1.199,0.1101156093487211,-0.400582301706049
1.1995,0.2061471830678648,-0.4111789401112165
1.2,-0.4127229586777283,-0.9728007755850904
1.2005,-0.1993194615240755,-0.6231117082145651
1.201,-0.03926683865883591,-0.3158091944647096
1.2015,0.1314559590640864,-0.01910331912002144
1.202,0.291508581929326,0.2458126410091644
1.2025,0.3235191065023739,0.3517790250608387
1.203,0.408880505363835,0.3941655786815084
1.2035,0.9850699476786977,0.1080563417419877
1.204,1.699971663143435,-0.5913217929990628
1.2045,1.411876941986003,-1.417859588602123
1.205,0.707645401378949,-1.809935209593318
1.2055,0.5155822539406614,-1.619195718300304
1.206,0.5902734779444399,-0.9092209451540858
1.2065,0.6542945270905358,-0.1886495336027004
1.207,0.6222840025174878,0.309392471440169
1.2075,0.5369226036560266,0.5213252395435176
1.208,0.4408910299368829,0.5955017083796896
1.2085,0.3661998059331045,0.5849050699745222
1.209,0.4942419042252961,0.4153588554918433
1.2095,0.5262524287983441,0.2564092794143318
1.21,0.4622313796522482,0.1292496185523226
1.2105,0.3768699807907871,-0.008506680714854012
1.211,0.2701682322139607,-0.1356663415768632
1.2115,0.09944543449103843,-0.2204394488182027
1.212,-0.5194247072545548,-0.06148987274069118
1.2125,-1.191645723288561,0.1292496185523226
1.213,-1.51175096901904,0.07626642652648545
1.2135,-1.863866739322568,-0.06148987274069118
1.214,-1.789175515318789,-0.07208651114585861
1.2145,-1.170305373573196,-0.2310360872233701
1.215,-0.5194247072545548,-0.400582301706049
1.2155,-0.06060718837420119,-0.4959520473525559
1.216,0.2168173579255475,-0.5065486857577234
1.2165,0.3235191065023739,-0.4429688553267188
1.217,0.3555296310754218,-0.3370024712750445
1.2175,0.3448594562177392,-0.1992461720078678
1.218,0.3235191065023739,-0.05089323433552374
1.2185,0.2381577076409128,0.02328323450064829
1.219,0.2381577076409128,0.1716361721729923
1.2195,0.0674349099179905,0.13984625695749
1.22,-0.2633405106701714,-0.3158091944647096
1.2205,0.8036769750980928,-0.02969995752518888
1.221,1.411876941986003,-0.2098428104130352
1.2215,0.9637295979633325,-0.792657922697244
1.222,0.7823366253827275,-1.078767159636765
1.2225,0.7716664505250448,-0.718481453861072
1.223,0.7609962756673623,-0.1674562567923655
1.2235,0.6756348768059011,0.2776025562246667
1.224,0.5475927785137094,0.5955017083796896
1.2245,0.4302208550792003,0.7438546460520338
1.225,0.3448594562177392,0.7544512844572011
1.2255,0.3661998059331045,0.5849050699745222
1.226,0.3982103305061524,0.3411823866556712
1.2265,0.3661998059331045,0.1928294489833272
1.227,0.3128489316446912,0.05507314971615059
1.2275,0.2701682322139607,-0.06148987274069118
1.228,0.2168173579255475,-0.1780528951975329
1.2285,-0.1779791118087102,-0.2416327256285375
1.229,-1.095614149569417,-0.1780528951975329
1.2295,-1.87453691418025,-0.1144730647665284
1.23,-2.301343908487556,-0.2840192792492073
1.2305,-2.386705307349017,-0.718481453861072
1.231,-1.67180359188428,-0.9516074987747555
1.2315,-0.8502001278427167,-0.9304142219644207
1.232,-0.2313299860971235,-0.8244478379127463
1.2325,0.142126133921769,-0.6760949002404023
1.233,0.3235191065023739,-0.5383386009732256
1.2335,0.3768699807907871,-0.400582301706049
1.234,0.3555296310754218,-0.2628260024388724
1.2345,0.3341892813600565,-0.1250697031716958
1.235,0.3128489316446912,0.002089957690313421
1.2355,0.3128489316446912,0.1292496185523226
1.236,0.3128489316446912,0.2670059178194992
1.2365,0.4195506802215176,0.3729723018711736
1.237,1.049090996824793,0.2564092794143318
1.2375,1.582599739708926,-0.1674562567923655
1.238,0.9850699476786977,-0.6549016234300674
1.2385,0.4835717293676135,-0.6019184314042303
1.239,0.6116138276598051,-0.1568596183871981
1.2395,-0.1139580626626144,-0.6549016234300674
1.24,-0.01792648894347063,-0.2840192792492073
1.2405,0.1207857842064037,0.07626642652648545
1.241,0.2168173579255475,0.2881991946298341
1.2415,0.3341892813600565,0.4789386859228479
1.242,0.3661998059331045,0.5213252395435176
1.2425,0.4622313796522482,0.4365521323021782
1.243,0.4515612047945656,0.3941655786815084
1.2435,0.3875401556484697,0.3623756634660061
1.244,0.3128489316446912,0.309392471440169
1.2445,0.2594980573562781,0.2352160026039969
1.245,0.02475421048725994,0.3623756634660061
1.2455,-0.7861790786966207,0.8710143069140429
1.246,-1.757164990745741,1.369056311956912
1.2465,-2.472066706210478,1.538602526439591
1.247,-2.952224574806197,0.92399749893988
1.2475,-2.312014083345239,0.07626642652648545
1.248,-1.341028171296118,-0.3370024712750445
1.2485,-0.5194247072545548,-0.4853554089473885
1.249,0.01408403562957729,-0.474758770542221
1.2495,0.2808384070716433,-0.4111789401112165
1.25,0.3768699807907871,-0.326405832869877
1.2505,0.3875401556484697,-0.2416327256285375
1.251,0.3555296310754218,-0.1674562567923655
1.2515,0.3235191065023739,-0.08268314955102604
1.252,0.3021787567870086,-0.01910331912002144
1.2525,0.3021787567870086,0.05507314971615059
1.253,0.3768699807907871,0.09745970333682032
1.2535,0.8356874996711408,0.02328323450064829
1.254,1.177133095116985,-0.3687923864905467
1.2545,0.5475927785137094,-1.01518732920576
1.255,0.03542438534494258,-1.110557074852267
1.2555,0.2168173579255475,-0.7714646458869092
1.256,0.5262524287983441,-0.4111789401112165
1.2565,0.7289857510943143,-0.06148987274069118
1.257,0.7396559259519968,0.1822328105781598
1.2575,0.5902734779444399,0.2564092794143318
1.258,0.4302208550792003,0.2776025562246667
1.2585,0.00341386077189465,-0.02969995752518888
1.259,-0.391382608962363,-0.4323722169215513
1.2595,-0.1779791118087102,-0.2098428104130352
1.26,-0.03926683865883591,-0.04029659593035631
1.2605,0.1314559590640864,0.1504428953626575
1.261,0.2381577076409128,0.2564092794143318
1.2615,0.1634664836371343,0.2987958330350016
1.262,-0.4340633083930936,0.5425185163538525
1.2625,-1.458400094730627,0.8180311148882058
1.263,-2.141291285622316,0.8710143069140429
1.2635,-2.696140378221814,0.4683420475176805
1.264,-2.568098279929622,-0.2734226408440398
1.2645,-1.693143941599645,-0.4853554089473885
1.265,-0.807519428411986,-0.4111789401112165
1.2655,-0.1673089369510276,-0.2628260024388724
1.266,0.1954770082101822,-0.1250697031716958
1.2665,0.3555296310754218,-0.04029659593035631
1.267,0.3875401556484697,0.01268659609548085
1.2675,0.3768699807907871,0.03387987290581572
1.268,0.3341892813600565,0.04447651131098315
1.2685,0.3235191065023739,0.03387987290581572
1.269,0.3128489316446912,0.03387987290581572
1.2695,0.3341892813600565,0.02328323450064829
1.27,0.4622313796522482,-0.01910331912002144
1.2705,1.049090996824793,-0.2734226408440398
1.271,1.262494493978446,-0.8350444763179138
1.2715,0.7396559259519968,-1.417859588602123
1.272,0.7609962756673623,-1.545019249464132
1.2725,0.8997085488172365,-1.205926820498774
1.273,0.942389248247967,-0.6972881770507372
1.2735,0.8463576745288233,-0.2310360872233701
1.274,0.6863050516635838,0.1610395337678249
1.2745,0.5155822539406614,0.3517790250608387
1.275,0.3875401556484697,0.3941655786815084
1.2755,0.3768699807907871,0.309392471440169
1.276,0.3982103305061524,0.2034260873884947
1.2765,0.3661998059331045,0.1504428953626575
1.277,0.3021787567870086,0.1186529801471552
1.2775,0.1314559590640864,-0.02969995752518888
1.278,0.1741366584948169,0.07626642652648545
1.2785,-0.5407650569699201,0.1186529801471552
1.279,-1.458400094730627,0.1504428953626575
1.2795,-1.853196564464885,0.1716361721729923
1.28,-2.344024607918286,0.09745970333682032
1.2805,-2.6427895039334,0.5955017083796896
1.281,-2.151961460479999,0.6908714540261965
1.2815,-1.298347471865388,0.3729723018711736
1.282,-0.5300948821122373,0.05507314971615059
1.2825,-0.01792648894347063,-0.1356663415768632
1.283,0.2594980573562781,-0.1992461720078678
1.2835,0.3661998059331045,-0.1568596183871981
1.284,0.3768699807907871,-0.05089323433552374
1.2845,0.3555296310754218,0.07626642652648545
1.285,0.3341892813600565,0.2140227257936621
1.2855,0.3235191065023739,0.3305857482505039
1.286,0.3341892813600565,0.4259554938970107
1.2865,0.5049120790829789,0.4259554938970107
1.287,0.9317190733902845,0.3305857482505039
1.2875,1.390536592270638,0.002089957690313421
1.288,0.825017324813458,-0.5277419625680583
1.2885,0.408880505363835,-0.474758770542221
1.289,0.4515612047945656,-0.1144730647665284
1.2895,0.5796033030867573,0.2246193641988295
1.29,0.6222840025174878,0.4895353243280153
1.2905,0.5796033030867573,0.5955017083796896
1.291,0.4835717293676135,0.6166949851900245
1.2915,0.3982103305061524,0.5637117931641874
1.292,0.3768699807907871,0.4365521323021782
1.2925,0.4729015545099309,0.2246193641988295
1.293,0.4515612047945656,0.09745970333682032
1.2935,0.3875401556484697,0.02328323450064829
1.294,0.3235191065023739,-0.05089323433552374
1.2945,0.2594980573562781,-0.1250697031716958
1.295,-0.01792648894347063,0.01268659609548085
1.2955,-0.658136980404429,0.6060983467848571
1.296,-1.394379045584531,1.25249328950007
1.2965,-2.087940411333903,1.580989080060261
1.297,-2.408045657064382,0.9875773293708847
1.2975,-1.682473766741963,0.2458126410091644
1.298,-0.9995825758502737,-0.326405832869877
1.2985,-0.2633405106701714,-0.3899856633008816
1.299,-0.6154562809736985,-1.142346990067769
1.2995,-0.3807124341046804,-1.01518732920576
1.3,-0.1139580626626144,-0.6866915386455698
1.3005,0.04609456020262521,-0.3793890248957141
1.301,0.2274875327832301,-0.05089323433552374
1.3015,0.3021787567870086,0.1504428953626575
1.302,0.291508581929326,0.2564092794143318
1.3025,0.3021787567870086,0.3411823866556712
1.303,0.3555296310754218,0.4047622170866759
1.3035,0.8356874996711408,0.2352160026039969
1.304,1.166462920259302,-0.2840192792492073
1.3045,0.6649647019482183,-0.792657922697244
1.305,0.2168173579255475,-1.110557074852267
1.3055,0.3448594562177392,-0.8668343915334161
1.306,0.5796033030867573,-0.3370024712750445
1.3065,0.6863050516635838,0.13984625695749
1.307,0.6542945270905358,0.4683420475176805
1.3075,0.5582629533713921,0.627291623595192
1.308,0.4515612047945656,0.627291623595192
1.3085,0.3768699807907871,0.5319218779486851
1.309,0.4835717293676135,0.3411823866556712
1.3095,0.5049120790829789,0.1822328105781598
1.31,0.4408910299368829,0.07626642652648545
1.3105,0.3555296310754218,-0.02969995752518888
1.311,0.291508581929326,-0.1250697031716958
1.3115,0.08877525963335578,-0.1568596183871981
1.312,-0.5407650569699201,0.2564092794143318
1.3125,-1.180975548430879,0.8816109453192104
1.313,-1.607782542738184,1.231300012689736
1.3135,-2.045259711903173,1.188913459069066
1.314,-1.970568487899394,0.7438546460520338
1.3145,-1.26633694729234,0.1928294489833272
1.315,-0.5834457564006506,-0.2204394488182027
1.3155,-0.08194753808956648,-0.4217755785163839
1.316,0.2061471830678648,-0.474758770542221
1.3165,0.3235191065023739,-0.400582301706049
1.317,0.3555296310754218,-0.2734226408440398
1.3175,0.3341892813600565,-0.1250697031716958
1.318,0.1848068333524996,-0.09327978795619347
1.3185,0.2701682322139607,0.1716361721729923
1.319,-0.3700422592469978,-0.3370024712750445
1.3195,-0.4020527838200457,-0.2310360872233701
1.32,0.03542438534494258,-0.05089323433552374
1.3205,0.7183155762366316,-0.3687923864905467
1.321,1.465227816274416,-0.9516074987747555
1.3215,1.806673411720261,-1.301296566145281
1.322,1.881364635724039,-0.7608680074817418
1.3225,1.710641838001117,-0.252229364033705
1.323,1.411876941986003,0.07626642652648545
1.3235,1.070431346540159,0.2246193641988295
1.324,0.7503261008096795,0.2352160026039969
1.3245,0.5049120790829789,0.2458126410091644
1.325,0.3448594562177392,0.2246193641988295
1.3255,0.3661998059331045,0.1292496185523226
1.326,0.3982103305061524,0.02328323450064829
1.3265,0.3448594562177392,0.002089957690313421
1.327,0.3021787567870086,-0.008506680714854012
1.3275,0.2381577076409128,-0.02969995752518888
1.328,0.1527963087794516,-0.01910331912002144
1.3285,-0.2313299860971235,0.3305857482505039
1.329,-0.8502001278427167,0.9345941373450475
1.3295,-1.437059745015262,1.316073119931075
1.33,-2.013249187330125,1.453829419198252
1.3305,-2.258663209056825,1.040560521396722
1.331,-1.661133417026597,0.4365521323021782
1.3315,-0.8928808272734472,0.01268659609548085
1.332,-0.274010685527854,-0.1992461720078678
1.3325,0.1101156093487211,-0.2416327256285375
1.333,0.291508581929326,-0.1780528951975329
1.3335,0.3555296310754218,-0.07208651114585861
1.334,0.3448594562177392,0.05507314971615059
1.3345,0.3128489316446912,0.1822328105781598
1.335,0.291508581929326,0.2881991946298341
1.3355,0.291508581929326,0.3941655786815084
1.336,0.3021787567870086,0.4789386859228479
1.3365,0.3235191065023739,0.5319218779486851
1.337,0.6222840025174878,0.4047622170866759
1.3375,0.3555296310754218,-0.1780528951975329
1.338,-0.2846808603855366,-0.7078848154559045
1.3385,-0.3807124341046804,-0.6125150698093976
1.339,-0.5087545323968721,-0.8138511995075789
1.3395,-0.1993194615240755,-0.6443049850249
1.34,0.1848068333524996,-0.2840192792492073
1.3405,0.3661998059331045,-0.01910331912002144
1.341,0.4729015545099309,0.1504428953626575
1.3415,0.4195506802215176,0.09745970333682032
1.342,0.4195506802215176,-0.07208651114585861
1.3425,0.6009436528021226,-0.3475991096802118
1.343,0.5796033030867573,-0.4111789401112165
1.3435,0.4729015545099309,-0.3581957480853793
1.344,0.3661998059331045,-0.2946159176543747
1.3445,0.2808384070716433,-0.2310360872233701
1.345,0.00341386077189465,-0.4959520473525559
1.3455,-0.7755089038389382,-1.333086481360783
1.346,-1.597112367880501,-2.191414192179345
1.3465,-2.023919362187807,-2.58348981317054
1.347,-2.418715831922065,-2.551699897955038
1.3475,-2.087940411333903,-2.064254531317336
1.348,-1.287677297007705,-1.216523458903942
1.3485,-0.5407650569699201,-0.4535654937318862
1.349,-0.02859666380115328,0.04447651131098315
1.3495,0.2381577076409128,0.309392471440169
1.35,0.3448594562177392,0.4047622170866759
1.3505,0.3661998059331045,0.4047622170866759
1.351,0.3341892813600565,0.3623756634660061
1.3515,0.3128489316446912,0.2987958330350016
1.352,0.3021787567870086,0.2246193641988295
1.3525,0.3021787567870086,0.1610395337678249
1.353,0.3661998059331045,0.09745970333682032
1.3535,0.8463576745288233,-0.2416327256285375
1.354,1.390536592270638,-0.9516074987747555
1.3545,1.422547116843686,-1.682775548731308
1.355,1.134452395686255,-2.339767129851689
1.3555,1.081101521397841,-2.54110325954987
1.356,1.038420821967111,-1.75695201756748
1.3565,0.9317190733902845,-0.9728007755850904
1.357,0.6009436528021226,-0.6125150698093976
1.3575,0.5155822539406614,-0.2416327256285375
1.358,-0.3700422592469978,-0.8774310299385835
1.3585,-0.3060212101009019,-0.7290780922662394
1.359,0.00341386077189465,-0.6231117082145651
1.3595,0.2168173579255475,-0.474758770542221
1.36,0.3555296310754218,-0.2416327256285375
1.3605,0.3341892813600565,-0.1250697031716958
1.361,0.2701682322139607,-0.05089323433552374
1.3615,0.05676473506030786,0.09745970333682032
1.362,-0.7648387289812555,0.6696781772158616
1.3625,-1.522421143876723,1.25249328950007
1.363,-2.023919362187807,1.517409249629256
1.3635,-2.493407055925843,1.506812611224089
1.364,-2.472066706210478,1.061753798207057
1.3645,-1.693143941599645,0.6166949851900245
1.365,-0.839529952985034,0.3517790250608387
1.3655,-0.2099896363817582,0.2458126410091644
1.366,0.1634664836371343,0.2458126410091644
1.3665,0.3235191065023739,0.2881991946298341
1.367,0.3768699807907871,0.3623756634660061
1.3675,0.3555296310754218,0.4153588554918433
1.368,0.3235191065023739,0.457745409112513
1.3685,0.3021787567870086,0.4789386859228479
1.369,0.3128489316446912,0.4789386859228479
1.3695,0.3448594562177392,0.457745409112513
1.37,0.6542945270905358,0.3199891098453364
1.3705,1.081101521397841,-0.08268314955102604
1.371,0.6116138276598051,-0.8032545611024114
1.3715,-0.1886492866663929,-1.545019249464132
1.372,-0.1993194615240755,-1.672178910326141
1.3725,0.1634664836371343,-1.237716735714276
1.373,0.4729015545099309,-0.7502713690765743
1.3735,0.6009436528021226,-0.3687923864905467
1.374,0.5902734779444399,-0.1780528951975329
1.3745,0.4942419042252961,-0.1250697031716958
1.375,0.3875401556484697,-0.1356663415768632
1.3755,0.2701682322139607,-0.3793890248957141
1.376,0.3128489316446912,-0.4641621321370536
1.3765,0.2488278824985954,-0.4853554089473885
1.377,-0.4660738329661415,-1.078767159636765
1.3775,-0.274010685527854,-0.7714646458869092
1.378,-0.1459685872356623,-0.5065486857577234
1.3785,-0.4874141826815069,0.05507314971615059
1.379,-1.244996597576974,0.775644561267536
1.3795,-2.066600061618538,1.199510097474233
1.38,-2.621449154218035,1.040560521396722
1.3805,-2.96289474966388,-0.01910331912002144
1.381,-2.312014083345239,-0.6125150698093976
1.3815,-1.330357996438436,-0.5595318777835605
1.382,-0.4980843575391895,-0.2840192792492073
1.3825,0.02475421048725994,0.01268659609548085
1.383,0.291508581929326,0.2458126410091644
1.3835,0.3875401556484697,0.383568940276341
1.384,0.3875401556484697,0.457745409112513
1.3845,0.3555296310754218,0.5001319627331828
1.385,0.3235191065023739,0.5001319627331828
1.3855,0.3128489316446912,0.4895353243280153
1.386,0.3235191065023739,0.457745409112513
1.3865,0.4622313796522482,0.3517790250608387
1.387,1.049090996824793,-0.008506680714854012
1.3875,1.443887466559051,-0.6972881770507372
1.388,0.707645401378949,-1.42845622700729
1.3885,0.3021787567870086,-1.269506650929778
1.389,0.408880505363835,-0.9304142219644207
1.3895,0.5796033030867573,-0.6443049850249
1.39,0.6436243522328531,-0.4323722169215513
1.3905,0.5796033030867573,-0.3052125560595421
1.391,0.4729015545099309,-0.2628260024388724
1.3915,0.3768699807907871,-0.2416327256285375
1.392,0.3555296310754218,-0.2840192792492073
1.3925,0.4195506802215176,-0.400582301706049
1.393,0.3982103305061524,-0.3899856633008816
1.3935,0.3341892813600565,-0.3052125560595421
1.394,0.2808384070716433,-0.1992461720078678
1.3945,0.1741366584948169,-0.1568596183871981
1.395,-0.2099896363817582,0.2246193641988295
1.3955,-1.191645723288561,0.6590815388106942
1.396,-2.301343908487556,0.8180311148882058
1.3965,-2.482736881068161,1.390249588767247
1.397,-2.674800028506448,1.326669758336243
1.3975,-2.376035132491334,0.55311515475902
1.398,-1.501080794161358,0.1186529801471552
1.3985,-0.7114878546928423,-0.04029659593035631
1.399,-0.1352984123779797,0.01268659609548085
1.3995,0.1848068333524996,0.1610395337678249
1.4,0.3341892813600565,0.3517790250608387
1.4005,0.3661998059331045,0.5213252395435176
1.401,0.3555296310754218,0.6590815388106942
1.4015,0.3341892813600565,0.7650479228623686
1.402,0.3341892813600565,0.8286277532933731
1.4025,0.3555296310754218,0.849821030103708
1.403,0.4408910299368829,0.8180311148882058
1.4035,0.9530594231056497,0.5637117931641874
1.404,1.603940089424291,-0.04029659593035631
1.4045,2.094768132877692,-0.8880276683437509
1.405,2.297501455173662,-1.237716735714276
1.4055,2.08409795802001,-1.216523458903942
1.406,1.689301488285752,-0.9516074987747555
1.4065,1.273164668836129,-0.6125150698093976
1.407,0.8783681991018712,-0.3475991096802118
1.4075,0.5582629533713921,-0.2204394488182027
1.408,0.3661998059331045,-0.2098428104130352
1.4085,0.2594980573562781,-0.252229364033705
1.409,0.2381577076409128,-0.326405832869877
1.4095,0.2381577076409128,-0.3899856633008816
1.41,0.2381577076409128,-0.4323722169215513
1.4105,0.2381577076409128,-0.4535654937318862
1.411,0.2274875327832301,-0.4535654937318862
1.4115,0.05676473506030786,-0.400582301706049
1.412,-0.5941159312583333,-0.1780528951975329
1.4125,-1.373038695869166,0.05507314971615059
1.413,-1.863866739322568,0.1080563417419877
1.4135,-2.269333383914508,0.2881991946298341
1.414,-2.258663209056825,0.5107286011383502
1.4145,-1.383708870726849,0.5213252395435176
1.415,-1.447729919872945,-0.474758770542221
1.4155,-0.722158029550525,-0.4323722169215513
1.416,-0.2313299860971235,-0.3052125560595421
1.4165,0.07810508477567314,-0.08268314955102604
1.417,0.3021787567870086,0.2140227257936621
1.4175,0.3341892813600565,0.3729723018711736
1.418,0.3021787567870086,0.5001319627331828
1.4185,0.3021787567870086,0.6166949851900245
1.419,0.3021787567870086,0.701468092431364
1.4195,0.3128489316446912,0.775644561267536
1.42,0.5902734779444399,0.7332580076468663
1.4205,1.027750647109428,0.3411823866556712
1.421,0.5689331282290746,-0.3475991096802118
1.4215,-0.3593720843893152,-1.152943628472937
1.422,-0.5087545323968721,-1.576809164679634
1.4225,-0.1139580626626144,-1.131750351662602
1.423,0.2381577076409128,-0.474758770542221
1.4235,0.4195506802215176,0.09745970333682032
1.424,0.4515612047945656,0.3623756634660061
1.4245,0.4302208550792003,0.4047622170866759
1.425,0.3875401556484697,0.3305857482505039
1.4255,0.4622313796522482,0.1080563417419877
1.426,0.5262524287983441,-0.1356663415768632
1.4265,0.4622313796522482,-0.2628260024388724
1.427,0.3661998059331045,-0.3581957480853793
1.4275,0.291508581929326,-0.4323722169215513
1.428,0.1954770082101822,-0.4853554089473885
1.4285,-0.2953510352432193,-0.1780528951975329
1.429,-1.084943974711735,0.4895353243280153
1.4295,-1.746494815888059,1.040560521396722
1.43,-2.151961460479999,1.188913459069066
1.4305,-1.746494815888059,0.7650479228623686
1.431,-1.010252750707956,0.2140227257936621
1.4315,-0.3807124341046804,-0.1992461720078678
1.432,0.03542438534494258,-0.3899856633008816
1.4325,0.2488278824985954,-0.400582301706049
1.433,0.3341892813600565,-0.2946159176543747
1.4335,0.2594980573562781,-0.2204394488182027
1.434,0.2594980573562781,0.002089957690313421
1.4345,0.2061471830678648,0.1610395337678249
1.435,-0.4980843575391895,-0.3475991096802118
1.4355,-0.3060212101009019,0.002089957690313421
1.436,-0.1032878878049318,0.3305857482505039
1.4365,0.1741366584948169,0.6060983467848571
1.437,0.9637295979633325,0.6484849004055269
1.4375,1.379866417412955,0.1822328105781598
1.438,0.5155822539406614,-0.474758770542221
1.4385,0.0674349099179905,-0.4217755785163839
1.439,0.1954770082101822,-0.1038764263613609
1.4395,0.4302208550792003,0.1610395337678249
1.44,0.5796033030867573,0.3623756634660061
1.4405,0.6009436528021226,0.4471487707073456
1.441,0.5369226036560266,0.4047622170866759
1.4415,0.4408910299368829,0.3199891098453364
1.442,0.408880505363835,0.1822328105781598
1.4425,0.4622313796522482,-0.01910331912002144
1.443,0.4302208550792003,-0.1356663415768632
1.4435,0.3555296310754218,-0.1992461720078678
1.444,0.3021787567870086,-0.252229364033705
1.4445,0.2488278824985954,-0.2946159176543747
1.445,-0.01792648894347063,-0.09327978795619347
1.4455,-0.807519428411986,0.5637117931641874
1.446,-1.639793067311232,1.25249328950007
1.4465,-2.247993034199143,1.70814874092227
1.447,-2.717480727937179,1.686955464111935
1.4475,-2.07727023647622,1.040560521396722
1.448,-1.159635198715513,0.3517790250608387
1.4485,-0.4340633083930936,-0.1250697031716958
1.449,0.03542438534494258,-0.3370024712750445
1.4495,0.2808384070716433,-0.3475991096802118
1.45,0.3661998059331045,-0.2416327256285375
1.4505,0.3661998059331045,-0.08268314955102604
1.451,0.3235191065023739,0.09745970333682032
1.4515,0.3021787567870086,0.2881991946298341
1.452,0.2808384070716433,0.457745409112513
1.4525,0.291508581929326,0.6060983467848571
1.453,0.3235191065023739,0.701468092431364
1.4535,0.5582629533713921,0.6378882620003594
1.454,0.6542945270905358,0.2246193641988295
1.4545,0.2061471830678648,-0.2310360872233701
1.455,0.0674349099179905,-0.4217755785163839
1.4555,-0.07127736323188383,-1.131750351662602
1.456,0.01408403562957729,-1.089363798041932
1.4565,0.3235191065023739,-0.4641621321370536
1.457,0.4408910299368829,0.07626642652648545
1.4575,0.5155822539406614,0.457745409112513
1.458,0.4515612047945656,0.5637117931641874
1.4585,0.3768699807907871,0.4683420475176805
1.459,0.4942419042252961,0.1928294489833272
1.4595,0.5049120790829789,-0.01910331912002144
1.46,0.4408910299368829,-0.1568596183871981
1.4605,0.3555296310754218,-0.2734226408440398
1.461,0.291508581929326,-0.3793890248957141
1.4615,0.1634664836371343,-0.4323722169215513
1.462,-0.4980843575391895,-0.1250697031716958
1.4625,-1.458400094730627,0.2881991946298341
1.463,-2.205312334768412,0.4789386859228479
1.4635,-2.813512301656323,0.002089957690313421
1.464,-2.504077230783526,-0.6866915386455698
1.4645,-1.565101843307454,-0.8562377531282487
1.465,-0.7114878546928423,-0.7290780922662394
1.4655,-0.1139580626626144,-0.5171453241628908
1.466,0.2168173579255475,-0.2946159176543747
1.4665,0.3555296310754218,-0.1144730647665284
1.467,0.3768699807907871,0.03387987290581572
1.4675,0.3555296310754218,0.1610395337678249
1.468,0.3235191065023739,0.2670059178194992
1.4685,0.3021787567870086,0.3517790250608387
1.469,0.3235191065023739,0.4259554938970107
1.4695,0.3768699807907871,0.4683420475176805
1.47,0.7183155762366316,0.3411823866556712
1.4705,1.315845368266859,-0.1992461720078678
1.471,1.113112045970889,-0.8986243067489184
1.4715,0.2808384070716433,-1.439052865412457
1.472,0.1527963087794516,-1.439052865412457
1.4725,0.3448594562177392,-0.8562377531282487
1.473,0.5369226036560266,-0.2310360872233701
1.4735,0.6329541773751706,0.2034260873884947
1.474,0.5689331282290746,0.383568940276341
1.4745,0.4195506802215176,0.4365521323021782
1.475,0.1207857842064037,0.2246193641988295
1.4755,-0.4447334832507763,-0.3899856633008816
1.476,-0.2206598112394408,-0.2840192792492073
1.4765,-0.08194753808956648,-0.2628260024388724
1.477,0.08877525963335578,-0.2204394488182027
1.4775,0.2168173579255475,-0.2098428104130352
1.478,0.1207857842064037,-0.2734226408440398
1.4785,-0.4660738329661415,-0.09327978795619347
1.479,-1.383708870726849,0.2564092794143318
1.4795,-2.055929886760855,0.457745409112513
1.48,-2.482736881068161,0.3411823866556712
1.4805,-2.557428105071939,-0.1568596183871981
1.481,-1.83185621474952,-0.5383386009732256
1.4815,-0.9569018764195432,-0.6654982618352349
1.482,-0.274010685527854,-0.6443049850249
1.4825,0.1314559590640864,-0.5277419625680583
1.483,0.3128489316446912,-0.3899856633008816
1.4835,0.3768699807907871,-0.2310360872233701
1.484,0.3661998059331045,-0.07208651114585861
1.4845,0.3341892813600565,0.07626642652648545
1.485,0.3128489316446912,0.2246193641988295
1.4855,0.3128489316446912,0.3517790250608387
1.486,0.3235191065023739,0.4683420475176805
1.4865,0.3875401556484697,0.55311515475902
1.487,0.8036769750980928,0.457745409112513
1.4875,0.6649647019482183,-0.008506680714854012
1.488,-0.1993194615240755,-0.6125150698093976
1.4885,-0.4127229586777283,-0.6549016234300674
1.489,-0.09261771294724913,-0.2098428104130352
1.4895,0.2594980573562781,0.2987958330350016
1.49,0.4622313796522482,0.6590815388106942
1.4905,0.5262524287983441,0.8074344764830383
1.491,0.4835717293676135,0.7862411996727035
1.4915,0.4195506802215176,0.6908714540261965
1.492,0.4302208550792003,0.5107286011383502
1.4925,0.5582629533713921,0.2564092794143318
1.493,0.5262524287983441,0.09745970333682032
1.4935,0.4302208550792003,-0.02969995752518888
1.494,0.1954770082101822,-0.2734226408440398
1.4945,0.2168173579255475,-0.252229364033705
1.495,-0.3700422592469978,-0.252229364033705
1.4955,-1.629122892453549,-0.05089323433552374
1.496,-2.280003558772191,0.8922075837243778
1.4965,-2.834852651371688,1.496215972818921
1.497,-3.101607022813754,1.580989080060261
1.4975,-2.450726356495113,0.9663840525605498
1.498,-1.46907026958831,0.2034260873884947
1.4985,-0.6047861061160158,-0.3158091944647096
1.499,-0.03926683865883591,-0.5595318777835605
1.4995,0.2594980573562781,-0.5913217929990628
1.5,0.3768699807907871,-0.4959520473525559
1.5005,0.3875401556484697,-0.326405832869877
1.501,0.3661998059331045,-0.1250697031716958
1.5015,0.3341892813600565,0.07626642652648545
1.502,0.3128489316446912,0.2564092794143318
1.5025,0.3341892813600565,0.4153588554918433
1.503,0.3661998059331045,0.55311515475902
1.5035,0.6116138276598051,0.5955017083796896
1.504,0.7503261008096795,0.3199891098453364
1.5045,0.1741366584948169,-0.252229364033705
1.505,-0.124628237520297,-0.400582301706049
1.5055,0.1954770082101822,-0.06148987274069118
1.506,0.5582629533713921,0.2670059178194992
1.5065,0.7609962756673623,0.5107286011383502
1.507,0.7503261008096795,0.6060983467848571
1.5075,0.6329541773751706,0.6484849004055269
1.508,0.4942419042252961,0.627291623595192
1.5085,0.3982103305061524,0.5319218779486851
1.509,0.4729015545099309,0.2458126410091644
1.5095,0.4729015545099309,0.06566978812131802
1.51,0.408880505363835,-0.01910331912002144
1.5105,0.3341892813600565,-0.08268314955102604
1.511,0.2808384070716433,-0.1568596183871981
1.5115,0.08877525963335578,-0.06148987274069118
1.512,-0.5834457564006506,0.5425185163538525
1.5125,-1.330357996438436,1.210106735879401
1.513,-1.885207089037933,1.6657621873016
1.5135,-2.365364957633652,1.877694955404949
1.514,-2.066600061618538,1.432636142387917
1.5145,-1.148965023857831,0.7438546460520338
1.515,-1.06360362499637,-0.5171453241628908
1.5155,-0.6794773301197943,-1.004590690800593
1.516,-0.2206598112394408,-0.9622041371799229
1.5165,0.04609456020262521,-0.7714646458869092
1.517,0.2594980573562781,-0.4535654937318862
1.5175,0.3341892813600565,-0.1886495336027004
1.518,0.3128489316446912,-0.008506680714854012
1.5185,0.291508581929326,0.1716361721729923
1.519,0.2808384070716433,0.3411823866556712
1.5195,0.2808384070716433,0.4895353243280153
1.52,0.3555296310754218,0.5637117931641874
1.5205,0.5475927785137094,0.3411823866556712
1.521,0.1954770082101822,-0.252229364033705
1.5215,-0.5300948821122373,-1.025783967610927
1.522,-0.4340633083930936,-1.47084278062796
1.5225,0.0674349099179905,-1.05757388282643
1.523,0.4729015545099309,-0.3687923864905467
1.5235,0.6329541773751706,0.2140227257936621
1.524,0.6116138276598051,0.6166949851900245
1.5245,0.5155822539406614,0.7544512844572011
1.525,0.4195506802215176,0.701468092431364
1.5255,0.4408910299368829,0.5001319627331828
1.526,0.4942419042252961,0.2564092794143318
1.5265,0.4408910299368829,0.07626642652648545
1.527,0.3661998059331045,-0.07208651114585861
1.5275,0.3021787567870086,-0.1886495336027004
1.528,0.2274875327832301,-0.3581957480853793
1.5285,-0.1779791118087102,-0.8774310299385835
1.529,-0.807519428411986,-1.576809164679634
1.5295,-1.373038695869166,-2.191414192179345
1.53,-1.810515865034154,-2.064254531317336
1.5305,-1.87453691418025,-1.110557074852267
1.531,-1.26633694729234,-0.5489352393783931
1.5315,-0.6047861061160158,-0.326405832869877
1.532,-0.1139580626626144,-0.2734226408440398
1.5325,0.1848068333524996,-0.2946159176543747
1.533,0.3021787567870086,-0.3475991096802118
1.5335,0.2381577076409128,-0.4429688553267188
1.534,0.291508581929326,-0.3475991096802118
1.5345,-0.2099896363817582,-0.7820612842920766
1.535,-0.3593720843893152,-0.8350444763179138
1.5355,-0.1352984123779797,-0.5383386009732256
1.536,0.04609456020262521,-0.2628260024388724
1.5365,0.4515612047945656,-0.04029659593035631
1.537,1.230483969405398,-0.2628260024388724
1.5375,1.401206767128321,-0.9728007755850904
1.538,0.3661998059331045,-1.703968825541643
1.5385,-0.06060718837420119,-1.42845622700729
1.539,0.1207857842064037,-0.7714646458869092
1.5395,0.3875401556484697,-0.1780528951975329
1.54,0.5582629533713921,0.2564092794143318
1.5405,0.5689331282290746,0.4895353243280153
1.541,0.5155822539406614,0.5955017083796896
1.5415,0.4302208550792003,0.6378882620003594
1.542,0.4302208550792003,0.5849050699745222
1.5425,0.5582629533713921,0.4471487707073456
1.543,0.5369226036560266,0.3941655786815084
1.5435,0.4515612047945656,0.3729723018711736
1.544,0.3555296310754218,0.3199891098453364
1.5445,0.2808384070716433,0.2564092794143318
1.545,0.00341386077189465,0.2352160026039969
1.5455,-0.807519428411986,0.4047622170866759
1.546,-1.703814116457328,0.5955017083796896
1.5465,-2.365364957633652,0.6590815388106942
1.547,-2.76016142736791,0.8286277532933731
1.5475,-2.03458953704549,0.7120647308365314
1.548,-1.1062843244271,0.3305857482505039
1.5485,-0.3807124341046804,-0.05089323433552374
1.549,0.07810508477567314,-0.3052125560595421
1.5495,0.3021787567870086,-0.4323722169215513
1.55,0.3768699807907871,-0.4535654937318862
1.5505,0.3661998059331045,-0.4111789401112165
1.551,0.3448594562177392,-0.326405832869877
1.5515,0.3128489316446912,-0.2310360872233701
1.552,0.3128489316446912,-0.1250697031716958
1.5525,0.3768699807907871,-0.05089323433552374
1.553,0.5475927785137094,-0.02969995752518888
1.5535,0.857027849386506,-0.2734226408440398
1.554,1.19847344483235,-0.6760949002404023
1.5545,0.6116138276598051,-1.227120097309109
1.555,-0.8181896032696687,-2.106641084938006
1.5555,-0.572775581542968,-1.354279758171118
1.556,-0.1032878878049318,-0.5913217929990628
1.5565,0.2701682322139607,0.04447651131098315
1.557,0.5262524287983441,0.55311515475902
1.5575,0.5475927785137094,0.7120647308365314
1.558,0.4622313796522482,0.7226613692416989
1.5585,0.3982103305061524,0.6696781772158616
1.559,0.4835717293676135,0.5637117931641874
1.5595,0.4729015545099309,0.4683420475176805
1.56,0.408880505363835,0.3729723018711736
1.5605,0.3448594562177392,0.2881991946298341
1.561,0.2808384070716433,0.1928294489833272
1.5615,0.0674349099179905,0.2564092794143318
1.562,-0.6154562809736985,0.7544512844572011
1.5625,-1.426389570157579,1.210106735879401
1.563,-2.002579012472442,1.210106735879401
1.5635,-2.429386006779747,0.4365521323021782
1.564,-2.344024607918286,-0.5595318777835605
1.5645,-1.565101843307454,-0.8774310299385835
1.565,-0.7434983792658902,-0.792657922697244
1.5655,-0.1459685872356623,-0.5807251545938954
1.566,0.1954770082101822,-0.3687923864905467
1.5665,0.3448594562177392,-0.1992461720078678
1.567,0.3768699807907871,-0.07208651114585861
1.5675,0.3661998059331045,0.02328323450064829
1.568,0.3341892813600565,0.08686306493165288
1.5685,0.3235191065023739,0.1504428953626575
1.569,0.3235191065023739,0.2034260873884947
1.5695,0.3448594562177392,0.2564092794143318
1.57,0.707645401378949,0.13984625695749
1.5705,1.454557641416734,-0.326405832869877
1.571,2.201469881454519,-0.9622041371799229
1.5715,2.681627750050238,-1.502632695843462
1.572,2.649617225477189,-1.492036057438295
1.5725,2.180129531739154,-0.8986243067489184
1.573,1.614610264281974,-0.2840192792492073
1.5735,1.006410297394063,0.1080563417419877
1.574,0.6542945270905358,0.4259554938970107
1.5745,0.291508581929326,0.4153588554918433
1.575,-0.4874141826815069,-0.2310360872233701
1.5755,-0.124628237520297,-0.1462629799820306
1.576,0.1741366584948169,-0.1568596183871981
1.5765,0.3341892813600565,-0.07208651114585861
1.577,0.3875401556484697,-0.008506680714854012
1.5775,0.3128489316446912,-0.06148987274069118
1.578,0.1527963087794516,-0.09327978795619347
1.5785,-0.4660738329661415,0.2458126410091644
1.579,-1.319687821580753,0.8922075837243778
1.5795,-1.895877263895616,1.347863035146577
1.58,-2.23732285934146,1.326669758336243
1.5805,-2.344024607918286,0.92399749893988
1.581,-1.714484291315011,0.3199891098453364
1.5815,-0.8928808272734472,-0.1674562567923655
1.582,-0.2633405106701714,-0.4429688553267188
1.5825,0.1207857842064037,-0.5171453241628908
1.583,0.3021787567870086,-0.4641621321370536
1.5835,0.3661998059331045,-0.326405832869877
1.584,0.3555296310754218,-0.1568596183871981
1.5845,0.3341892813600565,0.01268659609548085
1.585,0.3021787567870086,0.1822328105781598
1.5855,0.3021787567870086,0.3411823866556712
1.586,0.3235191065023739,0.4789386859228479
1.5865,0.408880505363835,0.55311515475902
1.587,0.6969752265212663,0.309392471440169
1.5875,0.825017324813458,-0.3052125560595421
1.588,0.2808384070716433,-0.9516074987747555
1.5885,-0.007256314085787988,-0.9304142219644207
1.589,0.2274875327832301,-0.3793890248957141
1.5895,0.5049120790829789,0.08686306493165288
1.59,0.6329541773751706,0.309392471440169
1.5905,0.6116138276598051,0.4153588554918433
1.591,0.5369226036560266,0.5213252395435176
1.5915,0.4408910299368829,0.5107286011383502
1.592,0.408880505363835,0.4153588554918433
1.5925,0.4408910299368829,0.2776025562246667
1.593,0.3128489316446912,0.06566978812131802
1.5935,0.2808384070716433,-0.01910331912002144
1.594,0.1954770082101822,-0.1462629799820306
1.5945,-0.572775581542968,-0.9304142219644207
1.595,-0.8608703027003992,-0.6443049850249
1.5955,-1.618452717595867,-0.1462629799820306
1.596,-2.258663209056825,0.3305857482505039
1.5965,-2.461396531352796,0.4683420475176805
1.597,-2.685470203364131,-0.2310360872233701
1.5975,-2.141291285622316,-0.792657922697244
1.598,-1.244996597576974,-0.8138511995075789
1.5985,-0.4767440078238243,-0.6231117082145651
1.599,0.02475421048725994,-0.400582301706049
1.5995,0.2808384070716433,-0.1992461720078678
1.6,0.3768699807907871,-0.05089323433552374
1.6005,0.3875401556484697,0.04447651131098315
1.601,0.3555296310754218,0.1186529801471552
1.6015,0.3235191065023739,0.1822328105781598
1.602,0.3128489316446912,0.2246193641988295
1.6025,0.3235191065023739,0.2564092794143318
1.603,0.4302208550792003,0.2564092794143318
1.6035,1.038420821967111,-0.09327978795619347
1.604,1.593269914566608,-0.8456411147230812
1.6045,0.9530594231056497,-1.608599079895136
1.605,0.3235191065023739,-1.534422611058964
1.6055,0.3555296310754218,-0.9939940523954253
1.606,0.5369226036560266,-0.5277419625680583
1.6065,0.6436243522328531,-0.2310360872233701
1.607,0.6436243522328531,-0.05089323433552374
1.6075,0.5689331282290746,0.04447651131098315
1.608,0.4622313796522482,0.07626642652648545
1.6085,0.3982103305061524,0.06566978812131802
1.609,0.5369226036560266,-0.04029659593035631
1.6095,0.5475927785137094,-0.08268314955102604
1.61,0.4622313796522482,-0.07208651114585861
1.6105,0.3555296310754218,-0.05089323433552374
1.611,0.2808384070716433,-0.01910331912002144
1.6115,-0.01792648894347063,0.1186529801471552
1.612,-0.690147504977477,0.6378882620003594
1.6125,-1.415719395299897,1.231300012689736
1.613,-2.045259711903173,1.443232780793084
1.6135,-2.130621110764634,1.443232780793084
1.614,-2.386705307349017,0.1716361721729923
1.6145,-1.46907026958831,-0.1886495336027004
1.615,-0.690147504977477,-0.3899856633008816
1.6155,-0.1352984123779797,-0.3899856633008816
1.616,0.2381577076409128,-0.2204394488182027
1.6165,0.3448594562177392,-0.09327978795619347
1.617,0.3448594562177392,0.05507314971615059
1.6175,0.3235191065023739,0.2034260873884947
1.618,0.291508581929326,0.3517790250608387
1.6185,0.291508581929326,0.4683420475176805
1.619,0.3021787567870086,0.5849050699745222
1.6195,0.3341892813600565,0.6590815388106942
1.62,0.7183155762366316,0.6166949851900245
1.6205,1.497238340847464,0.2670059178194992
1.621,1.625280439139656,-0.4323722169215513
1.6215,0.9530594231056497,-0.9622041371799229
1.622,0.7503261008096795,-0.6019184314042303
1.6225,0.7716664505250448,-0.1886495336027004
1.623,0.8036769750980928,0.08686306493165288
1.6235,0.7609962756673623,0.1928294489833272
1.624,0.6222840025174878,0.1504428953626575
1.6245,0.4835717293676135,0.01268659609548085
1.625,0.3875401556484697,-0.1356663415768632
1.6255,0.4408910299368829,-0.2734226408440398
1.626,0.4942419042252961,-0.3581957480853793
1.6265,0.4408910299368829,-0.3475991096802118
1.627,0.3555296310754218,-0.3158091944647096
1.6275,0.291508581929326,-0.2840192792492073
1.628,0.2061471830678648,-0.2204394488182027
1.6285,-0.2420001609548061,0.2352160026039969
1.629,-1.031593100423322,0.92399749893988
1.6295,-1.650463242168915,1.453829419198252
1.63,-2.055929886760855,1.188913459069066
1.6305,-2.226652684483777,0.1822328105781598
1.631,-1.543761493592088,-0.3475991096802118
1.6315,-0.7861790786966207,-0.3793890248957141
1.632,-0.2206598112394408,-0.1992461720078678
1.6325,-0.007256314085787988,-0.1038764263613609
1.633,0.1954770082101822,0.13984625695749
1.6335,-0.5087545323968721,-0.4535654937318862
1.634,-0.2633405106701714,-0.08268314955102604
1.6345,-0.1032878878049318,0.1822328105781598
1.635,0.07810508477567314,0.4047622170866759
1.6355,0.2594980573562781,0.6166949851900245
1.636,0.3128489316446912,0.6378882620003594
1.6365,0.5475927785137094,0.5425185163538525
1.637,1.262494493978446,0.08686306493165288
1.6375,1.465227816274416,-0.7502713690765743
1.638,0.5689331282290746,-1.714565463946811
1.6385,0.04609456020262521,-2.382153683472359
1.639,0.2061471830678648,-2.138431000153508
1.6395,0.4729015545099309,-1.354279758171118
1.64,0.5902734779444399,-0.6231117082145651
1.6405,0.5902734779444399,-0.1674562567923655
1.641,0.4942419042252961,0.002089957690313421
1.6415,0.408880505363835,0.01268659609548085
1.642,0.3982103305061524,-0.08268314955102604
1.6425,0.4515612047945656,-0.1992461720078678
1.643,0.408880505363835,-0.2840192792492073
1.6435,0.3555296310754218,-0.3687923864905467
1.644,0.291508581929326,-0.4429688553267188
1.6445,0.2274875327832301,-0.4853554089473885
1.645,-0.2633405106701714,-0.3899856633008816
1.6455,-1.084943974711735,-0.1144730647665284
1.646,-1.87453691418025,0.1928294489833272
1.6465,-2.504077230783526,0.4365521323021782
1.647,-2.749491252510227,0.5319218779486851
1.6475,-2.098610586191586,0.2670059178194992
1.648,-1.138294849000148,0.07626642652648545
1.6485,-0.4020527838200457,0.002089957690313421
1.649,0.05676473506030786,0.02328323450064829
1.6495,0.291508581929326,0.1186529801471552
1.65,0.3661998059331045,0.2352160026039969
1.6505,0.3661998059331045,0.3517790250608387
1.651,0.3341892813600565,0.4683420475176805
1.6515,0.3021787567870086,0.55311515475902
1.652,0.1741366584948169,0.5001319627331828
1.6525,0.2701682322139607,0.6378882620003594
1.653,-0.2953510352432193,-0.01910331912002144
1.6535,0.2701682322139607,-0.3370024712750445
1.654,0.8676980242441885,-0.8138511995075789
1.6545,0.09944543449103843,-1.502632695843462
1.655,-0.391382608962363,-1.364876396576285
1.6555,-0.1139580626626144,-0.7714646458869092
1.656,0.2168173579255475,-0.4111789401112165
1.6565,0.4835717293676135,-0.2098428104130352
1.657,0.5796033030867573,-0.1038764263613609
1.6575,0.5475927785137094,-0.08268314955102604
1.658,0.4729015545099309,-0.1144730647665284
1.6585,0.408880505363835,-0.1780528951975329
1.659,0.4622313796522482,-0.2628260024388724
1.6595,0.4515612047945656,-0.326405832869877
1.66,0.3875401556484697,-0.3581957480853793
1.6605,0.3128489316446912,-0.3687923864905467
1.661,0.2594980573562781,-0.3687923864905467
1.6615,0.1101156093487211,-0.3687923864905467
1.662,-0.5300948821122373,-0.3370024712750445
1.6625,-1.458400094730627,-0.1992461720078678
1.663,-1.981238662757077,-0.1144730647665284
1.6635,-2.290673733629873,0.13984625695749
1.664,-2.087940411333903,0.4471487707073456
1.6645,-1.319687821580753,0.3941655786815084
1.665,-0.5834457564006506,0.2352160026039969
1.6655,-0.07127736323188383,0.1186529801471552
1.666,0.2168173579255475,0.08686306493165288
1.6665,0.3448594562177392,0.1186529801471552
1.667,0.3661998059331045,0.2034260873884947
1.6675,0.3448594562177392,0.309392471440169
1.668,0.3128489316446912,0.4047622170866759
1.6685,0.3021787567870086,0.4895353243280153
1.669,0.3128489316446912,0.5637117931641874
1.6695,0.3555296310754218,0.6060983467848571
1.67,0.7183155762366316,0.3623756634660061
1.6705,1.145122570543937,-0.2628260024388724
1.671,0.6969752265212663,-0.8986243067489184
1.6715,-0.1673089369510276,-1.492036057438295
1.672,-0.07127736323188383,-1.301296566145281
1.6725,-0.5407650569699201,-1.47084278062796
1.673,-0.1459685872356623,-0.792657922697244
1.6735,0.142126133921769,-0.3052125560595421
1.674,0.3128489316446912,0.03387987290581572
1.6745,0.4302208550792003,0.2458126410091644
1.675,0.3875401556484697,0.2352160026039969
1.6755,0.5582629533713921,0.03387987290581572
1.676,0.6756348768059011,-0.1674562567923655
1.6765,0.5902734779444399,-0.2734226408440398
1.677,0.4622313796522482,-0.3475991096802118
1.6775,0.3448594562177392,-0.400582301706049
1.678,0.2061471830678648,-0.400582301706049
1.6785,-0.4127229586777283,-0.06148987274069118
1.679,-1.148965023857831,0.3729723018711736
1.6795,-1.885207089037933,0.55311515475902
1.68,-2.568098279929622,0.3411823866556712
1.6805,-2.493407055925843,-0.3052125560595421
1.681,-1.639793067311232,-0.5595318777835605
1.6815,-0.7861790786966207,-0.5171453241628908
1.682,-0.1673089369510276,-0.3475991096802118
1.6825,0.1848068333524996,-0.1674562567923655
1.683,0.3448594562177392,0.002089957690313421
1.6835,0.3768699807907871,0.13984625695749
1.684,0.3555296310754218,0.2564092794143318
1.6845,0.3235191065023739,0.3517790250608387
1.685,0.3021787567870086,0.4259554938970107
1.6855,0.3021787567870086,0.4895353243280153
1.686,0.3235191065023739,0.5319218779486851
1.6865,0.6116138276598051,0.383568940276341
1.687,1.19847344483235,-0.2310360872233701
1.6875,0.8036769750980928,-0.9622041371799229
1.688,-0.156638762093345,-1.481439419033127
1.6885,-0.3380317346739499,-1.619195718300304
1.689,0.02475421048725994,-1.142346990067769
1.6895,0.4195506802215176,-0.474758770542221
1.69,0.5155822539406614,-0.05089323433552374
1.6905,0.5475927785137094,0.2352160026039969
1.691,0.3661998059331045,0.1928294489833272
1.6915,-0.3487019095316325,-0.4535654937318862
1.692,-0.1352984123779797,-0.4111789401112165
1.6925,0.07810508477567314,-0.5595318777835605
1.693,0.2381577076409128,-0.4535654937318862
1.6935,0.3235191065023739,-0.326405832869877
1.694,0.2808384070716433,-0.326405832869877
1.6945,0.2274875327832301,-0.3370024712750445
1.695,-0.274010685527854,-0.1250697031716958
1.6955,-1.223656247861609,0.3729723018711736
1.696,-2.023919362187807,0.6802748156210291
1.6965,-2.429386006779747,0.6378882620003594
1.697,-2.728150902794861,0.2564092794143318
1.6975,-2.183971985053047,-0.2098428104130352
1.698,-1.277007122150022,-0.4429688553267188
1.6985,-0.4980843575391895,-0.4853554089473885
1.699,0.01408403562957729,-0.4111789401112165
1.6995,0.2808384070716433,-0.2946159176543747
1.7,0.3768699807907871,-0.1462629799820306
1.7005,0.3875401556484697,0.002089957690313421
1.701,0.3555296310754218,0.13984625695749
1.7015,0.3235191065023739,0.2670059178194992
1.702,0.3021787567870086,0.383568940276341
1.7025,0.3021787567870086,0.4895353243280153
1.703,0.4515612047945656,0.5001319627331828
1.7035,1.134452395686255,0.13984625695749
1.704,1.646620788855021,-0.5489352393783931
1.7045,0.974399772821015,-1.184733543688439
1.705,0.3875401556484697,-1.036380606016095
1.7055,0.4195506802215176,-0.5065486857577234
1.706,0.5796033030867573,-0.1356663415768632
1.7065,0.6542945270905358,0.09745970333682032
1.707,0.6116138276598051,0.13984625695749
1.7075,0.5369226036560266,0.13984625695749
1.708,0.4515612047945656,0.1504428953626575
1.7085,0.3875401556484697,0.1610395337678249
1.709,0.4729015545099309,0.09745970333682032
1.7095,0.3661998059331045,-0.05089323433552374
1.71,0.3555296310754218,-0.02969995752518888
1.7105,0.1954770082101822,-0.1886495336027004
1.711,-0.5514352318276028,-0.8880276683437509
1.7115,-0.6794773301197943,-0.4641621321370536
1.712,-1.415719395299897,0.2034260873884947
1.7125,-2.141291285622316,0.8180311148882058
1.713,-2.482736881068161,1.104140351827727
1.7135,-2.80284212679864,0.6802748156210291
1.714,-2.365364957633652,-0.02969995752518888
1.7145,-1.437059745015262,-0.3370024712750445
1.715,-0.6047861061160158,-0.3793890248957141
1.7155,-0.03926683865883591,-0.2840192792492073
1.716,0.2594980573562781,-0.1568596183871981
1.7165,0.3768699807907871,-0.01910331912002144
1.717,0.3982103305061524,0.08686306493165288
1.7175,0.3661998059331045,0.1822328105781598
1.718,0.3341892813600565,0.2564092794143318
1.7185,0.3128489316446912,0.3199891098453364
1.719,0.3235191065023739,0.3623756634660061
1.7195,0.3661998059331045,0.3941655786815084
1.72,0.7609962756673623,0.13984625695749
1.7205,1.305175193409177,-0.5913217929990628
1.721,1.038420821967111,-1.417859588602123
1.7215,0.3555296310754218,-2.000674700886331
1.722,0.3661998059331045,-2.053657892912168
1.7225,0.5796033030867573,-1.481439419033127
1.723,0.7289857510943143,-0.6972881770507372
1.7235,0.7396559259519968,-0.06148987274069118
1.724,0.6329541773751706,0.2881991946298341
1.7245,0.5049120790829789,0.4153588554918433
1.725,0.3982103305061524,0.4047622170866759
1.7255,0.4408910299368829,0.2140227257936621
1.726,0.4622313796522482,0.01268659609548085
1.7265,0.408880505363835,-0.1038764263613609
1.727,0.3448594562177392,-0.1780528951975329
1.7275,0.2808384070716433,-0.2310360872233701
1.728,0.1954770082101822,-0.2946159176543747
1.7285,-0.3060212101009019,-0.1356663415768632
1.729,-1.010252750707956,0.1716361721729923
1.7295,-1.693143941599645,0.2246193641988295
1.73,-2.013249187330125,0.4789386859228479
1.7305,-2.717480727937179,-0.05089323433552374
1.731,-1.87453691418025,-0.07208651114585861
1.7315,-1.020922925565639,-0.2734226408440398
1.732,-0.3273615598162672,-0.3581957480853793
1.7325,0.1527963087794516,-0.3052125560595421
1.733,0.3128489316446912,-0.2628260024388724
1.7335,0.3555296310754218,-0.1674562567923655
1.734,0.3341892813600565,-0.01910331912002144
1.7345,0.3128489316446912,0.13984625695749
1.735,0.3021787567870086,0.2987958330350016
1.7355,0.3128489316446912,0.4471487707073456
1.736,0.3341892813600565,0.5743084315693548
1.7365,0.5369226036560266,0.627291623595192
1.737,1.134452395686255,0.2881991946298341
1.7375,1.123782220828572,-0.3370024712750445
1.738,0.5475927785137094,-0.8880276683437509
1.7385,0.5155822539406614,-1.396666311791788
1.739,0.8036769750980928,-1.417859588602123
1.7395,0.974399772821015,-0.8032545611024114
1.74,0.942389248247967,-0.1038764263613609
1.7405,0.7823366253827275,0.3941655786815084
1.741,0.5902734779444399,0.5743084315693548
1.7415,0.4515612047945656,0.5637117931641874
1.742,0.4515612047945656,0.4365521323021782
1.7425,0.5689331282290746,0.2458126410091644
1.743,0.5262524287983441,0.07626642652648545
1.7435,0.4302208550792003,-0.06148987274069118
1.744,0.3341892813600565,-0.1992461720078678
1.7445,0.2381577076409128,-0.326405832869877
1.745,-0.2206598112394408,-0.4217755785163839
1.7455,-0.9355615267041777,-0.474758770542221
1.746,-1.437059745015262,-0.6549016234300674
1.7465,-1.746494815888059,-1.036380606016095
1.747,-1.842526389607202,-1.439052865412457
1.7475,-1.287677297007705,-1.375473034981453
1.748,-0.6367966306890638,-1.05757388282643
1.7485,-0.1779791118087102,-0.7502713690765743
1.749,0.04609456020262521,-0.5489352393783931
1.7495,0.2381577076409128,-0.2946159176543747
1.75,-0.274010685527854,-0.7078848154559045
1.7505,-0.3060212101009019,-0.6125150698093976
1.751,-0.1139580626626144,-0.2946159176543747
1.7515,0.04609456020262521,-0.01910331912002144
1.752,0.2381577076409128,0.2670059178194992
1.7525,0.3128489316446912,0.3941655786815084
1.753,0.3875401556484697,0.4471487707073456
1.7535,0.7609962756673623,0.13984625695749
1.754,1.123782220828572,-0.6337083466197325
1.7545,0.8036769750980928,-1.481439419033127
1.755,0.4622313796522482,-1.968884785670829
1.7555,0.5902734779444399,-1.640388995110639
1.756,0.7503261008096795,-0.8032545611024114
1.7565,0.8143471499557753,-0.09327978795619347
1.757,0.7503261008096795,0.3517790250608387
1.7575,0.6116138276598051,0.5743084315693548
1.758,0.4729015545099309,0.6166949851900245
1.7585,0.3768699807907871,0.5637117931641874
1.759,0.3768699807907871,0.55311515475902
1.7595,0.3555296310754218,0.3941655786815084
1.76,0.3128489316446912,0.1928294489833272
1.7605,0.2701682322139607,0.002089957690313421
1.761,0.2381577076409128,-0.1462629799820306
1.7615,0.00341386077189465,-0.3158091944647096
1.762,-0.722158029550525,-0.3899856633008816
1.7625,-1.46907026958831,-0.3581957480853793
1.763,-2.002579012472442,-0.4641621321370536
1.7635,-2.162631635337682,-0.8350444763179138
1.764,-1.522421143876723,-0.9198175835592532
1.7645,-0.7861790786966207,-0.7502713690765743
1.765,-0.2206598112394408,-0.5383386009732256
1.7655,0.1314559590640864,-0.3370024712750445
1.766,0.291508581929326,-0.1886495336027004
1.7665,0.3448594562177392,-0.07208651114585861
1.767,0.3448594562177392,0.03387987290581572
1.7675,0.3128489316446912,0.1186529801471552
1.768,0.291508581929326,0.1928294489833272
1.7685,0.2808384070716433,0.2670059178194992
1.769,0.1314559590640864,0.1822328105781598
1.7695,0.2274875327832301,0.3199891098453364
1.77,-0.423393133535411,-0.4535654937318862
1.7705,0.2808384070716433,-0.5277419625680583
1.771,0.408880505363835,-1.004590690800593
1.7715,-0.1886492866663929,-1.703968825541643
1.772,0.04609456020262521,-2.138431000153508
1.7725,0.5049120790829789,-1.926498232050159
1.773,0.7609962756673623,-1.237716735714276
1.7735,0.7823366253827275,-0.4217755785163839
1.774,0.6542945270905358,0.1504428953626575
1.7745,0.5049120790829789,0.457745409112513
1.775,0.3875401556484697,0.5425185163538525
1.7755,0.4622313796522482,0.4471487707073456
1.776,0.5475927785137094,0.2881991946298341
1.7765,0.4835717293676135,0.1610395337678249
1.777,0.3982103305061524,0.04447651131098315
1.7775,0.3128489316446912,-0.06148987274069118
1.778,0.1314559590640864,-0.1992461720078678
1.7785,-0.5300948821122373,-0.570128516188728
1.779,-1.26633694729234,-1.025783967610927
1.7795,-1.682473766741963,-1.534422611058964
1.78,-1.938557963326346,-1.990078062481164
1.7805,-1.586442193022819,-1.905304955239825
1.781,-0.9248913518464952,-1.364876396576285
1.7815,-0.3380317346739499,-0.8244478379127463
1.782,0.05676473506030786,-0.4323722169215513
1.7825,0.2594980573562781,-0.1780528951975329
1.783,0.3341892813600565,-0.05089323433552374
1.7835,0.3448594562177392,0.02328323450064829
1.784,0.3128489316446912,0.07626642652648545
1.7845,0.291508581929326,0.1080563417419877
1.785,0.2701682322139607,0.1504428953626575
1.7855,0.2701682322139607,0.1928294489833272
1.786,0.291508581929326,0.2246193641988295
1.7865,0.408880505363835,0.2352160026039969
1.787,0.9210488985326017,0.04447651131098315
1.7875,1.51857869056283,-0.4217755785163839
1.788,1.241154144263081,-1.046977244421262
1.7885,0.857027849386506,-1.598002441489969
1.789,0.9317190733902845,-1.280103289334946
1.7895,0.8463576745288233,-0.6972881770507372
1.79,0.07810508477567314,-0.8138511995075789
1.7905,0.08877525963335578,-0.2628260024388724
1.791,0.1207857842064037,0.13984625695749
1.7915,0.1848068333524996,0.4153588554918433
1.792,0.3235191065023739,0.5319218779486851
1.7925,0.3768699807907871,0.4365521323021782
1.793,0.3555296310754218,0.3623756634660061
1.7935,0.3021787567870086,0.2881991946298341
1.794,0.2594980573562781,0.2034260873884947
1.7945,0.1954770082101822,0.1080563417419877
1.795,-0.3380317346739499,0.08686306493165288
1.7955,-1.319687821580753,0.1080563417419877
1.796,-1.949228138184029,-0.01910331912002144
1.7965,-2.301343908487556,-0.400582301706049
1.797,-2.461396531352796,-0.9833974139902578
1.7975,-1.821186039891837,-1.110557074852267
1.798,-0.9889124009925911,-0.8986243067489184
1.7985,-0.3166913849585846,-0.6231117082145651
1.799,0.09944543449103843,-0.3899856633008816
1.7995,0.291508581929326,-0.2310360872233701
1.8,0.3555296310754218,-0.1356663415768632
1.8005,0.3555296310754218,-0.06148987274069118
1.801,0.3235191065023739,-0.008506680714854012
1.8015,0.291508581929326,0.05507314971615059
1.802,0.2701682322139607,0.1080563417419877
1.8025,0.291508581929326,0.1610395337678249
1.803,0.3768699807907871,0.1928294489833272
1.8035,0.942389248247967,-0.07208651114585861
1.804,1.443887466559051,-0.7396747306714069
1.8045,1.123782220828572,-1.38606967338662
1.805,0.8036769750980928,-1.492036057438295
1.8055,0.857027849386506,-1.089363798041932
1.806,0.8890383739595538,-0.5807251545938954
1.8065,0.857027849386506,-0.01910331912002144
1.807,0.7183155762366316,0.3941655786815084
1.8075,0.5475927785137094,0.5955017083796896
1.808,0.3128489316446912,0.5743084315693548
1.8085,0.2808384070716433,0.55311515475902
1.809,-0.06060718837420119,-0.07208651114585861
1.8095,-0.2633405106701714,-0.400582301706049
1.81,-0.1032878878049318,-0.2416327256285375
1.8105,0.00341386077189465,-0.1250697031716958
1.811,0.1314559590640864,0.01268659609548085
1.8115,0.03542438534494258,0.05507314971615059
1.812,-0.8181896032696687,-0.02969995752518888
1.8125,-1.895877263895616,-0.1462629799820306
1.813,-2.354694782775969,-0.3899856633008816
1.8135,-2.504077230783526,-0.792657922697244
1.814,-2.429386006779747,-1.311893204550448
1.8145,-1.67180359188428,-1.216523458903942
1.815,-0.8288597781273515,-0.8350444763179138
1.8155,-0.2099896363817582,-0.4535654937318862
1.816,0.1527963087794516,-0.1886495336027004
1.8165,0.3235191065023739,-0.04029659593035631
1.817,0.3661998059331045,0.04447651131098315
1.8175,0.3448594562177392,0.07626642652648545
1.818,0.3235191065023739,0.09745970333682032
1.8185,0.3021787567870086,0.1186529801471552
1.819,0.291508581929326,0.13984625695749
1.8195,0.3128489316446912,0.1610395337678249
1.82,0.7289857510943143,0.01268659609548085
1.8205,1.230483969405398,-0.5065486857577234
1.821,0.9103787236749192,-1.227120097309109
1.8215,0.3982103305061524,-1.767548655972648
1.822,0.4942419042252961,-1.979481424075996
1.8225,0.7396559259519968,-1.492036057438295
1.823,0.8676980242441885,-0.6972881770507372
1.8235,0.8463576745288233,-0.05089323433552374
1.824,0.707645401378949,0.3941655786815084
1.8245,0.5369226036560266,0.6378882620003594
1.825,0.3875401556484697,0.6908714540261965
1.8255,0.5155822539406614,0.4259554938970107
1.826,0.6436243522328531,0.1186529801471552
1.8265,0.5689331282290746,0.04447651131098315
1.827,0.4302208550792003,0.03387987290581572
1.8275,0.1741366584948169,-0.08268314955102604
1.828,0.142126133921769,0.03387987290581572
1.8285,-0.839529952985034,-0.05089323433552374
1.829,-1.917217613610981,0.3517790250608387
1.8295,-2.418715831922065,0.8710143069140429
1.83,-2.728150902794861,0.7332580076468663
1.8305,-2.514747405641209,0.02328323450064829
1.831,-1.693143941599645,-0.3687923864905467
1.8315,-0.8502001278427167,-0.4429688553267188
1.832,-0.2206598112394408,-0.3687923864905467
1.8325,0.142126133921769,-0.2310360872233701
1.833,0.3128489316446912,-0.1038764263613609
1.8335,0.3661998059331045,0.01268659609548085
1.834,0.3555296310754218,0.09745970333682032
1.8345,0.3235191065023739,0.1822328105781598
1.835,0.3021787567870086,0.2352160026039969
1.8355,0.3021787567870086,0.2881991946298341
1.836,0.3341892813600565,0.3199891098453364
1.8365,0.4408910299368829,0.2987958330350016
1.837,0.9210488985326017,-0.05089323433552374
1.8375,1.091771696255524,-0.6443049850249
1.838,0.4622313796522482,-1.0999604364471
1.8385,0.2594980573562781,-1.566212526274467
1.839,0.5262524287983441,-1.481439419033127
1.8395,0.7289857510943143,-0.7820612842920766
1.84,0.7396559259519968,-0.05089323433552374
1.8405,0.6542945270905358,0.4259554938970107
1.841,0.5155822539406614,0.5955017083796896
1.8415,0.3982103305061524,0.5849050699745222
1.842,0.3448594562177392,0.4895353243280153
1.8425,0.3235191065023739,0.3517790250608387
1.843,0.3021787567870086,0.2458126410091644
1.8435,0.2701682322139607,0.1610395337678249
1.844,0.2381577076409128,0.07626642652648545
1.8445,0.2168173579255475,0.01268659609548085
1.845,-0.007256314085787988,0.1716361721729923
1.8455,-0.6794773301197943,0.775644561267536
1.846,-1.351698346153801,1.400846227172415
1.8465,-2.002579012472442,1.718745379327438
1.847,-2.19464215991073,1.188913459069066
1.8475,-1.383708870726849,0.5955017083796896
1.848,-1.234326422719292,-0.4429688553267188
1.8485,-0.8502001278427167,-0.8350444763179138
1.849,-0.3166913849585846,-0.6972881770507372
1.8495,-0.007256314085787988,-0.4853554089473885
1.85,0.2274875327832301,-0.1780528951975329
1.8505,0.3235191065023739,0.05507314971615059
1.851,0.3021787567870086,0.1822328105781598
1.8515,0.2808384070716433,0.309392471440169
1.852,0.2701682322139607,0.4153588554918433
1.8525,0.2808384070716433,0.5107286011383502
1.853,0.4195506802215176,0.5425185163538525
1.8535,1.070431346540159,0.2564092794143318
1.854,1.35852606769759,-0.400582301706049
1.8545,0.4622313796522482,-1.174136905283272
1.855,-0.03926683865883591,-1.0999604364471
1.8555,0.1848068333524996,-0.4853554089473885
1.856,0.4942419042252961,-0.04029659593035631
1.8565,0.6969752265212663,0.1716361721729923
1.857,0.6969752265212663,0.2034260873884947
1.8575,0.5796033030867573,0.2140227257936621
1.858,0.4515612047945656,0.2034260873884947
1.8585,0.3768699807907871,0.1716361721729923
1.859,0.4408910299368829,0.02328323450064829
1.8595,0.4195506802215176,-0.01910331912002144
1.86,0.3555296310754218,-0.008506680714854012
1.8605,0.291508581929326,0.01268659609548085
1.861,0.2381577076409128,0.02328323450064829
1.8615,0.03542438534494258,0.1292496185523226
1.862,-0.6474668055467465,0.5001319627331828
1.8625,-1.415719395299897,0.92399749893988
1.863,-2.03458953704549,1.157123543853563
1.8635,-2.536087755356574,0.9028042221295453
1.864,-1.981238662757077,0.383568940276341
1.8645,-1.1062843244271,0.08686306493165288
1.865,-0.423393133535411,-0.01910331912002144
1.8655,0.02475421048725994,-0.01910331912002144
1.866,0.2594980573562781,0.04447651131098315
1.8665,0.2274875327832301,0.002089957690313421
1.867,0.3021787567870086,0.1504428953626575
1.8675,-0.391382608962363,-0.4535654937318862
1.868,-0.4020527838200457,-0.3687923864905467
1.8685,-0.1993194615240755,-0.1144730647665284
1.869,-0.01792648894347063,0.09745970333682032
1.8695,0.2594980573562781,0.309392471440169
1.87,0.8890383739595538,0.08686306493165288
1.8705,1.571929564851243,-0.6866915386455698
1.871,1.187803269974668,-1.449649503817625
1.8715,0.5155822539406614,-1.703968825541643
1.872,0.4835717293676135,-1.333086481360783
1.8725,0.6222840025174878,-0.7714646458869092
1.873,0.707645401378949,-0.1886495336027004
1.8735,0.6863050516635838,0.1504428953626575
1.874,0.5902734779444399,0.2987958330350016
1.8745,0.4515612047945656,0.3517790250608387
1.875,0.3555296310754218,0.3305857482505039
1.8755,0.3235191065023739,0.2564092794143318
1.876,0.3021787567870086,0.1822328105781598
1.8765,0.2701682322139607,0.1186529801471552
1.877,0.2488278824985954,0.05507314971615059
1.8775,0.2381577076409128,-0.008506680714854012
1.878,0.1314559590640864,-0.01910331912002144
1.8785,-0.4660738329661415,0.3517790250608387
1.879,-1.159635198715513,0.8710143069140429
1.8795,-1.51175096901904,1.157123543853563
1.88,-1.863866739322568,1.167720182258731
1.8805,-1.87453691418025,1.082947075017392
1.881,-1.277007122150022,0.701468092431364
1.8815,-0.6154562809736985,0.2881991946298341
1.882,-0.1139580626626144,0.01268659609548085
1.8825,0.1634664836371343,-0.1038764263613609
1.883,0.3021787567870086,-0.09327978795619347
1.8835,0.3235191065023739,-0.02969995752518888
1.884,0.3235191065023739,0.08686306493165288
1.8845,0.3021787567870086,0.2140227257936621
1.885,0.2808384070716433,0.3305857482505039
1.8855,0.291508581929326,0.4365521323021782
1.886,0.3021787567870086,0.5213252395435176
1.8865,0.3235191065023739,0.4365521323021782
1.887,0.8356874996711408,0.1292496185523226
1.8875,0.9317190733902845,-0.5383386009732256
1.888,0.1634664836371343,-1.407262950196955
1.8885,-0.4874141826815069,-1.852321763213987
1.889,-0.1032878878049318,-1.205926820498774
1.8895,0.2488278824985954,-0.4641621321370536
1.89,0.4835717293676135,0.1504428953626575
1.8905,0.5902734779444399,0.5425185163538525
1.891,0.5049120790829789,0.6802748156210291
1.8915,0.408880505363835,0.6802748156210291
1.892,0.3555296310754218,0.55311515475902
1.8925,0.3341892813600565,0.3941655786815084
1.893,0.3021787567870086,0.2246193641988295
1.8935,0.2701682322139607,0.08686306493165288
1.894,0.2488278824985954,-0.04029659593035631
1.8945,0.2061471830678648,-0.1462629799820306
1.895,-0.1352984123779797,0.1186529801471552
1.8955,-0.9035510021311299,0.775644561267536
1.896,-1.639793067311232,1.347863035146577
1.8965,-2.183971985053047,1.33726639674141
1.897,-2.514747405641209,0.2987958330350016
1.8975,-1.970568487899394,-0.400582301706049
1.898,-1.127624674142465,-0.5489352393783931
1.8985,-0.423393133535411,-0.4429688553267188
1.899,0.03542438534494258,-0.2416327256285375
1.8995,0.2701682322139607,-0.06148987274069118
1.9,0.3555296310754218,0.09745970333682032
1.9005,0.3555296310754218,0.2140227257936621
1.901,0.3235191065023739,0.309392471440169
1.9015,0.3021787567870086,0.3729723018711736
1.902,0.291508581929326,0.4259554938970107
1.9025,0.3021787567870086,0.4683420475176805
1.903,0.3341892813600565,0.4895353243280153
1.9035,0.6969752265212663,0.3941655786815084
1.904,1.081101521397841,-0.01910331912002144
1.9045,0.6329541773751706,-0.7078848154559045
1.905,0.2488278824985954,-1.311893204550448
1.9055,0.408880505363835,-1.333086481360783
1.906,0.6329541773751706,-0.7502713690765743
1.9065,0.7609962756673623,-0.1356663415768632
1.907,0.6222840025174878,0.2458126410091644
1.9075,0.5369226036560266,0.4895353243280153
1.908,0.07810508477567314,0.1292496185523226
1.9085,-0.3593720843893152,-0.3475991096802118
1.909,-0.04993701351651855,-0.2946159176543747
1.9095,0.08877525963335578,-0.252229364033705
1.91,0.2168173579255475,-0.1356663415768632
1.9105,0.2808384070716433,-0.06148987274069118
1.911,0.2381577076409128,-0.1144730647665284
1.9115,-0.01792648894347063,-0.04029659593035631
1.912,-0.8715404775580819,0.4153588554918433
1.9125,-1.895877263895616,0.9028042221295453
1.913,-2.664129853648766,1.072350436612224
1.9135,-3.282999995394359,0.2670059178194992
1.914,-2.930884225090832,-0.6654982618352349
1.9145,-1.821186039891837,-0.8244478379127463
1.915,-0.8502001278427167,-0.5913217929990628
1.9155,-0.1673089369510276,-0.2840192792492073
1.916,0.2061471830678648,-0.01910331912002144
1.9165,0.3555296310754218,0.1716361721729923
1.917,0.3875401556484697,0.2881991946298341
1.9175,0.3661998059331045,0.3623756634660061
1.918,0.3235191065023739,0.3941655786815084
1.9185,0.3021787567870086,0.4153588554918433
1.919,0.3021787567870086,0.4259554938970107
1.9195,0.3555296310754218,0.3941655786815084
1.92,0.8676980242441885,0.06566978812131802
1.9205,1.497238340847464,-0.6549016234300674
1.921,1.059761171682476,-1.42845622700729
1.9215,0.2168173579255475,-1.703968825541643
1.922,0.09944543449103843,-1.184733543688439
1.9225,0.2808384070716433,-0.5595318777835605
1.923,0.4729015545099309,-0.04029659593035631
1.9235,0.5475927785137094,0.2881991946298341
1.924,0.5049120790829789,0.4789386859228479
1.9245,0.4408910299368829,0.5213252395435176
1.925,0.3661998059331045,0.4789386859228479
1.9255,0.3982103305061524,0.2564092794143318
1.926,0.4302208550792003,0.03387987290581572
1.9265,0.291508581929326,-0.1462629799820306
1.927,0.2594980573562781,-0.1674562567923655
1.9275,0.2168173579255475,-0.2098428104130352
1.928,-0.3273615598162672,-0.5807251545938954
1.9285,-1.127624674142465,-0.5489352393783931
1.929,-1.821186039891837,-0.1038764263613609
1.9295,-2.258663209056825,0.1292496185523226
1.93,-2.472066706210478,0.04447651131098315
1.9305,-2.429386006779747,-0.5277419625680583
1.931,-1.725154466172693,-0.7608680074817418
1.9315,-0.8928808272734472,-0.6654982618352349
1.932,-0.2526703358124887,-0.4535654937318862
1.9325,0.1314559590640864,-0.2310360872233701
1.933,0.3128489316446912,-0.04029659593035631
1.9335,0.3661998059331045,0.1186529801471552
1.934,0.3555296310754218,0.2458126410091644
1.9345,0.3341892813600565,0.3517790250608387
1.935,0.3021787567870086,0.4365521323021782
1.9355,0.3021787567870086,0.5107286011383502
1.936,0.3235191065023739,0.5637117931641874
1.9365,0.6863050516635838,0.4259554938970107
1.937,1.454557641416734,-0.1780528951975329
1.9375,1.892034810581722,-1.01518732920576
1.938,1.625280439139656,-1.555615887869299
1.9385,1.443887466559051,-0.9833974139902578
1.939,1.347855892839907,-0.1250697031716958
1.9395,1.177133095116985,0.1292496185523226
1.94,0.9317190733902845,0.1822328105781598
1.9405,0.6969752265212663,0.1504428953626575
1.941,0.4942419042252961,0.06566978812131802
1.9415,0.3661998059331045,0.002089957690313421
1.942,0.3128489316446912,-0.09327978795619347
1.9425,0.3021787567870086,-0.1780528951975329
1.943,0.291508581929326,-0.1780528951975329
1.9435,0.2594980573562781,-0.1356663415768632
1.944,0.2381577076409128,-0.08268314955102604
1.9445,0.1954770082101822,-0.008506680714854012
1.945,-0.1779791118087102,0.3305857482505039
1.9455,-0.7968492535543035,0.9345941373450475
1.946,-1.351698346153801,1.33726639674141
1.9465,-1.83185621474952,1.316073119931075
1.947,-1.927887788468663,0.8816109453192104
1.9475,-1.30901764672307,0.5213252395435176
1.948,-0.8288597781273515,0.1822328105781598
1.9485,-0.9569018764195432,-0.4853554089473885
1.949,-0.4020527838200457,-0.2098428104130352
1.9495,-0.1032878878049318,0.01268659609548085
1.95,0.1314559590640864,0.2564092794143318
1.9505,0.291508581929326,0.4789386859228479
1.951,0.291508581929326,0.5213252395435176
1.9515,0.2701682322139607,0.5319218779486851
1.952,0.2594980573562781,0.5213252395435176
1.9525,0.2808384070716433,0.5001319627331828
1.953,0.3768699807907871,0.4365521323021782
1.9535,0.9103787236749192,0.2776025562246667
1.954,1.102441871113207,-0.2204394488182027
1.9545,0.4835717293676135,-1.025783967610927
1.955,0.1207857842064037,-1.566212526274467
1.9555,0.2808384070716433,-1.42845622700729
1.956,0.5369226036560266,-0.9833974139902578
1.9565,0.6863050516635838,-0.5807251545938954
1.957,0.6436243522328531,-0.3475991096802118
1.9575,0.5475927785137094,-0.2416327256285375
1.958,0.4515612047945656,-0.1674562567923655
1.9585,0.3768699807907871,-0.1462629799820306
1.959,0.4302208550792003,-0.2416327256285375
1.9595,0.408880505363835,-0.2628260024388724
1.96,0.3555296310754218,-0.2310360872233701
1.9605,0.291508581929326,-0.1780528951975329
1.961,0.2381577076409128,-0.1356663415768632
1.9615,0.02475421048725994,0.09745970333682032
1.962,-0.658136980404429,0.7438546460520338
1.9625,-1.362368521011484,1.347863035146577
1.963,-1.799845690176472,1.517409249629256
1.9635,-2.109280761049269,0.701468092431364
1.964,-2.013249187330125,-0.252229364033705
1.9645,-1.298347471865388,-0.4853554089473885
1.965,-0.6047861061160158,-0.3158091944647096
1.9655,-0.1032878878049318,-0.01910331912002144
1.966,0.1848068333524996,0.2564092794143318
1.9665,0.3021787567870086,0.4683420475176805
1.967,0.3235191065023739,0.6060983467848571
1.9675,0.1848068333524996,0.5743084315693548
1.968,0.1741366584948169,0.6484849004055269
1.9685,-0.5834457564006506,-0.07208651114585861
1.969,-0.3380317346739499,0.1716361721729923
1.9695,-0.09261771294724913,0.309392471440169
1.97,0.6116138276598051,0.1822328105781598
1.9705,1.625280439139656,-0.3158091944647096
1.971,1.582599739708926,-1.184733543688439
1.9715,0.79300680024041,-1.566212526274467
1.972,0.6649647019482183,-1.121153713257435
1.9725,0.7289857510943143,-0.7820612842920766
1.973,0.7503261008096795,-0.5595318777835605
1.9735,0.6756348768059011,-0.3793890248957141
1.974,0.5689331282290746,-0.2734226408440398
1.9745,0.4515612047945656,-0.2310360872233701
1.975,0.3555296310754218,-0.252229364033705
1.9755,0.4729015545099309,-0.3370024712750445
1.976,0.5262524287983441,-0.3899856633008816
1.9765,0.4515612047945656,-0.3581957480853793
1.977,0.3555296310754218,-0.2946159176543747
1.9775,0.2701682322139607,-0.2310360872233701
1.978,0.1101156093487211,-0.05089323433552374
1.9785,-0.5514352318276028,0.5743084315693548
1.979,-1.415719395299897,1.284283204715573
1.9795,-2.07727023647622,1.79292184816361
1.98,-2.610778979360353,1.920081509025619
1.9805,-2.546757930214257,1.188913459069066
1.981,-1.629122892453549,0.5001319627331828
1.9815,-0.7861790786966207,0.1504428953626575
1.982,-0.1779791118087102,0.06566978812131802
1.9825,0.1634664836371343,0.1504428953626575
1.983,0.3235191065023739,0.309392471440169
1.9835,0.3555296310754218,0.5001319627331828
1.984,0.3341892813600565,0.6696781772158616
1.9845,0.3021787567870086,0.8074344764830383
1.985,0.291508581929326,0.92399749893988
1.9855,0.291508581929326,0.9981739677760521
1.986,0.3021787567870086,1.040560521396722
1.9865,0.5689331282290746,0.9451907757502149
1.987,1.081101521397841,0.4153588554918433
1.9875,1.19847344483235,0.03387987290581572
1.988,-0.007256314085787988,-0.6760949002404023
1.9885,-0.3593720843893152,-0.8774310299385835
1.989,0.04609456020262521,-0.7396747306714069
1.9895,0.3661998059331045,-0.4217755785163839
1.99,0.6009436528021226,0.01268659609548085
1.9905,0.6116138276598051,0.2140227257936621
1.991,0.4942419042252961,0.1504428953626575
1.9915,0.3768699807907871,0.04447651131098315
1.992,0.3982103305061524,-0.1356663415768632
1.9925,0.5049120790829789,-0.3475991096802118
1.993,0.4622313796522482,-0.4641621321370536
1.9935,0.3768699807907871,-0.5383386009732256
1.994,0.291508581929326,-0.5913217929990628
1.9945,0.2168173579255475,-0.6231117082145651
1.995,-0.2420001609548061,-0.3370024712750445
1.9955,-1.148965023857831,0.2776025562246667
1.996,-1.842526389607202,0.7968378380778709
1.9965,-2.290673733629873,1.00877060618122
1.997,-2.450726356495113,0.8392243916985406
1.9975,-1.789175515318789,0.4047622170866759
1.998,-0.9569018764195432,0.06566978812131802
1.9985,-0.3060212101009019,-0.09327978795619347
1.999,0.09944543449103843,-0.09327978795619347
1.9995,0.291508581929326,0.01268659609548085
2,0.3448594562177392,0.1822328105781598
2.0005,0.3448594562177392,0.3623756634660061
2.001,0.3128489316446912,0.5425185163538525
2.0015,0.291508581929326,0.701468092431364
2.002,0.2808384070716433,0.8286277532933731
2.0025,0.3235191065023739,0.9134008605347127
2.003,0.5475927785137094,0.8710143069140429
2.0035,1.091771696255524,0.457745409112513
2.004,1.337185717982225,-0.2310360872233701
2.0045,0.7289857510943143,-0.7502713690765743
2.005,0.4942419042252961,-0.6760949002404023
2.0055,0.7503261008096795,-0.4323722169215513
2.006,0.9530594231056497,-0.05089323433552374
2.0065,0.8783681991018712,0.2034260873884947
2.007,0.825017324813458,0.5001319627331828
2.0075,0.3875401556484697,0.2776025562246667
2.008,-0.3060212101009019,-0.326405832869877
2.0085,-0.156638762093345,-0.2734226408440398
2.009,-0.007256314085787988,-0.4323722169215513
2.0095,0.1527963087794516,-0.4429688553267188
2.01,0.2488278824985954,-0.4429688553267188
2.0105,0.2274875327832301,-0.4959520473525559
2.011,0.2061471830678648,-0.5595318777835605
2.0115,-0.1459685872356623,-0.5277419625680583
2.012,-1.1062843244271,-0.2946159176543747
2.0125,-1.938557963326346,-0.1250697031716958
2.013,-2.087940411333903,-0.2098428104130352
2.0135,-2.354694782775969,-0.7290780922662394
2.014,-2.109280761049269,-1.184733543688439
2.0145,-1.351698346153801,-1.05757388282643
2.015,-0.6047861061160158,-0.718481453861072
2.0155,-0.08194753808956648,-0.3475991096802118
2.016,0.2061471830678648,-0.04029659593035631
2.0165,0.3235191065023739,0.1928294489833272
2.017,0.3448594562177392,0.3729723018711736
2.0175,0.3235191065023739,0.5107286011383502
2.018,0.3021787567870086,0.6166949851900245
2.0185,0.2808384070716433,0.6908714540261965
2.019,0.291508581929326,0.7544512844572011
2.0195,0.3448594562177392,0.775644561267536
2.02,0.8676980242441885,0.5107286011383502
2.0205,1.443887466559051,-0.1356663415768632
2.021,0.857027849386506,-0.8774310299385835
2.0215,0.04609456020262521,-1.046977244421262
2.022,0.05676473506030786,-0.5489352393783931
2.0225,0.3341892813600565,-0.1462629799820306
2.023,0.5582629533713921,0.04447651131098315
2.0235,0.6222840025174878,0.07626642652648545
2.024,0.5582629533713921,0.06566978812131802
2.0245,0.4622313796522482,0.002089957690313421
2.025,0.3661998059331045,-0.08268314955102604
2.0255,0.4302208550792003,-0.2628260024388724
2.026,0.408880505363835,-0.4323722169215513
2.0265,0.4302208550792003,-0.3687923864905467
2.027,0.08877525963335578,-0.6125150698093976
2.0275,-0.5300948821122373,-1.068170521231597
2.028,-0.4980843575391895,-0.4323722169215513
2.0285,-0.9569018764195432,0.5107286011383502
2.029,-1.778505340461106,1.464426057603419
2.0295,-2.525417580498891,2.015451254672126
2.03,-3.112277197671437,1.33726639674141
2.0305,-3.058926323383024,-0.01910331912002144
2.031,-2.07727023647622,-0.5383386009732256
2.0315,-1.06360362499637,-0.4853554089473885
2.032,-0.3060212101009019,-0.1992461720078678
2.0325,0.142126133921769,0.1186529801471552
2.033,0.3341892813600565,0.3729723018711736
2.0335,0.3875401556484697,0.5637117931641874
2.034,0.3661998059331045,0.6696781772158616
2.0345,0.3235191065023739,0.7438546460520338
2.035,0.3021787567870086,0.775644561267536
2.0355,0.291508581929326,0.7862411996727035
2.036,0.3021787567870086,0.7650479228623686
2.0365,0.6116138276598051,0.5955017083796896
2.037,1.283834843693812,0.02328323450064829
2.0375,1.19847344483235,-0.8350444763179138
2.038,0.4622313796522482,-1.460246142222792
2.0385,0.3555296310754218,-1.131750351662602
2.039,0.5689331282290746,-0.8562377531282487
2.0395,0.7289857510943143,-0.6654982618352349
2.04,0.7396559259519968,-0.6019184314042303
2.0405,0.6329541773751706,-0.570128516188728
2.041,0.4942419042252961,-0.5383386009732256
2.0415,0.3768699807907871,-0.4853554089473885
2.042,0.3661998059331045,-0.474758770542221
2.0425,0.3875401556484697,-0.474758770542221
2.043,0.3448594562177392,-0.4323722169215513
2.0435,0.3021787567870086,-0.3581957480853793
2.044,0.2594980573562781,-0.2734226408440398
2.0445,0.2061471830678648,-0.1886495336027004
2.045,-0.09261771294724913,0.1610395337678249
2.0455,-0.8822106524157645,0.7650479228623686
2.046,-1.490410619303675,1.326669758336243
2.0465,-2.344024607918286,1.167720182258731
2.047,-2.909543875375467,0.701468092431364
2.0475,-2.258663209056825,0.5107286011383502
2.048,-1.341028171296118,0.3517790250608387
2.0485,-0.4980843575391895,0.3941655786815084
2.049,0.03542438534494258,0.457745409112513
2.0495,0.2488278824985954,0.5001319627331828
2.05,0.3235191065023739,0.5637117931641874
2.0505,0.3341892813600565,0.627291623595192
2.051,0.3128489316446912,0.6802748156210291
2.0515,0.291508581929326,0.7120647308365314
2.052,0.2808384070716433,0.7226613692416989
2.0525,0.3021787567870086,0.701468092431364
2.053,0.408880505363835,0.6166949851900245
2.0535,1.017080472251745,0.13984625695749
2.054,1.315845368266859,-0.7502713690765743
2.0545,0.5796033030867573,-1.693372187136476
2.055,0.03542438534494258,-2.159624276963843
2.0555,0.1314559590640864,-1.862918401619155
2.056,0.3875401556484697,-1.237716735714276
2.0565,0.5369226036560266,-0.6972881770507372
2.057,0.5582629533713921,-0.3899856633008816
2.0575,0.5155822539406614,-0.1780528951975329
2.058,0.4408910299368829,-0.07208651114585861
2.0585,0.3768699807907871,-0.09327978795619347
2.059,0.4408910299368829,-0.1674562567923655
2.0595,0.4302208550792003,-0.2204394488182027
2.06,0.3555296310754218,-0.2840192792492073
2.0605,0.291508581929326,-0.326405832869877
2.061,0.2274875327832301,-0.3475991096802118
2.0615,0.00341386077189465,-0.1144730647665284
2.062,-0.690147504977477,0.5955017083796896
2.0625,-1.405049220442214,1.220703374284568
2.063,-2.002579012472442,1.464426057603419
2.0635,-2.482736881068161,0.849821030103708
2.064,-2.066600061618538,0.07626642652648545
2.0645,-1.170305373573196,-0.1992461720078678
2.065,-0.5621054066852853,-0.2840192792492073
2.0655,-0.06060718837420119,-0.09327978795619347
2.066,-0.3380317346739499,-0.4111789401112165
2.0665,-0.3807124341046804,-0.3687923864905467
2.067,-0.1459685872356623,0.01268659609548085
2.0675,0.01408403562957729,0.3199891098453364
2.068,0.1954770082101822,0.6166949851900245
2.0685,0.2808384070716433,0.7650479228623686
2.069,0.291508581929326,0.8074344764830383
2.0695,0.291508581929326,0.8180311148882058
2.07,0.5902734779444399,0.6696781772158616
2.0705,1.283834843693812,0.1610395337678249
2.071,1.177133095116985,-0.6972881770507372
2.0715,0.408880505363835,-1.587405803084801
2.072,0.2594980573562781,-1.746355379162313
2.0725,0.4195506802215176,-1.163540266878104
2.073,0.5689331282290746,-0.5383386009732256
2.0735,0.6116138276598051,-0.1250697031716958
2.074,0.5475927785137094,-0.008506680714854012
2.0745,0.4515612047945656,-0.008506680714854012
2.075,0.3661998059331045,-0.05089323433552374
2.0755,0.3875401556484697,-0.1780528951975329
2.076,0.3875401556484697,-0.2840192792492073
2.0765,0.3341892813600565,-0.3475991096802118
2.077,0.2808384070716433,-0.3793890248957141
2.0775,0.2381577076409128,-0.400582301706049
2.078,0.03542438534494258,-0.400582301706049
2.0785,-0.690147504977477,-0.326405832869877
2.079,-1.437059745015262,-0.2734226408440398
2.0795,-2.002579012472442,-0.3475991096802118
2.08,-2.504077230783526,-0.5383386009732256
2.0805,-2.280003558772191,-0.6760949002404023
2.081,-1.394379045584531,-0.570128516188728
2.0815,-0.6261264558313813,-0.3687923864905467
2.082,-0.09261771294724913,-0.1462629799820306
2.0825,0.2061471830678648,0.04447651131098315
2.083,0.3235191065023739,0.2140227257936621
2.0835,0.3448594562177392,0.3411823866556712
2.084,0.3341892813600565,0.4471487707073456
2.0845,0.291508581929326,0.5425185163538525
2.085,0.142126133921769,0.4683420475176805
2.0855,0.1741366584948169,0.5637117931641874
2.086,-0.5621054066852853,-0.1568596183871981
2.0865,0.00341386077189465,-0.1038764263613609
2.087,0.9637295979633325,-0.5913217929990628
2.0875,1.187803269974668,-1.354279758171118
2.088,0.3555296310754218,-1.788741932782983
2.0885,0.05676473506030786,-1.375473034981453
2.089,0.2061471830678648,-0.8138511995075789
2.0895,0.4408910299368829,-0.3581957480853793
2.09,0.5689331282290746,-0.04029659593035631
2.0905,0.5475927785137094,0.1186529801471552
2.091,0.4622313796522482,0.1716361721729923
2.0915,0.3768699807907871,0.1504428953626575
2.092,0.3768699807907871,0.002089957690313421
2.0925,0.408880505363835,-0.1780528951975329
2.093,0.3661998059331045,-0.252229364033705
2.0935,0.3021787567870086,-0.2734226408440398
2.094,0.2381577076409128,-0.2628260024388724
2.0945,0.1527963087794516,-0.3052125560595421
2.095,-0.4660738329661415,-0.6549016234300674
2.0955,-1.405049220442214,-1.078767159636765
2.096,-2.055929886760855,-1.51322933424863
2.0965,-2.546757930214257,-1.778145294377815
2.097,-2.738821077652544,-1.42845622700729
2.0975,-1.906547438753298,-0.8562377531282487
2.098,-0.9995825758502737,-0.3687923864905467
2.0985,-0.3166913849585846,-0.04029659593035631
2.099,0.09944543449103843,0.1716361721729923
2.0995,0.3021787567870086,0.2881991946298341
2.1,0.3661998059331045,0.3623756634660061
2.1005,0.3555296310754218,0.4047622170866759
2.101,0.3235191065023739,0.4365521323021782
2.1015,0.291508581929326,0.4683420475176805
2.102,0.2808384070716433,0.4789386859228479
2.1025,0.3021787567870086,0.5001319627331828
2.103,0.3235191065023739,0.5001319627331828
2.1035,0.6116138276598051,0.3941655786815084
2.104,1.241154144263081,0.002089957690313421
2.1045,1.081101521397841,-0.7078848154559045
2.105,0.857027849386506,-0.8774310299385835
2.1055,0.9103787236749192,-0.5065486857577234
2.106,0.6863050516635838,-0.3370024712750445
2.1065,0.07810508477567314,-0.6019184314042303
2.107,0.1741366584948169,-0.1780528951975329
2.1075,0.2168173579255475,-0.01910331912002144
2.108,0.2808384070716433,0.05507314971615059
2.1085,0.3555296310754218,0.08686306493165288
2.109,0.3768699807907871,-0.06148987274069118
2.1095,0.3448594562177392,-0.1144730647665284
2.11,0.3021787567870086,-0.1250697031716958
2.1105,0.2594980573562781,-0.1144730647665284
2.111,0.2168173579255475,-0.09327978795619347
2.1115,-0.1032878878049318,-0.04029659593035631
2.112,-1.052933450138687,0.1504428953626575
2.1125,-1.938557963326346,0.2987958330350016
2.113,-2.408045657064382,0.2670059178194992
2.1135,-2.845522826229371,0.002089957690313421
2.114,-2.472066706210478,-0.3793890248957141
2.1145,-1.533091318734406,-0.4111789401112165
2.115,-0.6794773301197943,-0.2628260024388724
2.1155,-0.09261771294724913,-0.09327978795619347
2.116,0.2274875327832301,0.06566978812131802
2.1165,0.3448594562177392,0.1822328105781598
2.117,0.3661998059331045,0.2776025562246667
2.1175,0.3448594562177392,0.3411823866556712
2.118,0.3128489316446912,0.3941655786815084
2.1185,0.291508581929326,0.4259554938970107
2.119,0.291508581929326,0.457745409112513
2.1195,0.3021787567870086,0.4683420475176805
2.12,0.5475927785137094,0.3941655786815084
2.1205,0.8890383739595538,0.002089957690313421
2.121,0.5262524287983441,-0.6972881770507372
2.1215,0.01408403562957729,-1.364876396576285
2.122,0.2061471830678648,-1.47084278062796
2.1225,0.5155822539406614,-0.9410108603695881
2.123,0.6756348768059011,-0.4429688553267188
2.1235,0.6542945270905358,-0.05089323433552374
2.124,0.5369226036560266,0.2034260873884947
2.1245,0.3768699807907871,0.2670059178194992
2.125,0.2168173579255475,0.1928294489833272
2.1255,0.2808384070716433,0.02328323450064829
2.126,-0.4020527838200457,-0.8032545611024114
2.1265,-0.1886492866663929,-0.5913217929990628
2.127,-0.06060718837420119,-0.4429688553267188
2.1275,0.04609456020262521,-0.2734226408440398
2.128,0.04609456020262521,0.01268659609548085
2.1285,-0.4767440078238243,0.6378882620003594
2.129,-1.180975548430879,1.146526905448396
2.1295,-1.970568487899394,1.178316820663898
2.13,-2.664129853648766,0.8816109453192104
2.1305,-2.834852651371688,0.06566978812131802
2.131,-2.013249187330125,-0.3687923864905467
2.1315,-1.06360362499637,-0.400582301706049
2.132,-0.3273615598162672,-0.2734226408440398
2.1325,0.1101156093487211,-0.09327978795619347
2.133,0.3235191065023739,0.06566978812131802
2.1335,0.3768699807907871,0.2034260873884947
2.134,0.3661998059331045,0.3199891098453364
2.1345,0.3341892813600565,0.4153588554918433
2.135,0.3128489316446912,0.4789386859228479
2.1355,0.3021787567870086,0.5319218779486851
2.136,0.3235191065023739,0.5637117931641874
2.1365,0.6649647019482183,0.4471487707073456
2.137,1.35852606769759,-0.07208651114585861
2.1375,1.15579274540162,-0.8350444763179138
2.138,0.1634664836371343,-1.502632695843462
2.1385,-0.09261771294724913,-1.598002441489969
2.139,0.1634664836371343,-1.078767159636765
2.1395,0.4622313796522482,-0.4853554089473885
2.14,0.6116138276598051,-0.02969995752518888
2.1405,0.6116138276598051,0.1822328105781598
2.141,0.5262524287983441,0.2352160026039969
2.1415,0.4302208550792003,0.2352160026039969
2.142,0.4195506802215176,0.13984625695749
2.1425,0.4515612047945656,-0.008506680714854012
2.143,0.408880505363835,-0.09327978795619347
2.1435,0.3341892813600565,-0.1356663415768632
2.144,0.1741366584948169,-0.2628260024388724
2.1445,0.1207857842064037,-0.2416327256285375
2.145,-0.4340633083930936,-0.2946159176543747
2.1455,-1.917217613610981,-0.9622041371799229
2.146,-2.44005618163743,-0.7820612842920766
2.1465,-2.770831602225592,-0.5065486857577234
2.147,-2.96289474966388,0.2776025562246667
2.1475,-2.354694782775969,0.6590815388106942
2.148,-1.415719395299897,0.4365521323021782
2.1485,-0.5941159312583333,0.13984625695749
2.149,-0.03926683865883591,-0.07208651114585861
2.1495,0.2488278824985954,-0.1356663415768632
2.15,0.3555296310754218,-0.09327978795619347
2.1505,0.3768699807907871,0.02328323450064829
2.151,0.3555296310754218,0.1822328105781598
2.1515,0.3341892813600565,0.3411823866556712
2.152,0.3128489316446912,0.4789386859228479
2.1525,0.3128489316446912,0.6166949851900245
2.153,0.408880505363835,0.7120647308365314
2.1535,1.017080472251745,0.5637117931641874
2.154,1.294505018551494,0.002089957690313421
2.1545,0.4729015545099309,-0.7820612842920766
2.155,-0.1139580626626144,-1.248313374119443
2.1555,0.02475421048725994,-0.8668343915334161
2.156,0.3341892813600565,-0.1886495336027004
2.1565,0.5475927785137094,0.3623756634660061
2.157,0.6009436528021226,0.6378882620003594
2.1575,0.5582629533713921,0.701468092431364
2.158,0.4515612047945656,0.6378882620003594
2.1585,0.408880505363835,0.4895353243280153
2.159,0.5049120790829789,0.2458126410091644
2.1595,0.4942419042252961,0.07626642652648545
2.16,0.408880505363835,-0.04029659593035631
2.1605,0.3235191065023739,-0.1356663415768632
2.161,0.2594980573562781,-0.2204394488182027
2.1615,-0.07127736323188383,-0.1992461720078678
2.162,-0.7861790786966207,0.02328323450064829
2.1625,-1.51175096901904,0.3199891098453364
2.163,-2.013249187330125,0.457745409112513
2.1635,-2.183971985053047,0.3941655786815084
2.164,-1.618452717595867,0.03387987290581572
2.1645,-0.7861790786966207,-0.1250697031716958
2.165,-1.010252750707956,-1.078767159636765
2.1655,-0.4874141826815069,-0.9410108603695881
2.166,-0.1352984123779797,-0.7078848154559045
2.1665,0.09944543449103843,-0.4323722169215513
2.167,0.2808384070716433,-0.1038764263613609
2.1675,0.3128489316446912,0.09745970333682032
2.168,0.291508581929326,0.2458126410091644
2.1685,0.2808384070716433,0.3729723018711736
2.169,0.291508581929326,0.5001319627331828
2.1695,0.3341892813600565,0.5955017083796896
2.17,0.6863050516635838,0.5319218779486851
2.1705,1.19847344483235,0.07626642652648545
2.171,0.7609962756673623,-0.718481453861072
2.1715,-0.2099896363817582,-1.42845622700729
2.172,-0.3700422592469978,-1.290699927740113
2.1725,-0.02859666380115328,-0.6337083466197325
2.173,0.3021787567870086,0.08686306493165288
2.1735,0.4729015545099309,0.5955017083796896
2.174,0.4835717293676135,0.7968378380778709
2.1745,0.4302208550792003,0.7862411996727035
2.175,0.3768699807907871,0.6484849004055269
2.1755,0.4942419042252961,0.2776025562246667
2.176,0.5369226036560266,-0.01910331912002144
2.1765,0.4729015545099309,-0.1356663415768632
2.177,0.3768699807907871,-0.1780528951975329
2.1775,0.3021787567870086,-0.2098428104130352
2.178,0.0674349099179905,-0.2416327256285375
2.1785,-0.7008176798351597,-0.1144730647665284
2.179,-1.405049220442214,0.01268659609548085
2.1795,-1.959898313041711,-0.06148987274069118
2.18,-2.536087755356574,-0.2098428104130352
2.1805,-2.258663209056825,-0.3581957480853793
2.181,-1.319687821580753,-0.4323722169215513
2.1815,-0.5621054066852853,-0.4323722169215513
2.182,-0.04993701351651855,-0.3793890248957141
2.1825,0.2381577076409128,-0.2946159176543747
2.183,0.3448594562177392,-0.1780528951975329
2.1835,0.2594980573562781,-0.1674562567923655
2.184,0.3021787567870086,0.03387987290581572
2.1845,-0.2099896363817582,-0.326405832869877
2.185,-0.4554036581084589,-0.4323722169215513
2.1855,-0.2206598112394408,-0.08268314955102604
2.186,-0.02859666380115328,0.1928294489833272
2.1865,0.3021787567870086,0.4047622170866759
2.187,0.6863050516635838,0.2776025562246667
2.1875,0.4942419042252961,-0.326405832869877
2.188,-0.1886492866663929,-1.131750351662602
2.1885,-0.2099896363817582,-1.481439419033127
2.189,0.1634664836371343,-0.9728007755850904
2.1895,0.4942419042252961,-0.2628260024388724
2.19,0.6649647019482183,0.2987958330350016
2.1905,0.6436243522328531,0.5849050699745222
2.191,0.5369226036560266,0.6908714540261965
2.1915,0.4195506802215176,0.6908714540261965
2.192,0.4729015545099309,0.55311515475902
2.1925,0.6116138276598051,0.3411823866556712
2.193,0.5689331282290746,0.2034260873884947
2.1935,0.4515612047945656,0.09745970333682032
2.194,0.3448594562177392,-0.01910331912002144
2.1945,0.2594980573562781,-0.1356663415768632
2.195,-0.1139580626626144,-0.1038764263613609
2.1955,-0.9248913518464952,0.04447651131098315
2.196,-1.543761493592088,0.04447651131098315
2.1965,-2.002579012472442,-0.1356663415768632
2.197,-2.205312334768412,-0.3687923864905467
2.1975,-1.597112367880501,-0.5171453241628908
2.198,-0.839529952985034,-0.570128516188728
2.1985,-0.2420001609548061,-0.5383386009732256
2.199,0.1314559590640864,-0.474758770542221
2.1995,0.3021787567870086,-0.3687923864905467
2.2,0.3555296310754218,-0.252229364033705
2.2005,0.3555296310754218,-0.1250697031716958
2.201,0.3235191065023739,0.01268659609548085
2.2015,0.3021787567870086,0.1504428953626575
2.202,0.3021787567870086,0.2881991946298341
2.2025,0.3128489316446912,0.4153588554918433
2.203,0.4835717293676135,0.4683420475176805
2.2035,0.974399772821015,0.05507314971615059
2.204,1.059761171682476,-0.3899856633008816
2.2045,0.07810508477567314,-0.9728007755850904
2.205,-0.8608703027003992,-1.396666311791788
2.2055,-0.391382608962363,-0.8032545611024114
2.206,0.142126133921769,-0.2946159176543747
2.2065,0.5049120790829789,0.05507314971615059
2.207,0.6649647019482183,0.3411823866556712
2.2075,0.5796033030867573,0.4259554938970107
2.208,0.4515612047945656,0.4365521323021782
2.2085,0.3982103305061524,0.3941655786815084
2.209,0.4835717293676135,0.2776025562246667
2.2095,0.4515612047945656,0.2246193641988295
2.21,0.3875401556484697,0.2246193641988295
2.2105,0.3235191065023739,0.2140227257936621
2.211,0.2701682322139607,0.1822328105781598
2.2115,0.0674349099179905,0.2670059178194992
2.212,-0.5834457564006506,0.6060983467848571
2.2125,-1.405049220442214,0.9663840525605498
2.213,-2.087940411333903,1.019367244586387
2.2135,-2.621449154218035,0.1292496185523226
2.214,-2.429386006779747,-0.7078848154559045
2.2145,-1.554431668449771,-0.7820612842920766
2.215,-0.7114878546928423,-0.5277419625680583
2.2155,-0.124628237520297,-0.2204394488182027
2.216,0.2168173579255475,0.01268659609548085
2.2165,0.3555296310754218,0.1610395337678249
2.217,0.3875401556484697,0.2246193641988295
2.2175,0.3661998059331045,0.2564092794143318
2.218,0.3341892813600565,0.2564092794143318
2.2185,0.3235191065023739,0.2564092794143318
2.219,0.3128489316446912,0.2458126410091644
2.2195,0.3555296310754218,0.2140227257936621
2.22,0.79300680024041,0.05507314971615059
2.2205,1.187803269974668,-0.4217755785163839
2.221,0.6329541773751706,-1.142346990067769
2.2215,-0.02859666380115328,-1.79933857118815
2.222,0.1741366584948169,-2.223204107394847
2.2225,0.5155822539406614,-1.714565463946811
2.223,0.7183155762366316,-0.9728007755850904
2.2235,0.6009436528021226,-0.474758770542221
2.224,0.5369226036560266,-0.02969995752518888
2.2245,-0.3273615598162672,-0.5595318777835605
2.225,-0.1673089369510276,-0.252229364033705
2.2255,0.142126133921769,-0.3052125560595421
2.226,0.3661998059331045,-0.2310360872233701
2.2265,0.4622313796522482,-0.008506680714854012
2.227,0.3875401556484697,0.09745970333682032
2.2275,0.3021787567870086,0.1504428953626575
2.228,0.07810508477567314,0.2140227257936621
2.2285,-0.658136980404429,0.4789386859228479
2.229,-1.543761493592088,0.8074344764830383
2.2295,-2.087940411333903,0.9134008605347127
2.23,-2.493407055925843,0.6696781772158616
2.2305,-2.247993034199143,0.09745970333682032
2.231,-1.437059745015262,-0.1462629799820306
2.2315,-0.6474668055467465,-0.1674562567923655
2.232,-0.08194753808956648,-0.09327978795619347
2.2325,0.2274875327832301,0.002089957690313421
2.233,0.3555296310754218,0.07626642652648545
2.2335,0.3875401556484697,0.13984625695749
2.234,0.3661998059331045,0.1822328105781598
2.2345,0.3235191065023739,0.2034260873884947
2.235,0.3128489316446912,0.2352160026039969
2.2355,0.3128489316446912,0.2458126410091644
2.236,0.3341892813600565,0.2564092794143318
2.2365,0.6542945270905358,0.1610395337678249
2.237,1.35852606769759,-0.3158091944647096
2.2375,1.283834843693812,-1.05757388282643
2.238,0.4195506802215176,-1.725162102351978
2.2385,0.291508581929326,-2.106641084938006
2.239,0.5155822539406614,-1.587405803084801
2.2395,0.707645401378949,-0.8668343915334161
2.24,0.7289857510943143,-0.2310360872233701
2.2405,0.6436243522328531,0.1822328105781598
2.241,0.5262524287983441,0.383568940276341
2.2415,0.408880505363835,0.4259554938970107
2.242,0.3448594562177392,0.2034260873884947
2.2425,0.5475927785137094,-0.05089323433552374
2.243,0.2168173579255475,-0.4111789401112165
2.2435,-0.3060212101009019,-0.8032545611024114
2.244,-0.1673089369510276,-0.5065486857577234
2.2445,-0.1139580626626144,-0.2840192792492073
2.245,-0.391382608962363,0.2458126410091644
2.2455,-1.138294849000148,1.00877060618122
2.246,-1.778505340461106,1.411442865577582
2.2465,-2.119950935906951,1.37965295036208
2.247,-2.461396531352796,1.146526905448396
2.2475,-2.002579012472442,0.7544512844572011
2.248,-1.170305373573196,0.383568940276341
2.2485,-0.4447334832507763,0.1504428953626575
2.249,0.03542438534494258,0.04447651131098315
2.2495,0.2808384070716433,0.03387987290581572
2.25,0.3768699807907871,0.07626642652648545
2.2505,0.3768699807907871,0.1504428953626575
2.251,0.3448594562177392,0.2246193641988295
2.2515,0.3235191065023739,0.2987958330350016
2.252,0.3128489316446912,0.3729723018711736
2.2525,0.3235191065023739,0.4259554938970107
2.253,0.5049120790829789,0.3729723018711736
2.2535,1.209143619690033,-0.04029659593035631
2.254,1.571929564851243,-0.7608680074817418
2.2545,0.7716664505250448,-1.417859588602123
2.255,0.2808384070716433,-1.227120097309109
2.2555,0.3875401556484697,-0.718481453861072
2.256,0.5902734779444399,-0.2310360872233701
2.2565,0.6863050516635838,0.08686306493165288
2.257,0.6329541773751706,0.2881991946298341
2.2575,0.5155822539406614,0.3623756634660061
2.258,0.408880505363835,0.3411823866556712
2.2585,0.3448594562177392,0.2670059178194992
2.259,0.3235191065023739,0.1504428953626575
2.2595,0.3021787567870086,0.1080563417419877
2.26,0.2701682322139607,0.08686306493165288
2.2605,0.2381577076409128,0.08686306493165288
2.261,0.2168173579255475,0.07626642652648545
2.2615,-0.1673089369510276,0.1716361721729923
2.262,-0.8502001278427167,0.8180311148882058
2.2625,-2.269333383914508,0.6484849004055269
2.263,-2.568098279929622,0.849821030103708
2.2635,-2.909543875375467,-0.07208651114585861
2.264,-2.557428105071939,-0.8456411147230812
2.2645,-1.565101843307454,-0.792657922697244
2.265,-0.7114878546928423,-0.5065486857577234
2.2655,-0.124628237520297,-0.1674562567923655
2.266,0.2061471830678648,0.1186529801471552
2.2665,0.3448594562177392,0.3199891098453364
2.267,0.3768699807907871,0.457745409112513
2.2675,0.3661998059331045,0.5319218779486851
2.268,0.3448594562177392,0.5849050699745222
2.2685,0.3341892813600565,0.6060983467848571
2.269,0.3341892813600565,0.6060983467848571
2.2695,0.3768699807907871,0.5743084315693548
2.27,0.8356874996711408,0.3517790250608387
2.2705,1.241154144263081,-0.2310360872233701
2.271,0.707645401378949,-0.9410108603695881
2.2715,-0.02859666380115328,-1.587405803084801
2.272,0.1101156093487211,-1.852321763213987
2.2725,0.4515612047945656,-1.34368311976595
2.273,0.6863050516635838,-0.6549016234300674
2.2735,0.7503261008096795,-0.1144730647665284
2.274,0.6542945270905358,0.1716361721729923
2.2745,0.5155822539406614,0.2458126410091644
2.275,0.408880505363835,0.1928294489833272
2.2755,0.4515612047945656,0.01268659609548085
2.276,0.4515612047945656,-0.1038764263613609
2.2765,0.3875401556484697,-0.1568596183871981
2.277,0.3235191065023739,-0.1674562567923655
2.2775,0.2701682322139607,-0.1780528951975329
2.278,0.142126133921769,-0.09327978795619347
2.2785,-0.4127229586777283,0.4471487707073456
2.279,-1.148965023857831,1.167720182258731
2.2795,-1.767835165603424,1.718745379327438
2.28,-2.333354433060604,1.962468062646288
2.2805,-2.109280761049269,1.485619334413754
2.281,-1.191645723288561,0.8710143069140429
2.2815,-1.031593100423322,-0.2098428104130352
2.282,-0.7008176798351597,-0.6549016234300674
2.2825,-0.2313299860971235,-0.5277419625680583
2.283,0.04609456020262521,-0.2840192792492073
2.2835,0.2594980573562781,0.05507314971615059
2.284,0.3341892813600565,0.3199891098453364
2.2845,0.3128489316446912,0.4895353243280153
2.285,0.291508581929326,0.6378882620003594
2.2855,0.291508581929326,0.7544512844572011
2.286,0.3128489316446912,0.849821030103708
2.2865,0.5369226036560266,0.849821030103708
2.287,1.134452395686255,0.5319218779486851
2.2875,1.027750647109428,-0.1780528951975329
2.288,0.291508581929326,-0.8986243067489184
2.2885,0.09944543449103843,-0.9092209451540858
2.289,0.3448594562177392,-0.4959520473525559
2.2895,0.5796033030867573,0.02328323450064829
2.29,0.6969752265212663,0.3517790250608387
2.2905,0.6756348768059011,0.4153588554918433
2.291,0.5582629533713921,0.383568940276341
2.2915,0.4302208550792003,0.309392471440169
2.292,0.4408910299368829,0.1822328105781598
2.2925,0.4835717293676135,0.02328323450064829
2.293,0.4302208550792003,-0.07208651114585861
2.2935,0.3555296310754218,-0.1568596183871981
2.294,0.3021787567870086,-0.2416327256285375
2.2945,0.2168173579255475,-0.2734226408440398
2.295,-0.2099896363817582,0.08686306493165288
2.2955,-0.9782422261349084,0.8074344764830383
2.296,-1.618452717595867,1.432636142387917
2.2965,-2.055929886760855,1.633972272086098
2.297,-2.087940411333903,1.37965295036208
2.2975,-1.383708870726849,0.775644561267536
2.298,-0.658136980404429,0.2564092794143318
2.2985,-0.124628237520297,-0.06148987274069118
2.299,0.1848068333524996,-0.1780528951975329
2.2995,0.3235191065023739,-0.1462629799820306
2.3,0.3661998059331045,-0.01910331912002144
2.3005,0.3448594562177392,0.13984625695749
2.301,0.1527963087794516,0.1504428953626575
2.3015,0.2274875327832301,0.3941655786815084
2.302,-0.5514352318276028,-0.2416327256285375
2.3025,-0.3273615598162672,0.07626642652648545
2.303,0.09944543449103843,0.2776025562246667
2.3035,1.059761171682476,0.04447651131098315
2.304,1.443887466559051,-0.5489352393783931
2.3045,0.4835717293676135,-1.301296566145281
2.305,0.02475421048725994,-1.184733543688439
2.3055,0.1954770082101822,-0.7396747306714069
2.306,0.4622313796522482,-0.2310360872233701
2.3065,0.5902734779444399,0.1504428953626575
2.307,0.5796033030867573,0.3517790250608387
2.3075,0.5049120790829789,0.4153588554918433
2.308,0.4195506802215176,0.383568940276341
2.3085,0.408880505363835,0.2564092794143318
2.309,0.5155822539406614,0.03387987290581572
2.3095,0.4942419042252961,-0.08268314955102604
2.31,0.408880505363835,-0.1250697031716958
2.3105,0.3235191065023739,-0.1674562567923655
2.311,0.2594980573562781,-0.2098428104130352
2.3115,0.07810508477567314,-0.2098428104130352
2.312,-0.6688071552621118,-0.08268314955102604
2.3125,-1.607782542738184,0.06566978812131802
2.313,-2.247993034199143,0.1080563417419877
2.3135,-2.696140378221814,0.08686306493165288
2.314,-2.19464215991073,-0.008506680714854012
2.3145,-1.277007122150022,-0.08268314955102604
2.315,-0.5087545323968721,-0.1038764263613609
2.3155,0.00341386077189465,-0.07208651114585861
2.316,0.2701682322139607,-0.008506680714854012
2.3165,0.3661998059331045,0.08686306493165288
2.317,0.3768699807907871,0.1822328105781598
2.3175,0.3448594562177392,0.2776025562246667
2.318,0.3128489316446912,0.3729723018711736
2.3185,0.3021787567870086,0.457745409112513
2.319,0.3021787567870086,0.5319218779486851
2.3195,0.408880505363835,0.55311515475902
2.32,1.006410297394063,0.2246193641988295
2.3205,1.337185717982225,-0.4429688553267188
2.321,0.5582629533713921,-1.195330182093607
2.3215,0.1314559590640864,-1.089363798041932
2.322,0.04609456020262521,-0.570128516188728
2.3225,-0.1673089369510276,-0.7078848154559045
2.323,0.2594980573562781,-0.3687923864905467
2.3235,0.4302208550792003,-0.2098428104130352
2.324,0.5049120790829789,-0.07208651114585861
2.3245,0.4942419042252961,-0.01910331912002144
2.325,0.408880505363835,-0.06148987274069118
2.3255,0.4302208550792003,-0.1886495336027004
2.326,0.4195506802215176,-0.2204394488182027
2.3265,0.3661998059331045,-0.1780528951975329
2.327,0.3128489316446912,-0.1038764263613609
2.3275,0.2701682322139607,-0.02969995752518888
2.328,0.1634664836371343,-0.06148987274069118
2.3285,-0.423393133535411,-0.6654982618352349
2.329,-1.277007122150022,-1.566212526274467
2.3295,-1.917217613610981,-2.064254531317336
2.33,-2.44005618163743,-2.233800745800015
2.3305,-2.119950935906951,-1.862918401619155
2.331,-1.298347471865388,-1.046977244421262
2.3315,-0.5514352318276028,-0.2946159176543747
2.332,-0.02859666380115328,0.2140227257936621
2.3325,0.2488278824985954,0.4895353243280153
2.333,0.3555296310754218,0.5849050699745222
2.3335,0.3768699807907871,0.5955017083796896
2.334,0.3555296310754218,0.5425185163538525
2.3345,0.3235191065023739,0.4789386859228479
2.335,0.3021787567870086,0.4047622170866759
2.3355,0.291508581929326,0.3305857482505039
2.336,0.3128489316446912,0.2564092794143318
2.3365,0.5582629533713921,0.1080563417419877
2.337,1.209143619690033,-0.3581957480853793
2.3375,1.411876941986003,-1.078767159636765
2.338,0.8890383739595538,-1.672178910326141
2.3385,0.8356874996711408,-1.619195718300304
2.339,0.942389248247967,-1.280103289334946
2.3395,0.9850699476786977,-0.8668343915334161
2.34,0.8463576745288233,-0.6443049850249
2.3405,0.6329541773751706,-0.5383386009732256
2.341,0.3341892813600565,-0.5065486857577234
2.3415,-0.391382608962363,-0.9622041371799229
2.342,-0.1032878878049318,-0.7502713690765743
2.3425,0.1314559590640864,-0.6654982618352349
2.343,0.2808384070716433,-0.4217755785163839
2.3435,0.3448594562177392,-0.1674562567923655
2.344,0.2808384070716433,-0.05089323433552374
2.3445,0.142126133921769,0.03387987290581572
2.345,-0.5514352318276028,0.1292496185523226
2.3455,-1.287677297007705,0.1928294489833272
2.346,-1.906547438753298,0.08686306493165288
2.3465,-2.546757930214257,-0.3370024712750445
2.347,-2.685470203364131,-0.9410108603695881
2.3475,-1.895877263895616,-0.8562377531282487
2.348,-0.9889124009925911,-0.4217755785163839
2.3485,-0.2953510352432193,0.01268659609548085
2.349,0.1314559590640864,0.3305857482505039
2.3495,0.3235191065023739,0.5213252395435176
2.35,0.3875401556484697,0.6060983467848571
2.3505,0.3768699807907871,0.627291623595192
2.351,0.3448594562177392,0.5955017083796896
2.3515,0.3128489316446912,0.55311515475902
2.352,0.3128489316446912,0.5001319627331828
2.3525,0.3128489316446912,0.4365521323021782
2.353,0.4195506802215176,0.2987958330350016
2.3535,0.5796033030867573,-0.1780528951975329
2.354,0.4515612047945656,-0.9728007755850904
2.3545,-0.1352984123779797,-1.693372187136476
2.355,-0.1352984123779797,-1.502632695843462
2.3555,0.291508581929326,-0.8774310299385835
2.356,0.6436243522328531,-0.5171453241628908
2.3565,0.7823366253827275,-0.2628260024388724
2.357,0.7289857510943143,-0.1462629799820306
2.3575,0.6009436528021226,-0.1356663415768632
2.358,0.4622313796522482,-0.1462629799820306
2.3585,0.3448594562177392,-0.252229364033705
2.359,0.4195506802215176,-0.3793890248957141
2.3595,0.408880505363835,-0.3475991096802118
2.36,-0.2633405106701714,-0.8668343915334161
2.3605,-0.2633405106701714,-0.6972881770507372
2.361,-0.1139580626626144,-0.400582301706049
2.3615,-0.156638762093345,0.05507314971615059
2.362,-0.839529952985034,0.8922075837243778
2.3625,-1.735824641030376,1.570392441655093
2.363,-2.280003558772191,1.771728571353275
2.3635,-2.738821077652544,1.072350436612224
2.364,-2.344024607918286,0.2034260873884947
2.3645,-1.447729919872945,-0.08268314955102604
2.365,-0.6047861061160158,-0.05089323433552374
2.3655,-0.03926683865883591,0.1292496185523226
2.366,0.2594980573562781,0.3305857482505039
2.3665,0.3768699807907871,0.5001319627331828
2.367,0.3982103305061524,0.627291623595192
2.3675,0.3661998059331045,0.7120647308365314
2.368,0.3341892813600565,0.775644561267536
2.3685,0.3235191065023739,0.7968378380778709
2.369,0.3235191065023739,0.8074344764830383
2.3695,0.408880505363835,0.7544512844572011
2.37,0.942389248247967,0.5001319627331828
2.3705,1.379866417412955,-0.08268314955102604
2.371,0.6756348768059011,-0.9092209451540858
2.3715,-0.1459685872356623,-1.566212526274467
2.372,-0.1673089369510276,-1.42845622700729
2.3725,0.142126133921769,-0.9198175835592532
2.373,0.3982103305061524,-0.4323722169215513
2.3735,0.4942419042252961,-0.07208651114585861
2.374,0.4835717293676135,0.06566978812131802
2.3745,0.4302208550792003,0.08686306493165288
2.375,0.3768699807907871,0.02328323450064829
2.3755,0.4835717293676135,-0.1674562567923655
2.376,0.4942419042252961,-0.2840192792492073
2.3765,0.4302208550792003,-0.3370024712750445
2.377,0.3448594562177392,-0.3370024712750445
2.3775,0.2808384070716433,-0.3370024712750445
2.378,-0.01792648894347063,-0.3370024712750445
2.3785,-0.5087545323968721,0.3411823866556712
2.379,-2.045259711903173,0.3517790250608387
2.3795,-2.514747405641209,1.125333628638062
2.38,-2.920214050233149,0.6908714540261965
2.3805,-2.834852651371688,-0.3475991096802118
2.381,-1.895877263895616,-0.570128516188728
2.3815,-0.9569018764195432,-0.4217755785163839
2.382,-0.274010685527854,-0.1144730647665284
2.3825,0.142126133921769,0.1928294489833272
2.383,0.3341892813600565,0.4365521323021782
2.3835,0.3875401556484697,0.6166949851900245
2.384,0.3768699807907871,0.7332580076468663
2.3845,0.3555296310754218,0.8074344764830383
2.385,0.3448594562177392,0.8392243916985406
2.3855,0.3448594562177392,0.8392243916985406
2.386,0.3555296310754218,0.8180311148882058
2.3865,0.6756348768059011,0.6378882620003594
2.387,1.305175193409177,0.01268659609548085
2.3875,1.283834843693812,-0.8138511995075789
2.388,0.6969752265212663,-1.184733543688439
2.3885,0.6116138276598051,-0.8244478379127463
2.389,0.7396559259519968,-0.6654982618352349
2.3895,0.8036769750980928,-0.4641621321370536
2.39,0.7503261008096795,-0.3052125560595421
2.3905,0.6222840025174878,-0.252229364033705
2.391,0.4729015545099309,-0.2098428104130352
2.3915,0.3768699807907871,-0.1886495336027004
2.392,0.3875401556484697,-0.2628260024388724
2.3925,0.4195506802215176,-0.3475991096802118
2.393,0.3768699807907871,-0.3475991096802118
2.3935,0.3341892813600565,-0.2946159176543747
2.394,0.2808384070716433,-0.2416327256285375
2.3945,0.2168173579255475,-0.1780528951975329
2.395,-0.1459685872356623,-0.1674562567923655
2.3955,-0.8715404775580819,-0.1992461720078678
2.396,-1.458400094730627,-0.252229364033705
2.3965,-2.045259711903173,-0.570128516188728
2.397,-1.842526389607202,-0.8138511995075789
2.3975,-1.383708870726849,-0.792657922697244
2.398,-1.244996597576974,-0.9092209451540858
2.3985,-0.5300948821122373,-0.326405832869877
2.399,-0.1032878878049318,0.08686306493165288
2.3995,0.1954770082101822,0.4365521323021782
2.4,0.3448594562177392,0.6484849004055269
2.4005,0.3448594562177392,0.6908714540261965
2.401,0.3128489316446912,0.701468092431364
2.4015,0.3021787567870086,0.6908714540261965
2.402,0.3021787567870086,0.6590815388106942
2.4025,0.3128489316446912,0.6166949851900245
2.403,0.3982103305061524,0.55311515475902
2.4035,0.857027849386506,0.1822328105781598
2.404,1.273164668836129,-0.570128516188728
2.4045,1.241154144263081,-1.460246142222792
2.405,1.347855892839907,-2.21260746898968
2.4055,1.465227816274416,-2.466926790713698
2.406,1.390536592270638,-1.947691508860494
2.4065,1.177133095116985,-1.237716735714276
2.407,0.9210488985326017,-0.6972881770507372
2.4075,0.6649647019482183,-0.3475991096802118
2.408,0.4622313796522482,-0.1462629799820306
2.4085,0.3982103305061524,-0.1038764263613609
2.409,0.5796033030867573,-0.2946159176543747
2.4095,0.5902734779444399,-0.3581957480853793
2.41,0.4942419042252961,-0.3158091944647096
2.4105,0.3875401556484697,-0.252229364033705
2.411,0.291508581929326,-0.1886495336027004
2.4115,0.07810508477567314,-0.1038764263613609
2.412,-0.6261264558313813,0.1292496185523226
2.4125,-1.330357996438436,0.3517790250608387
2.413,-1.661133417026597,0.4365521323021782
2.4135,-1.970568487899394,0.7650479228623686
2.414,-1.714484291315011,0.9134008605347127
2.4145,-1.031593100423322,0.6802748156210291
2.415,-0.4127229586777283,0.3941655786815084
2.4155,0.00341386077189465,0.2034260873884947
2.416,0.08877525963335578,-0.008506680714854012
2.4165,0.2168173579255475,0.06566978812131802
2.417,-0.5087545323968721,-0.5807251545938954
2.4175,-0.274010685527854,-0.2098428104130352
2.418,-0.1139580626626144,0.09745970333682032
2.4185,0.0674349099179905,0.3941655786815084
2.419,0.2701682322139607,0.6696781772158616
2.4195,0.4195506802215176,0.7332580076468663
2.42,1.059761171682476,0.4683420475176805
2.4205,1.76399271228953,-0.1886495336027004
2.421,1.76399271228953,-1.046977244421262
2.4215,1.230483969405398,-1.682775548731308
2.422,1.017080472251745,-1.417859588602123
2.4225,0.9317190733902845,-0.7078848154559045
2.423,0.8463576745288233,-0.02969995752518888
2.4235,0.6863050516635838,0.4471487707073456
2.424,0.5155822539406614,0.6484849004055269
2.4245,0.3768699807907871,0.6590815388106942
2.425,0.3128489316446912,0.5319218779486851
2.4255,0.4835717293676135,0.1504428953626575
2.426,0.5369226036560266,-0.08268314955102604
2.4265,0.4729015545099309,-0.1462629799820306
2.427,0.3768699807907871,-0.1886495336027004
2.4275,0.291508581929326,-0.2416327256285375
2.428,0.09944543449103843,-0.1462629799820306
2.4285,-0.6154562809736985,0.457745409112513
2.429,-1.479740444445993,1.157123543853563
2.4295,-2.151961460479999,1.591585718465428
2.43,-2.685470203364131,0.9981739677760521
2.4305,-2.418715831922065,0.02328323450064829
2.431,-1.458400094730627,-0.3475991096802118
2.4315,-0.6474668055467465,-0.3370024712750445
2.432,-0.09261771294724913,-0.1780528951975329
2.4325,0.2168173579255475,0.002089957690313421
2.433,0.3341892813600565,0.1610395337678249
2.4335,0.3661998059331045,0.2987958330350016
2.434,0.3448594562177392,0.383568940276341
2.4345,0.3128489316446912,0.4471487707073456
2.435,0.291508581929326,0.5001319627331828
2.4355,0.291508581929326,0.5319218779486851
2.436,0.2701682322139607,0.4683420475176805
2.4365,0.4835717293676135,0.2881991946298341
2.437,1.006410297394063,0.03387987290581572
2.4375,0.6436243522328531,-0.6549016234300674
2.438,-0.4660738329661415,-1.417859588602123
2.4385,-0.2526703358124887,-0.9939940523954253
2.439,0.1314559590640864,-0.5383386009732256
2.4395,0.4729015545099309,-0.08268314955102604
2.44,0.6542945270905358,0.2564092794143318
2.4405,0.5902734779444399,0.3729723018711736
2.441,0.4835717293676135,0.4259554938970107
2.4415,0.3768699807907871,0.4047622170866759
2.442,0.2594980573562781,0.2564092794143318
2.4425,0.08877525963335578,0.02328323450064829
2.443,0.0674349099179905,-0.06148987274069118
2.4435,0.1101156093487211,-0.07208651114585861
2.444,0.1634664836371343,-0.08268314955102604
2.4445,0.142126133921769,-0.07208651114585861
2.445,-0.2526703358124887,0.2034260873884947
2.4455,-0.9889124009925911,0.6590815388106942
2.446,-1.703814116457328,0.9981739677760521
2.4465,-2.258663209056825,0.9028042221295453
2.447,-2.066600061618538,0.309392471440169
2.4475,-1.319687821580753,-0.04029659593035631
2.448,-0.5941159312583333,-0.1568596183871981
2.4485,-0.07127736323188383,-0.1356663415768632
2.449,0.2168173579255475,-0.05089323433552374
2.4495,0.3341892813600565,0.05507314971615059
2.45,0.3555296310754218,0.1610395337678249
2.4505,0.3448594562177392,0.2564092794143318
2.451,0.3128489316446912,0.3411823866556712
2.4515,0.3021787567870086,0.4153588554918433
2.452,0.3021787567870086,0.4789386859228479
2.4525,0.3128489316446912,0.5319218779486851
2.453,0.5796033030867573,0.457745409112513
2.4535,1.219813794547716,0.002089957690313421
2.454,1.091771696255524,-0.6125150698093976
2.4545,0.3875401556484697,-1.078767159636765
2.455,0.1634664836371343,-0.792657922697244
2.4555,0.3555296310754218,-0.2840192792492073
2.456,0.5796033030867573,0.13984625695749
2.4565,0.5689331282290746,0.3411823866556712
2.457,0.5475927785137094,0.4895353243280153
2.4575,0.01408403562957729,0.09745970333682032
2.458,-0.3273615598162672,-0.1886495336027004
2.4585,-0.1352984123779797,-0.09327978795619347
2.459,0.02475421048725994,-0.1356663415768632
2.4595,0.1848068333524996,-0.06148987274069118
2.46,0.2701682322139607,0.002089957690313421
2.4605,0.2488278824985954,-0.04029659593035631
2.461,0.2168173579255475,-0.07208651114585861
2.4615,-0.007256314085787988,0.1822328105781598
2.462,-0.7434983792658902,0.8392243916985406
2.4625,-1.575772018165136,1.443232780793084
2.463,-2.119950935906951,1.729342017732605
2.4635,-2.568098279929622,1.485619334413754
2.464,-2.215982509626095,0.7332580076468663
2.4645,-1.373038695869166,0.1928294489833272
2.465,-0.5834457564006506,-0.09327978795619347
2.4655,-0.04993701351651855,-0.1674562567923655
2.466,0.2381577076409128,-0.1144730647665284
2.4665,0.3555296310754218,0.002089957690313421
2.467,0.3768699807907871,0.13984625695749
2.4675,0.3448594562177392,0.2776025562246667
2.468,0.3235191065023739,0.4047622170866759
2.4685,0.3128489316446912,0.5107286011383502
2.469,0.3235191065023739,0.5955017083796896
2.4695,0.3982103305061524,0.6484849004055269
2.47,0.8997085488172365,0.4789386859228479
2.4705,1.465227816274416,-0.09327978795619347
2.471,1.902704985439405,-0.792657922697244
2.4715,2.073427783162327,-1.0999604364471
2.472,1.934715510012453,-0.7290780922662394
2.4725,1.603940089424291,-0.2734226408440398
2.473,1.230483969405398,0.1186529801471552
2.4735,0.8783681991018712,0.4153588554918433
2.474,0.6009436528021226,0.55311515475902
2.4745,0.4195506802215176,0.5637117931641874
2.475,0.3128489316446912,0.4683420475176805
2.4755,0.3341892813600565,0.2776025562246667
2.476,0.2488278824985954,0.04447651131098315
2.4765,0.2701682322139607,0.002089957690313421
2.477,-0.2953510352432193,-0.6231117082145651
2.4775,-0.4127229586777283,-0.7608680074817418
2.478,-0.391382608962363,-0.4641621321370536
2.4785,-0.8715404775580819,0.3305857482505039
2.479,-1.490410619303675,1.263089927905238
2.4795,-2.045259711903173,1.70814874092227
2.48,-2.696140378221814,1.411442865577582
2.4805,-2.696140378221814,0.4047622170866759
2.481,-1.863866739322568,-0.1674562567923655
2.4815,-0.9355615267041777,-0.326405832869877
2.482,-0.2526703358124887,-0.2734226408440398
2.4825,0.1527963087794516,-0.1356663415768632
2.483,0.3341892813600565,0.02328323450064829
2.4835,0.3875401556484697,0.1610395337678249
2.484,0.3661998059331045,0.2776025562246667
2.4845,0.3235191065023739,0.383568940276341
2.485,0.3128489316446912,0.457745409112513
2.4855,0.3021787567870086,0.5319218779486851
2.486,0.3341892813600565,0.5637117931641874
2.4865,0.7716664505250448,0.3199891098453364
2.487,1.401206767128321,-0.3793890248957141
2.4875,1.038420821967111,-1.174136905283272
2.488,0.2381577076409128,-1.576809164679634
2.4885,0.4195506802215176,-1.216523458903942
2.489,0.7503261008096795,-0.6760949002404023
2.4895,0.9317190733902845,-0.1250697031716958
2.49,0.9103787236749192,0.2564092794143318
2.4905,0.7503261008096795,0.4895353243280153
2.491,0.5689331282290746,0.5637117931641874
2.4915,0.4195506802215176,0.5213252395435176
2.492,0.4729015545099309,0.2881991946298341
2.4925,0.5369226036560266,0.04447651131098315
2.493,0.4729015545099309,-0.06148987274069118
2.4935,0.3768699807907871,-0.1038764263613609
2.494,0.2808384070716433,-0.1462629799820306
2.4945,0.2061471830678648,-0.1886495336027004
2.495,-0.2099896363817582,-0.008506680714854012
2.4955,-1.031593100423322,0.2670059178194992
2.496,-1.586442193022819,0.6060983467848571
2.4965,-2.610778979360353,0.13984625695749
2.497,-2.941554399948514,0.3199891098453364
2.4975,-2.280003558772191,0.4047622170866759
2.498,-1.341028171296118,0.1504428953626575
2.4985,-0.4767440078238243,-0.01910331912002144
2.499,0.04609456020262521,-0.1462629799820306
2.4995,0.2594980573562781,-0.1886495336027004
2.5,0.3448594562177392,-0.1250697031716958
2.5005,0.3448594562177392,-0.008506680714854012
2.501,0.3235191065023739,0.1504428953626575
2.5015,0.3021787567870086,0.3199891098453364
2.502,0.3021787567870086,0.4789386859228479
2.5025,0.3235191065023739,0.6166949851900245
2.503,0.5582629533713921,0.627291623595192
2.5035,1.187803269974668,0.1928294489833272
2.504,1.15579274540162,-0.5171453241628908
2.5045,0.6009436528021226,-0.8880276683437509
2.505,0.5369226036560266,-0.6231117082145651
2.5055,0.7609962756673623,-0.1992461720078678
2.506,0.8997085488172365,0.2564092794143318
2.5065,0.8890383739595538,0.627291623595192
2.507,0.7183155762366316,0.849821030103708
2.5075,0.5475927785137094,0.8604176685088755
2.508,0.4195506802215176,0.775644561267536
2.5085,0.3982103305061524,0.6060983467848571
2.509,0.4942419042252961,0.3729723018711736
2.5095,0.4622313796522482,0.2034260873884947
2.51,0.3875401556484697,0.06566978812131802
2.5105,0.3128489316446912,-0.06148987274069118
2.511,0.2381577076409128,-0.1780528951975329
2.5115,-0.1032878878049318,0.06566978812131802
2.512,-0.722158029550525,0.5637117931641874
2.5125,-1.244996597576974,0.6484849004055269
2.513,-1.693143941599645,0.3729723018711736
2.5135,-2.023919362187807,0.05507314971615059
2.514,-1.554431668449771,-0.1992461720078678
2.5145,-0.8608703027003992,-0.4111789401112165
2.515,-0.391382608962363,-0.6231117082145651
2.5155,0.03542438534494258,-0.5489352393783931
2.516,-0.1032878878049318,-0.8032545611024114
2.5165,-0.4447334832507763,-1.068170521231597
2.517,-0.1886492866663929,-0.6549016234300674
2.5175,-0.02859666380115328,-0.2946159176543747
2.518,0.1527963087794516,0.08686306493165288
2.5185,0.2594980573562781,0.383568940276341
2.519,0.2808384070716433,0.5425185163538525
2.5195,0.3661998059331045,0.6590815388106942
2.52,0.9317190733902845,0.5849050699745222
2.5205,1.497238340847464,0.13984625695749
2.521,0.9957401225363802,-0.5595318777835605
2.5215,0.3768699807907871,-0.6443049850249
2.522,0.408880505363835,-0.3158091944647096
2.5225,0.5796033030867573,0.01268659609548085
2.523,0.6542945270905358,0.309392471440169
2.5235,0.6116138276598051,0.55311515475902
2.524,0.5155822539406614,0.6484849004055269
2.5245,0.4195506802215176,0.627291623595192
2.525,0.3555296310754218,0.5425185163538525
2.5255,0.4622313796522482,0.3517790250608387
2.526,0.4729015545099309,0.2140227257936621
2.5265,0.3982103305061524,0.13984625695749
2.527,0.3235191065023739,0.06566978812131802
2.5275,0.2701682322139607,0.002089957690313421
2.528,0.05676473506030786,-0.008506680714854012
2.5285,-0.6474668055467465,0.1504428953626575
2.529,-1.341028171296118,0.2776025562246667
2.5295,-1.789175515318789,0.2246193641988295
2.53,-2.141291285622316,0.1610395337678249
2.5305,-1.83185621474952,0.13984625695749
2.531,-1.1062843244271,0.02328323450064829
2.5315,-0.4554036581084589,-0.1038764263613609
2.532,-0.01792648894347063,-0.1674562567923655
2.5325,0.2274875327832301,-0.1674562567923655
2.533,0.3235191065023739,-0.1250697031716958
2.5335,0.3341892813600565,-0.05089323433552374
2.534,0.3128489316446912,0.04447651131098315
2.5345,0.291508581929326,0.13984625695749
2.535,0.1848068333524996,0.13984625695749
2.5355,0.2061471830678648,0.2564092794143318
2.536,-0.1779791118087102,-0.09327978795619347
2.5365,-0.007256314085787988,-0.4429688553267188
2.537,0.9530594231056497,-0.6549016234300674
2.5375,0.857027849386506,-1.269506650929778
2.538,0.04609456020262521,-1.88411167842949
2.5385,-0.1673089369510276,-1.894708316834657
2.539,0.0674349099179905,-1.174136905283272
2.5395,0.3555296310754218,-0.3475991096802118
2.54,0.4942419042252961,0.2564092794143318
2.5405,0.5155822539406614,0.6060983467848571
2.541,0.4622313796522482,0.7544512844572011
2.5415,0.3875401556484697,0.7438546460520338
2.542,0.4622313796522482,0.5743084315693548
2.5425,0.5262524287983441,0.3729723018711736
2.543,0.4622313796522482,0.2564092794143318
2.5435,0.3661998059331045,0.1610395337678249
2.544,0.2808384070716433,0.05507314971615059
2.5445,0.1848068333524996,-0.02969995752518888
2.545,-0.2846808603855366,0.2564092794143318
2.5455,-1.170305373573196,0.849821030103708
2.546,-1.970568487899394,1.273686566310405
2.5465,-2.493407055925843,0.9451907757502149
2.547,-2.632119329075718,-0.08268314955102604
2.5475,-1.821186039891837,-0.5489352393783931
2.548,-0.9462317015618604,-0.5383386009732256
2.5485,-0.2846808603855366,-0.3581957480853793
2.549,0.1207857842064037,-0.1568596183871981
2.5495,0.3021787567870086,0.002089957690313421
2.55,0.3555296310754218,0.1080563417419877
2.5505,0.3448594562177392,0.1822328105781598
2.551,0.3128489316446912,0.2246193641988295
2.5515,0.291508581929326,0.2564092794143318
2.552,0.291508581929326,0.2776025562246667
2.5525,0.3128489316446912,0.2881991946298341
2.553,0.5155822539406614,0.2352160026039969
2.5535,1.15579274540162,-0.08268314955102604
2.554,1.241154144263081,-0.7078848154559045
2.5545,0.4195506802215176,-1.38606967338662
2.555,0.2808384070716433,-1.311893204550448
2.5555,0.4622313796522482,-0.9198175835592532
2.556,-0.03926683865883591,-1.046977244421262
2.5565,0.1848068333524996,-0.4217755785163839
2.557,0.291508581929326,0.002089957690313421
2.5575,0.3555296310754218,0.3199891098453364
2.558,0.3982103305061524,0.4895353243280153
2.5585,0.3341892813600565,0.4259554938970107
2.559,0.3021787567870086,0.2776025562246667
2.5595,0.2701682322139607,0.2140227257936621
2.56,0.2381577076409128,0.1610395337678249
2.5605,0.2274875327832301,0.1292496185523226
2.561,0.2168173579255475,0.09745970333682032
2.5615,-0.08194753808956648,0.3729723018711736
2.562,-0.9142211769888124,1.00877060618122
2.5625,-1.682473766741963,1.580989080060261
2.563,-2.023919362187807,1.591585718465428
2.5635,-2.269333383914508,0.8392243916985406
2.564,-1.799845690176472,0.06566978812131802
2.5645,-1.020922925565639,-0.3052125560595421
2.565,-0.3700422592469978,-0.400582301706049
2.5655,0.04609456020262521,-0.3475991096802118
2.566,0.2594980573562781,-0.2098428104130352
2.5665,0.3448594562177392,-0.06148987274069118
2.567,0.3448594562177392,0.08686306493165288
2.5675,0.3235191065023739,0.2246193641988295
2.568,0.291508581929326,0.3411823866556712
2.5685,0.2808384070716433,0.457745409112513
2.569,0.2808384070716433,0.55311515475902
2.5695,0.3448594562177392,0.6166949851900245
2.57,0.8143471499557753,0.5319218779486851
2.5705,1.19847344483235,0.09745970333682032
2.571,0.6649647019482183,-0.5595318777835605
2.5715,0.1527963087794516,-0.6866915386455698
2.572,0.2808384070716433,-0.2946159176543747
2.5725,0.5262524287983441,0.08686306493165288
2.573,0.6756348768059011,0.2987958330350016
2.5735,0.6649647019482183,0.3941655786815084
2.574,0.4195506802215176,0.2670059178194992
2.5745,0.408880505363835,0.3305857482505039
2.575,-0.4020527838200457,-0.474758770542221
2.5755,-0.3273615598162672,-0.4641621321370536
2.576,-0.1459685872356623,-0.3475991096802118
2.5765,0.00341386077189465,-0.2098428104130352
2.577,0.1848068333524996,-0.05089323433552374
2.5775,0.2274875327832301,-0.01910331912002144
2.578,-0.1139580626626144,-0.2840192792492073
2.5785,-1.052933450138687,-0.8880276683437509
2.579,-2.013249187330125,-1.396666311791788
2.5795,-2.546757930214257,-1.809935209593318
2.58,-2.930884225090832,-1.42845622700729
2.5805,-2.696140378221814,-0.5171453241628908
2.581,-1.757164990745741,-0.07208651114585861
2.5815,-0.8288597781273515,0.05507314971615059
2.582,-0.1779791118087102,0.05507314971615059
2.5825,0.1848068333524996,0.03387987290581572
2.583,0.3448594562177392,0.03387987290581572
2.5835,0.3768699807907871,0.07626642652648545
2.584,0.3555296310754218,0.13984625695749
2.5845,0.3235191065023739,0.2140227257936621
2.585,0.3021787567870086,0.2987958330350016
2.5855,0.2808384070716433,0.3941655786815084
2.586,0.291508581929326,0.4683420475176805
2.5865,0.4729015545099309,0.4365521323021782
2.587,0.9530594231056497,0.05507314971615059
2.5875,0.8356874996711408,-0.6125150698093976
2.588,0.1527963087794516,-1.248313374119443
2.5885,0.08877525963335578,-1.269506650929778
2.589,0.3448594562177392,-0.6972881770507372
2.5895,0.5582629533713921,-0.08268314955102604
2.59,0.6116138276598051,0.3941655786815084
2.5905,0.5475927785137094,0.6696781772158616
2.591,0.4408910299368829,0.7332580076468663
2.5915,0.3661998059331045,0.6696781772158616
2.592,0.4195506802215176,0.4471487707073456
2.5925,0.4729015545099309,0.2140227257936621
2.593,0.3768699807907871,0.05507314971615059
2.5935,0.2381577076409128,-0.08268314955102604
2.594,0.2274875327832301,-0.1038764263613609
2.5945,-0.4874141826815069,-0.8032545611024114
2.595,-0.8715404775580819,-0.6019184314042303
2.5955,-1.650463242168915,-0.1992461720078678
2.596,-2.23732285934146,0.05507314971615059
2.5965,-2.685470203364131,0.1080563417419877
2.597,-2.866863175944736,-0.400582301706049
2.5975,-2.130621110764634,-0.6866915386455698
2.598,-1.170305373573196,-0.6337083466197325
2.5985,-0.4020527838200457,-0.4535654937318862
2.599,0.07810508477567314,-0.2628260024388724
2.5995,0.3128489316446912,-0.09327978795619347
2.6,0.3875401556484697,0.04447651131098315
2.6005,0.3768699807907871,0.1504428953626575
2.601,0.3448594562177392,0.2458126410091644
2.6015,0.3128489316446912,0.3199891098453364
2.602,0.3021787567870086,0.3941655786815084
2.6025,0.3128489316446912,0.457745409112513
2.603,0.5582629533713921,0.4047622170866759
2.6035,1.187803269974668,0.05507314971615059
2.604,1.209143619690033,-0.5171453241628908
2.6045,0.5689331282290746,-0.9410108603695881
2.605,0.3448594562177392,-1.216523458903942
2.6055,0.5155822539406614,-0.9516074987747555
2.606,0.707645401378949,-0.3793890248957141
2.6065,0.7396559259519968,0.1292496185523226
2.607,0.6649647019482183,0.4683420475176805
2.6075,0.5369226036560266,0.6378882620003594
2.608,0.4195506802215176,0.6590815388106942
2.6085,0.3875401556484697,0.5637117931641874
2.609,0.4729015545099309,0.3729723018711736
2.6095,0.4408910299368829,0.2352160026039969
2.61,0.3661998059331045,0.1504428953626575
2.6105,0.291508581929326,0.06566978812131802
2.611,0.2381577076409128,-0.04029659593035631
2.6115,-0.02859666380115328,0.08686306493165288
2.612,-0.690147504977477,0.6908714540261965
2.6125,-1.437059745015262,1.358459673551745
2.613,-2.130621110764634,1.475022696008586
2.6135,-2.280003558772191,0.7650479228623686
2.614,-2.386705307349017,-0.6337083466197325
2.6145,-1.586442193022819,-0.8562377531282487
2.615,-0.7648387289812555,-0.6866915386455698
2.6155,-0.1993194615240755,-0.4323722169215513
2.616,0.2061471830678648,-0.1144730647665284
2.6165,0.3448594562177392,0.06566978812131802
2.617,0.3448594562177392,0.1504428953626575
2.6175,0.3128489316446912,0.2246193641988295
2.618,0.291508581929326,0.2776025562246667
2.6185,0.291508581929326,0.3305857482505039
2.619,0.3128489316446912,0.3623756634660061
2.6195,0.3341892813600565,0.3941655786815084
2.62,0.5369226036560266,0.2881991946298341
2.6205,0.6222840025174878,-0.1780528951975329
2.621,0.6222840025174878,-0.9410108603695881
2.6215,1.123782220828572,-1.725162102351978
2.622,1.550589215135878,-2.096044446532838
2.6225,1.582599739708926,-1.566212526274467
2.623,1.35852606769759,-0.7502713690765743
2.6235,1.027750647109428,-0.07208651114585861
2.624,0.6969752265212663,0.3411823866556712
2.6245,0.4515612047945656,0.5107286011383502
2.625,0.3341892813600565,0.5001319627331828
2.6255,0.4515612047945656,0.3199891098453364
2.626,0.4729015545099309,0.1822328105781598
2.6265,0.408880505363835,0.1186529801471552
2.627,0.3235191065023739,0.06566978812131802
2.6275,0.2488278824985954,0.01268659609548085
2.628,0.1101156093487211,0.03387987290581572
2.6285,-0.423393133535411,0.5213252395435176
2.629,-1.052933450138687,1.188913459069066
2.6295,-1.629122892453549,1.644568910491266
2.63,-2.162631635337682,1.549199164844759
2.6305,-1.885207089037933,0.8922075837243778
2.631,-1.127624674142465,0.2881991946298341
2.6315,-0.4660738329661415,-0.08268314955102604
2.632,-0.01792648894347063,-0.2416327256285375
2.6325,0.1314559590640864,-0.3370024712750445
2.633,0.2808384070716433,-0.1886495336027004
2.6335,0.1741366584948169,-0.1674562567923655
2.634,-0.4980843575391895,-0.6760949002404023
2.6345,-0.274010685527854,-0.2734226408440398
2.635,-0.09261771294724913,0.04447651131098315
2.6355,0.08877525963335578,0.3517790250608387
2.636,0.3128489316446912,0.5955017083796896
2.6365,0.825017324813458,0.4683420475176805
2.637,1.667961138570387,-0.05089323433552374
2.6375,2.404203203750489,-0.8032545611024114
2.638,2.863020722630842,-1.587405803084801
2.6385,2.89503124720389,-1.947691508860494
2.639,2.436213728323537,-1.396666311791788
2.6395,1.731982187716482,-0.5383386009732256
2.64,1.070431346540159,0.1504428953626575
2.6405,0.6009436528021226,0.5425185163538525
2.641,0.3341892813600565,0.6696781772158616
2.6415,0.2274875327832301,0.6590815388106942
2.642,0.3875401556484697,0.5107286011383502
2.6425,0.5475927785137094,0.309392471440169
2.643,0.5155822539406614,0.1716361721729923
2.6435,0.408880505363835,0.04447651131098315
2.644,0.3021787567870086,-0.09327978795619347
2.6445,0.142126133921769,-0.1462629799820306
2.645,-0.5514352318276028,0.2987958330350016
2.6455,-1.437059745015262,0.9663840525605498
2.646,-1.906547438753298,1.443232780793084
2.6465,-2.19464215991073,1.42203950398275
2.647,-2.07727023647622,0.7120647308365314
2.6475,-1.351698346153801,0.04447651131098315
2.648,-0.6367966306890638,-0.3581957480853793
2.6485,-0.124628237520297,-0.5171453241628908
2.649,0.1741366584948169,-0.5065486857577234
2.6495,0.3021787567870086,-0.400582301706049
2.65,0.3235191065023739,-0.2416327256285375
2.6505,0.3128489316446912,-0.06148987274069118
2.651,0.2808384070716433,0.1080563417419877
2.6515,0.2701682322139607,0.2776025562246667
2.652,0.2808384070716433,0.4365521323021782
2.6525,0.3021787567870086,0.5637117931641874
2.653,0.4515612047945656,0.6378882620003594
2.6535,0.7503261008096795,0.457745409112513
2.654,0.6649647019482183,0.3411823866556712
2.6545,-0.8928808272734472,-0.792657922697244
2.655,-0.8928808272734472,-0.6866915386455698
2.6555,-0.4020527838200457,-0.3158091944647096
2.656,0.08877525963335578,0.1292496185523226
2.6565,0.4408910299368829,0.5213252395435176
2.657,0.5369226036560266,0.7438546460520338
2.6575,0.4835717293676135,0.8180311148882058
2.658,0.3982103305061524,0.8074344764830383
2.6585,0.3768699807907871,0.6696781772158616
2.659,0.4408910299368829,0.4471487707073456
2.6595,0.408880505363835,0.2670059178194992
2.66,0.3448594562177392,0.1292496185523226
2.6605,0.2808384070716433,-0.008506680714854012
2.661,0.2061471830678648,-0.1462629799820306
2.6615,-0.1673089369510276,0.1080563417419877
2.662,-0.9782422261349084,0.7332580076468663
2.6625,-1.746494815888059,1.199510097474233
2.663,-2.162631635337682,1.135930267043229
2.6635,-2.408045657064382,0.1928294489833272
2.664,-1.87453691418025,-0.4853554089473885
2.6645,-1.06360362499637,-0.6549016234300674
2.665,-0.3807124341046804,-0.570128516188728
2.6655,0.04609456020262521,-0.4111789401112165
2.666,0.2594980573562781,-0.2310360872233701
2.6665,0.3341892813600565,-0.08268314955102604
2.667,0.3341892813600565,0.03387987290581572
2.6675,0.3128489316446912,0.13984625695749
2.668,0.2808384070716433,0.2352160026039969
2.6685,0.2701682322139607,0.3199891098453364
2.669,0.2808384070716433,0.3941655786815084
2.6695,0.3982103305061524,0.4153588554918433
2.67,0.942389248247967,0.07626642652648545
2.6705,1.497238340847464,-0.6019184314042303
2.671,1.102441871113207,-1.205926820498774
2.6715,0.5796033030867573,-1.407262950196955
2.672,0.5689331282290746,-1.078767159636765
2.6725,0.6863050516635838,-0.4217755785163839
2.673,0.6222840025174878,0.04447651131098315
2.6735,0.5582629533713921,0.383568940276341
2.674,0.07810508477567314,0.2140227257936621
2.6745,-0.3380317346739499,-0.02969995752518888
2.675,-0.156638762093345,0.1610395337678249
2.6755,0.142126133921769,0.2352160026039969
2.676,0.3555296310754218,0.2987958330350016
2.6765,0.3875401556484697,0.2564092794143318
2.677,0.3128489316446912,0.1186529801471552
2.6775,0.2381577076409128,-0.01910331912002144
2.678,0.08877525963335578,0.002089957690313421
2.6785,-0.6261264558313813,0.5319218779486851
2.679,-1.682473766741963,1.188913459069066
2.6795,-2.429386006779747,1.580989080060261
2.68,-3.026915798809975,0.8710143069140429
2.6805,-2.728150902794861,-0.1886495336027004
2.681,-1.725154466172693,-0.570128516188728
2.6815,-0.807519428411986,-0.5489352393783931
2.682,-0.1673089369510276,-0.3793890248957141
2.6825,0.1954770082101822,-0.1780528951975329
2.683,0.3448594562177392,0.002089957690313421
2.6835,0.3661998059331045,0.1292496185523226
2.684,0.3448594562177392,0.2246193641988295
2.6845,0.3128489316446912,0.309392471440169
2.685,0.291508581929326,0.3623756634660061
2.6855,0.2808384070716433,0.4153588554918433
2.686,0.3341892813600565,0.4471487707073456
2.6865,0.7716664505250448,0.2352160026039969
2.687,1.539919040278195,-0.3370024712750445
2.6875,1.614610264281974,-1.046977244421262
2.688,0.707645401378949,-1.619195718300304
2.6885,0.3021787567870086,-1.619195718300304
2.689,0.3555296310754218,-0.9622041371799229
2.6895,0.5049120790829789,-0.2734226408440398
2.69,0.5582629533713921,0.2140227257936621
2.6905,0.5049120790829789,0.4895353243280153
2.691,0.4195506802215176,0.5849050699745222
2.6915,0.3448594562177392,0.55311515475902
2.692,0.3768699807907871,0.3199891098453364
2.6925,0.3875401556484697,0.09745970333682032
2.693,0.1527963087794516,-0.1886495336027004
2.6935,-0.4767440078238243,-0.8138511995075789
2.694,-0.2846808603855366,-0.6231117082145651
2.6945,-0.1673089369510276,-0.5171453241628908
2.695,-0.2633405106701714,-0.3793890248957141
2.6955,-0.9782422261349084,-0.2840192792492073
2.696,-1.67180359188428,-0.4535654937318862
2.6965,-2.258663209056825,-0.8774310299385835
2.697,-2.482736881068161,-1.492036057438295
2.6975,-1.863866739322568,-1.42845622700729
2.698,-1.020922925565639,-0.9939940523954253
2.6985,-0.3380317346739499,-0.5277419625680583
2.699,0.08877525963335578,-0.1780528951975329
2.6995,0.291508581929326,0.03387987290581572
2.7,0.3555296310754218,0.1610395337678249
2.7005,0.3448594562177392,0.2352160026039969
2.701,0.3128489316446912,0.2776025562246667
2.7015,0.291508581929326,0.309392471440169
2.702,0.291508581929326,0.3411823866556712
2.7025,0.3235191065023739,0.3517790250608387
2.703,0.5049120790829789,0.2458126410091644
2.7035,1.027750647109428,-0.1568596183871981
2.704,1.571929564851243,-0.8456411147230812
2.7045,1.315845368266859,-1.492036057438295
2.705,1.145122570543937,-1.523825972653797
2.7055,1.091771696255524,-1.110557074852267
2.706,1.017080472251745,-0.5171453241628908
2.7065,0.857027849386506,0.002089957690313421
2.707,0.6436243522328531,0.309392471440169
2.7075,0.4622313796522482,0.4683420475176805
2.708,0.3341892813600565,0.5107286011383502
2.7085,0.3768699807907871,0.4153588554918433
2.709,0.6649647019482183,0.08686306493165288
2.7095,0.6756348768059011,-0.02969995752518888
2.71,0.5369226036560266,-0.05089323433552374
2.7105,0.3875401556484697,-0.05089323433552374
2.711,0.2701682322139607,-0.06148987274069118
2.7115,-0.1779791118087102,0.13984625695749
2.712,-0.8288597781273515,0.8710143069140429
2.7125,-1.490410619303675,1.369056311956912
2.713,-2.514747405641209,0.5107286011383502
2.7135,-2.589438629644987,0.3305857482505039
2.714,-1.991908837614759,0.1504428953626575
2.7145,-1.1062843244271,-0.04029659593035631
2.715,-0.3593720843893152,-0.1356663415768632
2.7155,0.04609456020262521,-0.2098428104130352
2.716,0.2381577076409128,-0.1780528951975329
2.7165,0.3128489316446912,-0.08268314955102604
2.717,0.3128489316446912,0.04447651131098315
2.7175,0.291508581929326,0.1928294489833272
2.718,0.2808384070716433,0.3411823866556712
2.7185,0.2701682322139607,0.4789386859228479
2.719,0.2808384070716433,0.5849050699745222
2.7195,0.3768699807907871,0.6484849004055269
2.72,0.9850699476786977,0.4365521323021782
2.7205,1.76399271228953,-0.1674562567923655
2.721,1.7213120128588,-0.8668343915334161
2.7215,1.283834843693812,-1.110557074852267
2.722,1.123782220828572,-0.7714646458869092
2.7225,1.006410297394063,-0.08268314955102604
2.723,0.857027849386506,0.4153588554918433
2.7235,0.6756348768059011,0.6590815388106942
2.724,0.5155822539406614,0.7226613692416989
2.7245,0.3768699807907871,0.6908714540261965
2.725,0.3235191065023739,0.5955017083796896
2.7255,0.4835717293676135,0.3729723018711736
2.726,0.4942419042252961,0.2034260873884947
2.7265,0.408880505363835,0.07626642652648545
2.727,0.3235191065023739,-0.02969995752518888
2.7275,0.2488278824985954,-0.1462629799820306
2.728,0.0674349099179905,-0.1780528951975329
2.7285,-0.572775581542968,0.13984625695749
2.729,-1.287677297007705,0.6060983467848571
2.7295,-1.895877263895616,0.9134008605347127
2.73,-2.461396531352796,0.6908714540261965
2.7305,-2.130621110764634,0.07626642652648545
2.731,-1.234326422719292,-0.2628260024388724
2.7315,-0.6474668055467465,-0.4853554089473885
2.732,-0.08194753808956648,-0.3581957480853793
2.7325,-0.08194753808956648,-0.5171453241628908
2.733,-0.4447334832507763,-0.8350444763179138
2.7335,-0.1673089369510276,-0.4535654937318862
2.734,-0.01792648894347063,-0.1462629799820306
2.7345,0.1527963087794516,0.1610395337678249
2.735,0.2488278824985954,0.383568940276341
2.7355,0.2594980573562781,0.4789386859228479
2.736,0.3128489316446912,0.5425185163538525
2.7365,0.8356874996711408,0.3411823866556712
2.737,1.209143619690033,-0.3052125560595421
2.7375,0.3661998059331045,-1.163540266878104
2.738,-0.3060212101009019,-1.449649503817625
2.7385,-0.1459685872356623,-0.9516074987747555
2.739,0.2594980573562781,-0.3158091944647096
2.7395,0.5582629533713921,0.1716361721729923
2.74,0.6329541773751706,0.3941655786815084
2.7405,0.5689331282290746,0.4789386859228479
2.741,0.4515612047945656,0.5107286011383502
2.7415,0.3448594562177392,0.4895353243280153
2.742,0.291508581929326,0.4259554938970107
2.7425,0.2594980573562781,0.3411823866556712
2.743,0.2274875327832301,0.2564092794143318
2.7435,0.2061471830678648,0.1504428953626575
2.744,0.1954770082101822,0.03387987290581572
2.7445,0.1101156093487211,-0.008506680714854012
2.745,-0.4660738329661415,0.3623756634660061
2.7455,-1.277007122150022,0.9451907757502149
2.746,-1.650463242168915,1.25249328950007
2.7465,-1.799845690176472,1.125333628638062
2.747,-1.842526389607202,0.8604176685088755
2.7475,-1.287677297007705,0.4471487707073456
2.748,-0.6474668055467465,0.08686306493165288
2.7485,-0.1673089369510276,-0.1250697031716958
2.749,0.1314559590640864,-0.1992461720078678
2.7495,0.2701682322139607,-0.1674562567923655
2.75,0.3128489316446912,-0.07208651114585861
2.7505,0.3021787567870086,0.03387987290581572
2.751,0.2808384070716433,0.1610395337678249
2.7515,0.2274875327832301,0.2564092794143318
2.752,0.142126133921769,0.2670059178194992
2.7525,-0.03926683865883591,0.1610395337678249
2.753,-0.3060212101009019,-0.3475991096802118
2.7535,0.6756348768059011,-0.4323722169215513
2.754,0.8463576745288233,-0.9198175835592532
2.7545,0.291508581929326,-1.110557074852267
2.755,0.3021787567870086,-0.474758770542221
2.7555,0.5369226036560266,-0.06148987274069118
2.756,0.6969752265212663,0.07626642652648545
2.7565,0.707645401378949,0.1504428953626575
2.757,0.6329541773751706,0.2246193641988295
2.7575,0.5049120790829789,0.2670059178194992
2.758,0.3875401556484697,0.2881991946298341
2.7585,0.3555296310754218,0.2564092794143318
2.759,0.3661998059331045,0.2034260873884947
2.7595,0.3235191065023739,0.1610395337678249
2.76,0.2808384070716433,0.1186529801471552
2.7605,0.2381577076409128,0.08686306493165288
2.761,0.1848068333524996,0.06566978812131802
2.7615,-0.3273615598162672,0.2670059178194992
2.762,-1.212986073003927,0.7438546460520338
2.7625,-1.821186039891837,1.082947075017392
2.763,-2.162631635337682,1.146526905448396
2.7635,-2.429386006779747,0.7968378380778709
2.764,-1.885207089037933,0.2881991946298341
2.7645,-1.074273799854052,0.02328323450064829
2.765,-0.4020527838200457,-0.07208651114585861
2.7655,0.03542438534494258,-0.06148987274069118
2.766,0.2488278824985954,0.002089957690313421
2.7665,0.3235191065023739,0.08686306493165288
2.767,0.3235191065023739,0.1610395337678249
2.7675,0.3021787567870086,0.2352160026039969
2.768,0.2701682322139607,0.2881991946298341
2.7685,0.2594980573562781,0.3411823866556712
2.769,0.2808384070716433,0.3623756634660061
2.7695,0.3875401556484697,0.3517790250608387
2.77,0.8356874996711408,0.13984625695749
2.7705,1.166462920259302,-0.4323722169215513
2.771,0.6009436528021226,-1.046977244421262
2.7715,0.1207857842064037,-1.598002441489969
2.772,0.291508581929326,-1.598002441489969
2.7725,0.5475927785137094,-1.078767159636765
2.773,0.1101156093487211,-1.046977244421262
2.7735,0.03542438534494258,-0.6019184314042303
2.774,0.142126133921769,-0.1144730647665284
2.7745,0.1954770082101822,0.1610395337678249
2.775,0.3128489316446912,0.3305857482505039
2.7755,0.3875401556484697,0.2564092794143318
2.776,0.3661998059331045,0.1610395337678249
2.7765,0.3021787567870086,0.08686306493165288
2.777,0.2594980573562781,0.02328323450064829
2.7775,0.2168173579255475,-0.02969995752518888
2.778,0.00341386077189465,-0.008506680714854012
2.7785,-0.7434983792658902,0.3199891098453364
2.779,-1.490410619303675,0.6378882620003594
2.7795,-2.130621110764634,0.701468092431364
2.78,-2.632119329075718,0.6166949851900245
2.7805,-2.621449154218035,0.002089957690313421
2.781,-1.789175515318789,-0.2946159176543747
2.7815,-0.9035510021311299,-0.3052125560595421
2.782,-0.2526703358124887,-0.1886495336027004
2.7825,0.1314559590640864,-0.05089323433552374
2.783,0.3021787567870086,0.06566978812131802
2.7835,0.3448594562177392,0.1716361721729923
2.784,0.3341892813600565,0.2458126410091644
2.7845,0.3021787567870086,0.309392471440169
2.785,0.2808384070716433,0.3517790250608387
2.7855,0.2701682322139607,0.3941655786815084
2.786,0.3021787567870086,0.4047622170866759
2.7865,0.408880505363835,0.2881991946298341
2.787,0.4942419042252961,-0.1674562567923655
2.7875,0.0674349099179905,-0.8668343915334161
2.788,-0.2206598112394408,-1.407262950196955
2.7885,0.142126133921769,-1.672178910326141
2.789,0.5475927785137094,-1.280103289334946
2.7895,0.79300680024041,-0.6760949002404023
2.79,0.8036769750980928,-0.1674562567923655
2.7905,0.6649647019482183,0.13984625695749
2.791,0.4835717293676135,0.2776025562246667
2.7915,0.2488278824985954,0.2352160026039969
2.792,0.3555296310754218,0.2564092794143318
2.7925,-0.1459685872356623,-0.3370024712750445
2.793,-0.274010685527854,-0.474758770542221
2.7935,-0.124628237520297,-0.3475991096802118
2.794,0.00341386077189465,-0.2310360872233701
2.7945,0.02475421048725994,-0.05089323433552374
2.795,-0.7755089038389382,0.309392471440169
2.7955,-1.629122892453549,0.6696781772158616
2.796,-2.226652684483777,0.7650479228623686
2.7965,-2.813512301656323,0.5107286011383502
2.797,-2.749491252510227,-0.1568596183871981
2.7975,-1.87453691418025,-0.4535654937318862
2.798,-0.9355615267041777,-0.4429688553267188
2.7985,-0.2420001609548061,-0.326405832869877
2.799,0.1527963087794516,-0.1674562567923655
2.7995,0.3235191065023739,-0.04029659593035631
2.8,0.3661998059331045,0.07626642652648545
2.8005,0.3448594562177392,0.1716361721729923
2.801,0.3128489316446912,0.2564092794143318
2.8015,0.291508581929326,0.3305857482505039
2.802,0.2808384070716433,0.383568940276341
2.8025,0.3235191065023739,0.4153588554918433
2.803,0.5902734779444399,0.3411823866556712
2.8035,1.294505018551494,0.05507314971615059
2.804,1.774662887147213,-0.5489352393783931
2.8045,1.454557641416734,-1.227120097309109
2.805,1.283834843693812,-1.195330182093607
2.8055,1.230483969405398,-0.8032545611024114
2.806,1.113112045970889,-0.3158091944647096
2.8065,0.9103787236749192,0.1080563417419877
2.807,0.6756348768059011,0.383568940276341
2.8075,0.4835717293676135,0.5425185163538525
2.808,0.3448594562177392,0.55311515475902
2.8085,0.3661998059331045,0.4259554938970107
2.809,0.4942419042252961,0.2246193641988295
2.8095,0.4622313796522482,0.1186529801471552
2.81,0.3768699807907871,0.04447651131098315
2.8105,0.2701682322139607,-0.04029659593035631
2.811,0.03542438534494258,-0.2310360872233701
2.8115,-0.3273615598162672,-0.1038764263613609
2.812,-1.543761493592088,-0.4641621321370536
2.8125,-2.162631635337682,-0.5489352393783931
2.813,-2.482736881068161,-0.5383386009732256
2.8135,-2.706810553079496,-0.7608680074817418
2.814,-2.07727023647622,-0.8032545611024114
2.8145,-1.202315898146244,-0.6760949002404023
2.815,-0.4767440078238243,-0.5065486857577234
2.8155,-0.007256314085787988,-0.326405832869877
2.816,0.2381577076409128,-0.1674562567923655
2.8165,0.3235191065023739,-0.02969995752518888
2.817,0.3341892813600565,0.08686306493165288
2.8175,0.3128489316446912,0.1822328105781598
2.818,0.291508581929326,0.2776025562246667
2.8185,0.2808384070716433,0.3623756634660061
2.819,0.2808384070716433,0.4259554938970107
2.8195,0.3768699807907871,0.4683420475176805
2.82,0.9850699476786977,0.2564092794143318
2.8205,1.401206767128321,-0.3475991096802118
2.821,0.79300680024041,-1.152943628472937
2.8215,0.2381577076409128,-1.788741932782983
2.822,0.4195506802215176,-1.947691508860494
2.8225,0.6756348768059011,-1.301296566145281
2.823,0.7396559259519968,-0.4641621321370536
2.8235,0.6756348768059011,0.1504428953626575
2.824,0.5475927785137094,0.5319218779486851
2.8245,0.4302208550792003,0.6908714540261965
2.825,0.3661998059331045,0.6696781772158616
2.8255,0.4515612047945656,0.4895353243280153
2.826,0.4408910299368829,0.3305857482505039
2.8265,0.3661998059331045,0.1928294489833272
2.827,0.2808384070716433,0.07626642652648545
2.8275,0.2168173579255475,-0.04029659593035631
2.828,-0.007256314085787988,0.06566978812131802
2.8285,-0.6794773301197943,0.6378882620003594
2.829,-1.30901764672307,1.040560521396722
2.8295,-1.703814116457328,1.00877060618122
2.83,-2.087940411333903,0.9769806909657173
2.8305,-2.013249187330125,0.775644561267536
2.831,-1.212986073003927,0.383568940276341
2.8315,-1.170305373573196,-0.6760949002404023
2.832,-0.7648387289812555,-1.004590690800593
2.8325,-0.2953510352432193,-0.8880276683437509
2.833,-0.007256314085787988,-0.6654982618352349
2.8335,0.2168173579255475,-0.3370024712750445
2.834,0.291508581929326,-0.06148987274069118
2.8345,0.2701682322139607,0.1292496185523226
2.835,0.2488278824985954,0.3199891098453364
2.8355,0.2594980573562781,0.4895353243280153
2.836,0.3021787567870086,0.627291623595192
2.8365,0.707645401378949,0.5425185163538525
2.837,1.134452395686255,0.04447651131098315
2.8375,0.6116138276598051,-0.6443049850249
2.838,-0.02859666380115328,-1.004590690800593
2.8385,0.07810508477567314,-0.474758770542221
2.839,0.3875401556484697,0.08686306493165288
2.8395,0.6116138276598051,0.4789386859228479
2.84,0.6863050516635838,0.701468092431364
2.8405,0.6222840025174878,0.8074344764830383
2.841,0.4942419042252961,0.8074344764830383
2.8415,0.3768699807907871,0.7120647308365314
2.842,0.3661998059331045,0.5319218779486851
2.8425,0.3448594562177392,0.3623756634660061
2.843,0.3021787567870086,0.2246193641988295
2.8435,0.2488278824985954,0.09745970333682032
2.844,0.2061471830678648,-0.008506680714854012
2.8445,0.08877525963335578,-0.08268314955102604
2.845,-0.4874141826815069,0.13984625695749
2.8455,-1.298347471865388,0.5107286011383502
2.846,-1.853196564464885,0.701468092431364
2.8465,-2.215982509626095,0.8392243916985406
2.847,-2.258663209056825,0.9557874141553824
2.8475,-1.522421143876723,0.6166949851900245
2.848,-0.7648387289812555,0.1610395337678249
2.8485,-0.1993194615240755,-0.1780528951975329
2.849,0.1314559590640864,-0.3370024712750445
2.8495,0.291508581929326,-0.3581957480853793
2.85,0.2808384070716433,-0.326405832869877
2.8505,0.2168173579255475,-0.2310360872233701
2.851,0.1314559590640864,-0.1250697031716958
2.8515,-0.5941159312583333,-0.6654982618352349
2.852,-0.3380317346739499,-0.2416327256285375
2.8525,-0.1352984123779797,0.09745970333682032
2.853,0.1314559590640864,0.3729723018711736
2.8535,0.825017324813458,0.4365521323021782
2.854,1.123782220828572,-0.02969995752518888
2.8545,0.4622313796522482,-0.7608680074817418
2.855,0.1848068333524996,-1.449649503817625
2.8555,0.4302208550792003,-1.38606967338662
2.856,0.6542945270905358,-0.7078848154559045
2.8565,0.7289857510943143,0.03387987290581572
2.857,0.6649647019482183,0.5955017083796896
2.8575,0.5369226036560266,0.8286277532933731
2.858,0.408880505363835,0.8286277532933731
2.8585,0.3661998059331045,0.6590815388106942
2.859,0.3875401556484697,0.4153588554918433
2.8595,0.3555296310754218,0.2352160026039969
2.86,0.3021787567870086,0.08686306493165288
2.8605,0.2488278824985954,-0.04029659593035631
2.861,0.1954770082101822,-0.1780528951975329
2.8615,-0.124628237520297,-0.1250697031716958
2.862,-0.9355615267041777,0.2246193641988295
2.8625,-1.778505340461106,0.5319218779486851
2.863,-2.482736881068161,0.6060983467848571
2.8635,-2.845522826229371,0.4153588554918433
2.864,-2.03458953704549,0.02328323450064829
2.8645,-1.095614149569417,-0.2840192792492073
2.865,-0.3807124341046804,-0.4535654937318862
2.8655,0.0674349099179905,-0.474758770542221
2.866,0.2808384070716433,-0.4111789401112165
2.8665,0.3448594562177392,-0.2840192792492073
2.867,0.3341892813600565,-0.1356663415768632
2.8675,0.3021787567870086,0.02328323450064829
2.868,0.2808384070716433,0.1928294489833272
2.8685,0.2808384070716433,0.3411823866556712
2.869,0.3128489316446912,0.4789386859228479
2.8695,0.3661998059331045,0.5743084315693548
2.87,0.6649647019482183,0.5425185163538525
2.8705,0.6863050516635838,0.08686306493165288
2.871,0.1954770082101822,-0.1674562567923655
2.8715,-0.5300948821122373,-0.5383386009732256
2.872,-0.572775581542968,-0.400582301706049
2.8725,-0.03926683865883591,0.13984625695749
2.873,0.3448594562177392,0.4683420475176805
2.8735,0.5796033030867573,0.7120647308365314
2.874,0.5796033030867573,0.7650479228623686
2.8745,0.4622313796522482,0.7120647308365314
2.875,0.3982103305061524,0.6060983467848571
2.8755,0.4942419042252961,0.3941655786815084
2.876,0.4729015545099309,0.2458126410091644
2.8765,0.3875401556484697,0.13984625695749
2.877,0.291508581929326,0.04447651131098315
2.8775,0.2381577076409128,-0.06148987274069118
2.878,0.0674349099179905,0.002089957690313421
2.8785,-0.6367966306890638,0.55311515475902
2.879,-1.46907026958831,1.188913459069066
2.8795,-2.07727023647622,1.528005888034424
2.88,-2.60010880450267,0.7226613692416989
2.8805,-2.3973754822067,-0.2840192792492073
2.881,-1.554431668449771,-0.6125150698093976
2.8815,-0.722158029550525,-0.5595318777835605
2.882,-0.1352984123779797,-0.3687923864905467
2.8825,0.1848068333524996,-0.1780528951975329
2.883,0.3235191065023739,-0.01910331912002144
2.8835,0.3555296310754218,0.09745970333682032
2.884,0.3341892813600565,0.1716361721729923
2.8845,0.3021787567870086,0.2352160026039969
2.885,0.2808384070716433,0.2776025562246667
2.8855,0.3021787567870086,0.309392471440169
2.886,0.3341892813600565,0.3305857482505039
2.8865,0.6329541773751706,0.2458126410091644
2.887,1.049090996824793,-0.1674562567923655
2.8875,0.6009436528021226,-0.8350444763179138
2.888,0.0674349099179905,-1.131750351662602
2.8885,0.2168173579255475,-0.5595318777835605
2.889,0.5262524287983441,-0.1674562567923655
2.8895,0.7396559259519968,-0.02969995752518888
2.89,0.6863050516635838,-0.1462629799820306
2.8905,0.5902734779444399,-0.1674562567923655
2.891,0.03542438534494258,-0.6337083466197325
2.8915,-0.3060212101009019,-0.8562377531282487
2.892,0.02475421048725994,-0.6654982618352349
2.8925,0.2381577076409128,-0.474758770542221
2.893,0.3661998059331045,-0.1886495336027004
2.8935,0.3661998059331045,0.02328323450064829
2.894,0.291508581929326,0.1080563417419877
2.8945,0.08877525963335578,0.1504428953626575
2.895,-0.7328282044082075,0.1928294489833272
2.8955,-1.746494815888059,0.3623756634660061
2.896,-2.215982509626095,0.4259554938970107
2.8965,-2.376035132491334,0.5743084315693548
2.897,-2.504077230783526,1.00877060618122
2.8975,-1.906547438753298,0.9981739677760521
2.898,-1.06360362499637,0.6802748156210291
2.8985,-0.3700422592469978,0.3729723018711736
2.899,0.0674349099179905,0.1610395337678249
2.8995,0.2808384070716433,0.07626642652648545
2.9,0.3555296310754218,0.08686306493165288
2.9005,0.3448594562177392,0.1292496185523226
2.901,0.3235191065023739,0.2034260873884947
2.9015,0.3021787567870086,0.2670059178194992
2.902,0.291508581929326,0.3305857482505039
2.9025,0.3021787567870086,0.3941655786815084
2.903,0.5902734779444399,0.3411823866556712
2.9035,1.123782220828572,-0.08268314955102604
2.904,0.8783681991018712,-0.570128516188728
2.9045,-0.007256314085787988,-0.9939940523954253
2.905,-0.2526703358124887,-0.8986243067489184
2.9055,0.02475421048725994,-0.4959520473525559
2.906,0.3661998059331045,-0.01910331912002144
2.9065,0.5369226036560266,0.3729723018711736
2.907,0.5475927785137094,0.5849050699745222
2.9075,0.4729015545099309,0.6060983467848571
2.908,0.3875401556484697,0.5319218779486851
2.9085,0.3982103305061524,0.3941655786815084
2.909,0.4622313796522482,0.2246193641988295
2.9095,0.291508581929326,-0.008506680714854012
2.91,0.3448594562177392,0.03387987290581572
2.9105,-0.4874141826815069,-0.7820612842920766
2.911,-0.8502001278427167,-0.6972881770507372
2.9115,-1.330357996438436,-0.2840192792492073
2.912,-2.03458953704549,0.1610395337678249
2.9125,-2.151961460479999,0.4365521323021782
2.913,-2.098610586191586,0.2034260873884947
2.9135,-1.735824641030376,-0.2416327256285375
2.914,-1.031593100423322,-0.4217755785163839
2.9145,-0.4020527838200457,-0.4323722169215513
2.915,0.01408403562957729,-0.3581957480853793
2.9155,0.2381577076409128,-0.252229364033705
2.916,0.3341892813600565,-0.1356663415768632
2.9165,0.3448594562177392,-0.02969995752518888
2.917,0.3235191065023739,0.06566978812131802
2.9175,0.291508581929326,0.1504428953626575
2.918,0.2701682322139607,0.2352160026039969
2.9185,0.2594980573562781,0.309392471440169
2.919,0.291508581929326,0.3729723018711736
2.9195,0.3982103305061524,0.4047622170866759
2.92,0.9317190733902845,0.2564092794143318
2.9205,0.8890383739595538,-0.2416327256285375
2.921,0.1314559590640864,-0.8986243067489184
2.9215,-0.2526703358124887,-1.354279758171118
2.922,0.02475421048725994,-1.01518732920576
2.9225,0.3982103305061524,-0.3475991096802118
2.923,0.6222840025174878,0.2140227257936621
2.9235,0.6436243522328531,0.5107286011383502
2.924,0.5475927785137094,0.6166949851900245
2.9245,0.4302208550792003,0.6166949851900245
2.925,0.3661998059331045,0.5425185163538525
2.9255,0.4408910299368829,0.3729723018711736
2.926,0.4302208550792003,0.2458126410091644
2.9265,0.3661998059331045,0.1504428953626575
2.927,0.291508581929326,0.06566978812131802
2.9275,0.2381577076409128,-0.01910331912002144
2.928,0.01408403562957729,0.07626642652648545
2.9285,-0.5941159312583333,0.5637117931641874
2.929,-1.362368521011484,0.7226613692416989
2.9295,-1.778505340461106,0.6908714540261965
2.93,-2.322684258202921,0.04447651131098315
2.9305,-2.717480727937179,-1.195330182093607
2.931,-1.767835165603424,-1.131750351662602
2.9315,-0.9035510021311299,-0.8774310299385835
2.932,-0.2206598112394408,-0.5277419625680583
2.9325,0.1954770082101822,-0.2310360872233701
2.933,0.3128489316446912,-0.07208651114585861
2.9335,0.3448594562177392,0.04447651131098315
2.934,0.3235191065023739,0.1504428953626575
2.9345,0.291508581929326,0.2352160026039969
2.935,0.2808384070716433,0.309392471440169
2.9355,0.291508581929326,0.3729723018711736
2.936,0.3768699807907871,0.4153588554918433
2.9365,0.5155822539406614,0.2987958330350016
2.937,0.8143471499557753,-0.1674562567923655
2.9375,0.6756348768059011,-0.8032545611024114
2.938,0.2168173579255475,-1.322489842955616
2.9385,0.3661998059331045,-1.417859588602123
2.939,0.6329541773751706,-0.8774310299385835
2.9395,0.7823366253827275,-0.2840192792492073
2.94,0.7823366253827275,0.1928294489833272
2.9405,0.6542945270905358,0.4789386859228479
2.941,0.5049120790829789,0.5849050699745222
2.9415,0.3875401556484697,0.5637117931641874
2.942,0.3341892813600565,0.3941655786815084
2.9425,0.3128489316446912,0.2352160026039969
2.943,0.2808384070716433,0.13984625695749
2.9435,0.2488278824985954,0.05507314971615059
2.944,0.2381577076409128,-0.01910331912002144
2.9445,0.1207857842064037,-0.06148987274069118
2.945,-0.4554036581084589,0.1504428953626575
2.9455,-1.116954499284783,0.4471487707073456
2.946,-1.703814116457328,0.6060983467848571
2.9465,-2.290673733629873,0.7862411996727035
2.947,-2.44005618163743,0.7544512844572011
2.9475,-1.618452717595867,0.4047622170866759
2.948,-0.807519428411986,0.06566978812131802
2.9485,-0.2099896363817582,-0.1462629799820306
2.949,0.02475421048725994,-0.3475991096802118
2.9495,0.2701682322139607,-0.2416327256285375
2.95,-0.274010685527854,-0.7608680074817418
2.9505,-0.391382608962363,-0.7502713690765743
2.951,-0.1993194615240755,-0.4111789401112165
2.9515,-0.03926683865883591,-0.1144730647665284
2.952,0.1848068333524996,0.1928294489833272
2.9525,0.3448594562177392,0.383568940276341
2.953,0.5262524287983441,0.3517790250608387
2.9535,1.15579274540162,0.06566978812131802
2.954,1.849354111150991,-0.4323722169215513
2.9545,1.56125938999356,-0.9092209451540858
2.955,1.262494493978446,-1.046977244421262
2.9555,1.123782220828572,-0.5489352393783931
2.956,1.006410297394063,0.01268659609548085
2.9565,0.8463576745288233,0.3941655786815084
2.957,0.6436243522328531,0.55311515475902
2.9575,0.4622313796522482,0.6166949851900245
2.958,0.3448594562177392,0.6166949851900245
2.9585,0.3021787567870086,0.5743084315693548
2.959,0.2808384070716433,0.4789386859228479
2.9595,0.2701682322139607,0.3729723018711736
2.96,0.2488278824985954,0.2564092794143318
2.9605,0.2381577076409128,0.1186529801471552
2.961,0.2061471830678648,-0.008506680714854012
2.9615,-0.1032878878049318,0.1292496185523226
2.962,-0.6474668055467465,0.5955017083796896
2.9625,-1.052933450138687,0.849821030103708
2.963,-1.447729919872945,0.7862411996727035
2.9635,-1.853196564464885,0.4895353243280153
2.964,-1.586442193022819,0.01268659609548085
2.9645,-0.9462317015618604,-0.3370024712750445
2.965,-0.3700422592469978,-0.5171453241628908
2.9655,0.02475421048725994,-0.5595318777835605
2.966,0.2274875327832301,-0.5065486857577234
2.9665,0.3128489316446912,-0.3899856633008816
2.967,0.3235191065023739,-0.2416327256285375
2.9675,0.3021787567870086,-0.08268314955102604
2.968,0.291508581929326,0.07626642652648545
2.9685,0.2808384070716433,0.2246193641988295
2.969,0.1741366584948169,0.2564092794143318
2.9695,0.3875401556484697,0.4259554938970107
2.97,0.9530594231056497,0.1504428953626575
2.9705,0.7716664505250448,-1.131750351662602
2.971,0.5796033030867573,-1.555615887869299
2.9715,0.2274875327832301,-1.322489842955616
2.972,0.3661998059331045,-0.6231117082145651
2.9725,0.6116138276598051,0.01268659609548085
2.973,0.6542945270905358,0.383568940276341
2.9735,0.5689331282290746,0.6590815388106942
2.974,0.4622313796522482,0.775644561267536
2.9745,0.3661998059331045,0.7968378380778709
2.975,0.3555296310754218,0.7226613692416989
2.9755,0.5475927785137094,0.5425185163538525
2.976,0.5582629533713921,0.3941655786815084
2.9765,0.4729015545099309,0.2564092794143318
2.977,0.3555296310754218,0.1186529801471552
2.9775,0.2594980573562781,-0.01910331912002144
2.978,-0.1459685872356623,-0.02969995752518888
2.9785,-1.031593100423322,0.2140227257936621
2.979,-1.842526389607202,0.4789386859228479
2.9795,-2.23732285934146,0.4259554938970107
2.98,-2.525417580498891,-0.09327978795619347
2.9805,-1.970568487899394,-0.6019184314042303
2.981,-1.127624674142465,-0.7714646458869092
2.9815,-0.423393133535411,-0.7396747306714069
2.982,0.03542438534494258,-0.6231117082145651
2.9825,0.2594980573562781,-0.4853554089473885
2.983,0.3448594562177392,-0.3370024712750445
2.9835,0.3448594562177392,-0.1992461720078678
2.984,0.3235191065023739,-0.07208651114585861
2.9845,0.291508581929326,0.05507314971615059
2.985,0.2808384070716433,0.1822328105781598
2.9855,0.2808384070716433,0.309392471440169
2.986,0.3555296310754218,0.3941655786815084
2.9865,0.8676980242441885,0.13984625695749
2.987,1.230483969405398,-0.474758770542221
2.9875,0.5796033030867573,-1.036380606016095
2.988,-0.274010685527854,-1.38606967338662
2.9885,-0.274010685527854,-1.121153713257435
2.989,-0.03926683865883591,-0.6019184314042303
2.9895,0.3555296310754218,0.07626642652648545
2.99,-0.274010685527854,-0.2840192792492073
2.9905,-0.07127736323188383,0.13984625695749
2.991,0.05676473506030786,0.3941655786815084
2.9915,0.1741366584948169,0.5213252395435176
2.992,0.4195506802215176,0.5001319627331828
2.9925,0.4515612047945656,0.3623756634660061
2.993,0.3875401556484697,0.2246193641988295
2.9935,0.3128489316446912,0.09745970333682032
2.994,0.2594980573562781,-0.02969995752518888
2.9945,0.1314559590640864,-0.05089323433552374
2.995,-0.5087545323968721,0.3941655786815084
2.9955,-1.330357996438436,1.019367244586387
2.996,-1.906547438753298,1.400846227172415
2.9965,-2.386705307349017,1.210106735879401
2.997,-2.344024607918286,0.3411823866556712
2.9975,-1.597112367880501,-0.252229364033705
2.998,-0.7861790786966207,-0.4959520473525559
2.9985,-0.1886492866663929,-0.5171453241628908
2.999,0.1634664836371343,-0.4323722169215513
2.9995,0.3128489316446912,-0.2840192792492073
3,0.3555296310754218,-0.1356663415768632
3.0005,0.3448594562177392,0.02328323450064829
3.001,0.3128489316446912,0.1610395337678249
3.0015,0.291508581929326,0.2881991946298341
3.002,0.2808384070716433,0.4047622170866759
3.0025,0.3128489316446912,0.5001319627331828
3.003,0.5796033030867573,0.5213252395435176
3.0035,1.283834843693812,0.2670059178194992
3.004,1.614610264281974,-0.3052125560595421
3.0045,1.294505018551494,-0.9304142219644207
3.005,1.091771696255524,-1.280103289334946
3.0055,1.049090996824793,-0.8880276683437509
3.006,0.974399772821015,-0.2416327256285375
3.0065,0.8356874996711408,0.2987958330350016
3.007,0.6436243522328531,0.6166949851900245
3.0075,0.4835717293676135,0.7226613692416989
3.008,0.2061471830678648,0.5319218779486851
3.0085,0.1848068333524996,0.3305857482505039
3.009,-0.4127229586777283,-0.5383386009732256
3.0095,-0.1673089369510276,-0.4217755785163839
3.01,-0.04993701351651855,-0.3687923864905467
3.0105,0.07810508477567314,-0.2840192792492073
3.011,0.1634664836371343,-0.1886495336027004
3.0115,-0.3593720843893152,0.1292496185523226
3.012,-1.287677297007705,0.7968378380778709
3.0125,-1.895877263895616,1.263089927905238
3.013,-2.354694782775969,1.263089927905238
3.0135,-2.738821077652544,0.5107286011383502
3.014,-2.215982509626095,-0.2416327256285375
3.0145,-1.298347471865388,-0.5171453241628908
3.015,-0.5087545323968721,-0.5171453241628908
3.0155,-0.007256314085787988,-0.400582301706049
3.016,0.2594980573562781,-0.2416327256285375
3.0165,0.3555296310754218,-0.08268314955102604
3.017,0.3555296310754218,0.06566978812131802
3.0175,0.3341892813600565,0.1928294489833272
3.018,0.3021787567870086,0.2987958330350016
3.0185,0.291508581929326,0.3941655786815084
3.019,0.3021787567870086,0.4789386859228479
3.0195,0.4302208550792003,0.457745409112513
3.02,0.8463576745288233,0.03387987290581572
3.0205,1.123782220828572,-0.6760949002404023
3.021,0.7396559259519968,-1.05757388282643
3.0215,0.5689331282290746,-1.036380606016095
3.022,0.7396559259519968,-0.8668343915334161
3.0225,0.857027849386506,-0.4323722169215513
3.023,0.825017324813458,0.06566978812131802
3.0235,0.6969752265212663,0.4365521323021782
3.024,0.5475927785137094,0.5637117931641874
3.0245,0.408880505363835,0.5743084315693548
3.025,0.3661998059331045,0.4895353243280153
3.0255,0.5155822539406614,0.2564092794143318
3.026,0.5049120790829789,0.1080563417419877
3.0265,0.4195506802215176,0.002089957690313421
3.027,0.3235191065023739,-0.09327978795619347
3.0275,0.1207857842064037,-0.3158091944647096
3.028,-0.02859666380115328,-0.1356663415768632
3.0285,-0.9248913518464952,0.1080563417419877
3.029,-2.087940411333903,-0.1780528951975329
3.0295,-2.130621110764634,-0.1462629799820306
3.03,-2.344024607918286,0.08686306493165288
3.0305,-2.333354433060604,0.5425185163538525
3.031,-1.618452717595867,0.457745409112513
3.0315,-0.8502001278427167,0.09745970333682032
3.032,-0.2526703358124887,-0.1886495336027004
3.0325,0.1101156093487211,-0.3158091944647096
3.033,0.2808384070716433,-0.3052125560595421
3.0335,0.3341892813600565,-0.2098428104130352
3.034,0.3341892813600565,-0.05089323433552374
3.0345,0.3128489316446912,0.1186529801471552
3.035,0.3021787567870086,0.2881991946298341
3.0355,0.3021787567870086,0.4471487707073456
3.036,0.3341892813600565,0.5637117931641874
3.0365,0.6116138276598051,0.5107286011383502
3.037,1.251824319120764,0.1080563417419877
3.0375,1.369196242555273,-0.4959520473525559
3.038,1.070431346540159,-0.9622041371799229
3.0385,1.134452395686255,-1.205926820498774
3.039,1.166462920259302,-0.8986243067489184
3.0395,1.081101521397841,-0.252229364033705
3.04,0.857027849386506,0.3199891098453364
3.0405,0.6329541773751706,0.6696781772158616
3.041,0.4515612047945656,0.8074344764830383
3.0415,0.3448594562177392,0.7544512844572011
3.042,0.5369226036560266,0.3623756634660061
3.0425,0.6756348768059011,-0.04029659593035631
3.043,0.6009436528021226,-0.1992461720078678
3.0435,0.4622313796522482,-0.2734226408440398
3.044,0.3341892813600565,-0.3475991096802118
3.0445,0.1207857842064037,-0.3793890248957141
3.045,-0.4980843575391895,-0.1250697031716958
3.0455,-1.148965023857831,0.2246193641988295
3.046,-1.607782542738184,0.3305857482505039
3.0465,-2.023919362187807,0.2881991946298341
3.047,-1.83185621474952,0.2670059178194992
3.0475,-1.234326422719292,-0.1038764263613609
3.048,-0.5407650569699201,-0.3158091944647096
3.0485,-0.1779791118087102,-0.5595318777835605
3.049,-0.5941159312583333,-1.258910012524611
3.0495,-0.2526703358124887,-0.9304142219644207
3.05,-0.04993701351651855,-0.6125150698093976
3.0505,0.1314559590640864,-0.2416327256285375
3.051,0.2594980573562781,0.09745970333682032
3.0515,0.2701682322139607,0.2881991946298341
3.052,0.2701682322139607,0.457745409112513
3.0525,0.291508581929326,0.6060983467848571
3.053,0.6222840025174878,0.5425185163538525
3.0535,1.134452395686255,-0.008506680714854012
3.054,0.8036769750980928,-0.8244478379127463
3.0545,-0.1032878878049318,-1.407262950196955
3.055,-0.09261771294724913,-0.9939940523954253
3.0555,0.3128489316446912,-0.2734226408440398
3.056,0.6329541773751706,0.3305857482505039
3.0565,0.7289857510943143,0.7544512844572011
3.057,0.6649647019482183,0.9345941373450475
3.0575,0.5475927785137094,0.9028042221295453
3.058,0.4195506802215176,0.775644561267536
3.0585,0.4408910299368829,0.5637117931641874
3.059,0.5369226036560266,0.2987958330350016
3.0595,0.4942419042252961,0.1186529801471552
3.06,0.3875401556484697,-0.02969995752518888
3.0605,0.291508581929326,-0.1674562567923655
3.061,0.2168173579255475,-0.2946159176543747
3.0615,-0.1779791118087102,-0.2416327256285375
3.062,-0.8928808272734472,0.03387987290581572
3.0625,-1.554431668449771,0.2034260873884947
3.063,-2.119950935906951,0.1292496185523226
3.0635,-2.247993034199143,-0.1250697031716958
3.064,-1.522421143876723,-0.400582301706049
3.0645,-0.7648387289812555,-0.570128516188728
3.065,-0.1993194615240755,-0.6337083466197325
3.0655,0.1314559590640864,-0.5913217929990628
3.066,0.291508581929326,-0.4853554089473885
3.0665,0.3341892813600565,-0.3370024712750445
3.067,0.3235191065023739,-0.1780528951975329
3.0675,0.1634664836371343,-0.1250697031716958
3.068,0.2381577076409128,0.1504428953626575
3.0685,-0.4020527838200457,-0.326405832869877
3.069,-0.4127229586777283,-0.1992461720078678
3.0695,-0.02859666380115328,0.1186529801471552
3.07,0.8356874996711408,0.1080563417419877
3.0705,1.177133095116985,-0.2628260024388724
3.071,0.2808384070716433,-0.9728007755850904
3.0715,-0.3380317346739499,-1.566212526274467
3.072,-0.124628237520297,-1.301296566145281
3.0725,0.2274875327832301,-0.5595318777835605
3.073,0.4729015545099309,0.1186529801471552
3.0735,0.5155822539406614,0.5743084315693548
3.074,0.4622313796522482,0.7862411996727035
3.0745,0.3768699807907871,0.8180311148882058
3.075,0.3555296310754218,0.7226613692416989
3.0755,0.4729015545099309,0.5001319627331828
3.076,0.4622313796522482,0.309392471440169
3.0765,0.3768699807907871,0.1504428953626575
3.077,0.3021787567870086,-0.008506680714854012
3.0775,0.2488278824985954,-0.1674562567923655
3.078,0.02475421048725994,-0.3370024712750445
3.0785,-0.690147504977477,-0.4535654937318862
3.079,-1.501080794161358,-0.5383386009732256
3.0795,-2.087940411333903,-0.6231117082145651
3.08,-2.546757930214257,-0.2416327256285375
3.0805,-2.173301810195364,0.08686306493165288
3.081,-1.319687821580753,-0.04029659593035631
3.0815,-0.5621054066852853,-0.2734226408440398
3.082,-0.04993701351651855,-0.4429688553267188
3.0825,0.2274875327832301,-0.4959520473525559
3.083,0.3341892813600565,-0.4535654937318862
3.0835,0.3448594562177392,-0.326405832869877
3.084,0.3128489316446912,-0.1674562567923655
3.0845,0.291508581929326,0.02328323450064829
3.085,0.291508581929326,0.2034260873884947
3.0855,0.3021787567870086,0.383568940276341
3.086,0.3768699807907871,0.5001319627331828
3.0865,0.6756348768059011,0.383568940276341
3.087,0.8676980242441885,-0.02969995752518888
3.0875,0.4195506802215176,-0.4641621321370536
3.088,-0.2633405106701714,-0.8032545611024114
3.0885,-0.6047861061160158,-0.8774310299385835
3.089,-0.4767440078238243,-0.4959520473525559
3.0895,0.04609456020262521,0.2034260873884947
3.09,0.3235191065023739,0.6378882620003594
3.0905,0.4835717293676135,0.8710143069140429
3.091,0.4729015545099309,0.8922075837243778
3.0915,0.3982103305061524,0.7862411996727035
3.092,0.4835717293676135,0.5319218779486851
3.0925,0.4942419042252961,0.3199891098453364
3.093,0.4195506802215176,0.1716361721729923
3.0935,0.3341892813600565,0.04447651131098315
3.094,0.2701682322139607,-0.08268314955102604
3.0945,0.1848068333524996,-0.1886495336027004
3.095,-0.3807124341046804,-0.08268314955102604
3.0955,-1.244996597576974,0.1610395337678249
3.096,-1.863866739322568,0.2352160026039969
3.0965,-2.280003558772191,-0.04029659593035631
3.097,-1.991908837614759,-0.4959520473525559
3.0975,-1.234326422719292,-0.7290780922662394
3.098,-0.5300948821122373,-0.7820612842920766
3.0985,-0.03926683865883591,-0.7290780922662394
3.099,0.2168173579255475,-0.6231117082145651
3.0995,0.3235191065023739,-0.4853554089473885
3.1,0.3448594562177392,-0.3370024712750445
3.1005,0.3235191065023739,-0.1780528951975329
3.101,0.291508581929326,-0.01910331912002144
3.1015,0.2701682322139607,0.13984625695749
3.102,0.2701682322139607,0.2987958330350016
3.1025,0.2808384070716433,0.4471487707073456
3.103,0.5475927785137094,0.5001319627331828
3.1035,1.113112045970889,0.2987958330350016
3.104,0.79300680024041,-0.2416327256285375
3.1045,-0.07127736323188383,-0.6866915386455698
3.105,-0.06060718837420119,-0.3581957480853793
3.1055,0.3341892813600565,-0.01910331912002144
3.106,0.6329541773751706,0.1928294489833272
3.1065,0.7183155762366316,0.3305857482505039
3.107,0.5475927785137094,0.3199891098453364
3.1075,0.4729015545099309,0.4259554938970107
3.108,0.3128489316446912,0.4153588554918433
3.1085,-0.391382608962363,-0.2734226408440398
3.109,-0.156638762093345,-0.09327978795619347
3.1095,-0.007256314085787988,0.04447651131098315
3.11,0.1314559590640864,0.1716361721729923
3.1105,0.2274875327832301,0.2352160026039969
3.111,0.142126133921769,0.1716361721729923
3.1115,-0.5407650569699201,0.1716361721729923
3.112,-1.543761493592088,0.2776025562246667
3.1125,-2.269333383914508,0.2881991946298341
3.113,-2.674800028506448,0.2987958330350016
3.1135,-2.941554399948514,0.6590815388106942
3.114,-2.344024607918286,0.6908714540261965
3.1145,-1.373038695869166,0.3623756634660061
3.115,-0.5407650569699201,0.002089957690313421
3.1155,-0.007256314085787988,-0.2416327256285375
3.116,0.2594980573562781,-0.3581957480853793
3.1165,0.3661998059331045,-0.3581957480853793
3.117,0.3661998059331045,-0.2840192792492073
3.1175,0.3341892813600565,-0.1674562567923655
3.118,0.3021787567870086,-0.05089323433552374
3.1185,0.291508581929326,0.08686306493165288
3.119,0.3021787567870086,0.2034260873884947
3.1195,0.3875401556484697,0.2987958330350016
3.12,0.8676980242441885,0.2140227257936621
3.1205,1.006410297394063,-0.1992461720078678
3.121,0.408880505363835,-0.792657922697244
3.1215,0.2274875327832301,-0.6760949002404023
3.122,0.4408910299368829,-0.252229364033705
3.1225,0.6542945270905358,0.1822328105781598
3.123,0.7183155762366316,0.457745409112513
3.1235,0.6649647019482183,0.627291623595192
3.124,0.5582629533713921,0.7226613692416989
3.1245,0.4302208550792003,0.7332580076468663
3.125,0.3875401556484697,0.6590815388106942
3.1255,0.4729015545099309,0.4471487707073456
3.126,0.4622313796522482,0.3199891098453364
3.1265,0.3875401556484697,0.2564092794143318
3.127,0.1741366584948169,0.06566978812131802
3.1275,0.2061471830678648,0.09745970333682032
3.128,-0.7755089038389382,-0.4217755785163839
3.1285,-1.639793067311232,0.05507314971615059
3.129,-2.290673733629873,0.9028042221295453
3.1295,-2.568098279929622,1.443232780793084
3.13,-2.717480727937179,1.528005888034424
3.1305,-2.429386006779747,0.8392243916985406
3.131,-1.586442193022819,0.1080563417419877
3.1315,-0.7434983792658902,-0.3581957480853793
3.132,-0.1459685872356623,-0.5595318777835605
3.1325,0.1954770082101822,-0.570128516188728
3.133,0.3341892813600565,-0.4641621321370536
3.1335,0.3768699807907871,-0.3052125560595421
3.134,0.3555296310754218,-0.1144730647665284
3.1345,0.3235191065023739,0.06566978812131802
3.135,0.3021787567870086,0.2352160026039969
3.1355,0.291508581929326,0.3941655786815084
3.136,0.3128489316446912,0.5425185163538525
3.1365,0.6542945270905358,0.5425185163538525
3.137,1.145122570543937,0.2140227257936621
3.1375,0.79300680024041,-0.4217755785163839
3.138,0.1527963087794516,-1.068170521231597
3.1385,0.1741366584948169,-0.9939940523954253
3.139,0.4622313796522482,-0.474758770542221
3.1395,0.6756348768059011,0.07626642652648545
3.14,0.707645401378949,0.4683420475176805
3.1405,0.6222840025174878,0.6696781772158616
3.141,0.5049120790829789,0.7544512844572011
3.1415,0.3982103305061524,0.701468092431364
3.142,0.4302208550792003,0.4895353243280153
3.1425,0.4195506802215176,0.2987958330350016
3.143,0.3661998059331045,0.1610395337678249
3.1435,0.291508581929326,0.03387987290581572
3.144,0.2381577076409128,-0.09327978795619347
3.1445,0.1314559590640864,-0.1462629799820306
3.145,-0.3593720843893152,0.1186529801471552
3.1455,-1.084943974711735,0.5001319627331828
3.146,-1.746494815888059,0.7120647308365314
3.1465,-2.344024607918286,0.849821030103708
3.147,-2.173301810195364,0.6908714540261965
3.1475,-1.255666772434657,0.2987958330350016
3.148,-1.052933450138687,-0.6231117082145651
3.1485,-0.7648387289812555,-1.0999604364471
3.149,-0.2846808603855366,-0.9728007755850904
3.1495,0.00341386077189465,-0.7608680074817418
3.15,0.2168173579255475,-0.4429688553267188
3.1505,0.3235191065023739,-0.1462629799820306
3.151,0.3021787567870086,0.03387987290581572
3.1515,0.291508581929326,0.2034260873884947
3.152,0.3021787567870086,0.3729723018711736
3.1525,0.3235191065023739,0.5107286011383502
3.153,0.5262524287983441,0.5107286011383502
3.1535,0.9637295979633325,0.2246193641988295
3.154,0.8890383739595538,-0.3687923864905467
3.1545,0.3448594562177392,-0.8774310299385835
3.155,0.4302208550792003,-1.258910012524611
3.1555,0.7183155762366316,-1.025783967610927
3.156,0.8890383739595538,-0.3899856633008816
3.1565,0.857027849386506,0.1716361721729923
3.157,0.707645401378949,0.55311515475902
3.1575,0.5475927785137094,0.701468092431364
3.158,0.408880505363835,0.6908714540261965
3.1585,0.4408910299368829,0.4895353243280153
3.159,0.5262524287983441,0.2140227257936621
3.1595,0.4729015545099309,0.05507314971615059
3.16,0.3768699807907871,-0.06148987274069118
3.1605,0.291508581929326,-0.1674562567923655
3.161,0.1634664836371343,-0.2734226408440398
3.1615,-0.423393133535411,-0.2946159176543747
3.162,-1.170305373573196,-0.2628260024388724
3.1625,-1.693143941599645,-0.3581957480853793
3.163,-2.07727023647622,-0.6019184314042303
3.1635,-2.07727023647622,-0.5913217929990628
3.164,-1.373038695869166,-0.5489352393783931
3.1645,-0.658136980404429,-0.5277419625680583
3.165,-0.1352984123779797,-0.4959520473525559
3.1655,0.1741366584948169,-0.4429688553267188
3.166,0.3128489316446912,-0.3475991096802118
3.1665,0.3448594562177392,-0.2310360872233701
3.167,0.2808384070716433,-0.1462629799820306
3.1675,0.2061471830678648,-0.05089323433552374
3.168,0.03542438534494258,-0.07208651114585861
3.1685,-0.5621054066852853,-0.5277419625680583
3.169,-0.2846808603855366,-0.1356663415768632
3.1695,-0.08194753808956648,0.1504428953626575
3.17,0.4195506802215176,0.2670059178194992
3.1705,0.7609962756673623,0.01268659609548085
3.171,0.1848068333524996,-0.6972881770507372
3.1715,-0.09261771294724913,-1.375473034981453
3.172,0.2061471830678648,-1.38606967338662
3.1725,0.5155822539406614,-0.8032545611024114
3.173,0.6863050516635838,-0.1780528951975329
3.1735,0.6756348768059011,0.3305857482505039
3.174,0.5689331282290746,0.6378882620003594
3.1745,0.4408910299368829,0.7438546460520338
3.175,0.3768699807907871,0.6696781772158616
3.1755,0.3982103305061524,0.4365521323021782
3.176,0.3661998059331045,0.2564092794143318
3.1765,0.3235191065023739,0.1080563417419877
3.177,0.2808384070716433,-0.04029659593035631
3.1775,0.2488278824985954,-0.1780528951975329
3.178,-0.03926683865883591,-0.1250697031716958
3.1785,-0.8715404775580819,0.2987958330350016
3.179,-1.639793067311232,0.6484849004055269
3.1795,-2.055929886760855,0.701468092431364
3.18,-2.269333383914508,0.309392471440169
3.1805,-1.714484291315011,-0.2098428104130352
3.181,-0.9355615267041777,-0.5383386009732256
3.1815,-0.3060212101009019,-0.6760949002404023
3.182,0.08877525963335578,-0.6760949002404023
3.1825,0.2808384070716433,-0.5807251545938954
3.183,0.3448594562177392,-0.4429688553267188
3.1835,0.3448594562177392,-0.2840192792492073
3.184,0.3235191065023739,-0.1038764263613609
3.1845,0.3021787567870086,0.06566978812131802
3.185,0.3021787567870086,0.2352160026039969
3.1855,0.3235191065023739,0.3941655786815084
3.186,0.3128489316446912,0.5425185163538525
3.1865,0.4942419042252961,0.6060983467848571
3.187,0.6649647019482183,0.2670059178194992
3.1875,0.3555296310754218,-0.1356663415768632
3.188,-0.06060718837420119,-0.6972881770507372
3.1885,-0.2846808603855366,-1.38606967338662
3.189,-0.1352984123779797,-1.163540266878104
3.1895,0.2381577076409128,-0.3581957480853793
3.19,0.408880505363835,0.1928294489833272
3.1905,0.5262524287983441,0.5955017083796896
3.191,0.4942419042252961,0.7650479228623686
3.1915,0.408880505363835,0.7544512844572011
3.192,0.4835717293676135,0.5637117931641874
3.1925,0.4942419042252961,0.3941655786815084
3.193,0.4195506802215176,0.2352160026039969
3.1935,0.3341892813600565,0.08686306493165288
3.194,0.2808384070716433,-0.08268314955102604
3.1945,0.1101156093487211,-0.1674562567923655
3.195,-0.6367966306890638,0.1716361721729923
3.1955,-1.51175096901904,0.5637117931641874
3.196,-2.141291285622316,0.701468092431364
3.1965,-2.632119329075718,0.4683420475176805
3.197,-2.354694782775969,-0.1038764263613609
3.1975,-1.490410619303675,-0.5277419625680583
3.198,-0.6688071552621118,-0.7396747306714069
3.1985,-0.09261771294724913,-0.7714646458869092
3.199,0.2168173579255475,-0.6972881770507372
3.1995,0.3555296310754218,-0.5595318777835605
3.2,0.3768699807907871,-0.3899856633008816
3.2005,0.3555296310754218,-0.2098428104130352
3.201,0.3235191065023739,-0.01910331912002144
3.2015,0.3021787567870086,0.1610395337678249
3.202,0.291508581929326,0.3411823866556712
3.2025,0.3021787567870086,0.5107286011383502
3.203,0.4515612047945656,0.6060983467848571
3.2035,0.8676980242441885,0.4365521323021782
3.204,0.6436243522328531,-0.06148987274069118
3.2045,-0.007256314085787988,-0.5065486857577234
3.205,-0.007256314085787988,-0.2946159176543747
3.2055,0.2808384070716433,0.07626642652648545
3.206,0.5155822539406614,0.4365521323021782
3.2065,0.6222840025174878,0.6590815388106942
3.207,0.4942419042252961,0.6484849004055269
3.2075,0.4195506802215176,0.6696781772158616
3.208,-0.07127736323188383,0.1928294489833272
3.2085,-0.423393133535411,-0.1674562567923655
3.209,-0.274010685527854,-0.08268314955102604
3.2095,-0.1139580626626144,-0.04029659593035631
3.21,0.08877525963335578,0.03387987290581572
3.2105,0.1954770082101822,0.002089957690313421
3.211,0.1527963087794516,-0.07208651114585861
3.2115,-0.4874141826815069,0.2987958330350016
3.212,-1.565101843307454,0.92399749893988
3.2125,-2.301343908487556,1.432636142387917
3.213,-2.557428105071939,1.347863035146577
3.2135,-2.450726356495113,0.4365521323021782
3.214,-1.67180359188428,-0.2416327256285375
3.2145,-0.8181896032696687,-0.5171453241628908
3.215,-0.1886492866663929,-0.5383386009732256
3.2155,0.1741366584948169,-0.4429688553267188
3.216,0.3341892813600565,-0.2946159176543747
3.2165,0.3768699807907871,-0.1250697031716958
3.217,0.3661998059331045,0.02328323450064829
3.2175,0.3341892813600565,0.1716361721729923
3.218,0.3128489316446912,0.2987958330350016
3.2185,0.3128489316446912,0.4047622170866759
3.219,0.3235191065023739,0.5001319627331828
3.2195,0.3982103305061524,0.55311515475902
3.22,0.8997085488172365,0.3411823866556712
3.2205,1.411876941986003,-0.1144730647665284
3.221,1.113112045970889,-0.4959520473525559
3.2215,0.8463576745288233,-0.792657922697244
3.222,0.8463576745288233,-0.570128516188728
3.2225,0.8676980242441885,-0.1780528951975329
3.223,0.8143471499557753,0.2140227257936621
3.2235,0.6863050516635838,0.4789386859228479
3.224,0.5262524287983441,0.6060983467848571
3.2245,0.3982103305061524,0.5955017083796896
3.225,0.3555296310754218,0.4683420475176805
3.2255,0.4302208550792003,0.2034260873884947
3.226,0.4195506802215176,0.04447651131098315
3.2265,0.2274875327832301,-0.1886495336027004
3.227,0.2594980573562781,-0.1992461720078678
3.2275,-0.124628237520297,-0.6125150698093976
3.228,-0.9995825758502737,-0.8350444763179138
3.2285,-1.67180359188428,-0.2098428104130352
3.229,-2.066600061618538,0.1610395337678249
3.2295,-2.290673733629873,0.1928294489833272
3.23,-2.589438629644987,-0.4641621321370536
3.2305,-2.23732285934146,-1.05757388282643
3.231,-1.383708870726849,-1.025783967610927
3.2315,-0.5834457564006506,-0.7608680074817418
3.232,-0.04993701351651855,-0.4535654937318862
3.2325,0.2488278824985954,-0.2098428104130352
3.233,0.3661998059331045,-0.008506680714854012
3.2335,0.3875401556484697,0.1292496185523226
3.234,0.3661998059331045,0.2352160026039969
3.2345,0.3235191065023739,0.3199891098453364
3.235,0.3128489316446912,0.383568940276341
3.2355,0.3235191065023739,0.4365521323021782
3.236,0.3555296310754218,0.4789386859228479
3.2365,0.7609962756673623,0.4259554938970107
3.237,1.230483969405398,0.08686306493165288
3.2375,0.9957401225363802,-0.5913217929990628
3.238,0.5049120790829789,-1.34368311976595
3.2385,0.6329541773751706,-1.735758740757146
3.239,0.79300680024041,-1.311893204550448
3.2395,0.8143471499557753,-0.6337083466197325
3.24,0.7183155762366316,-0.1038764263613609
3.2405,0.5689331282290746,0.2458126410091644
3.241,0.4408910299368829,0.4259554938970107
3.2415,0.3448594562177392,0.457745409112513
3.242,0.3982103305061524,0.2352160026039969
3.2425,0.408880505363835,0.05507314971615059
3.243,0.3661998059331045,-0.06148987274069118
3.2435,0.3128489316446912,-0.1356663415768632
3.244,0.2594980573562781,-0.2098428104130352
3.2445,0.1207857842064037,-0.1568596183871981
3.245,-0.4554036581084589,0.3623756634660061
3.2455,-1.074273799854052,0.9134008605347127
3.246,-1.650463242168915,1.00877060618122
3.2465,-2.03458953704549,0.8074344764830383
3.247,-2.013249187330125,0.2140227257936621
3.2475,-1.789175515318789,-0.6549016234300674
3.248,-0.9248913518464952,-0.7396747306714069
3.2485,-0.3380317346739499,-0.718481453861072
3.249,0.07810508477567314,-0.5277419625680583
3.2495,0.3235191065023739,-0.2840192792492073
3.25,0.3448594562177392,-0.1250697031716958
3.2505,0.3235191065023739,0.04447651131098315
3.251,0.3021787567870086,0.2246193641988295
3.2515,0.291508581929326,0.383568940276341
3.252,0.291508581929326,0.5319218779486851
3.2525,0.3555296310754218,0.6590815388106942
3.253,0.8356874996711408,0.5001319627331828
3.2535,1.51857869056283,-0.09327978795619347
3.254,1.15579274540162,-0.9092209451540858
3.2545,0.09944543449103843,-1.502632695843462
3.255,-0.09261771294724913,-1.47084278062796
3.2555,0.1634664836371343,-0.8562377531282487
3.256,0.4515612047945656,-0.1038764263613609
3.2565,0.5796033030867573,0.5213252395435176
3.257,0.5689331282290746,0.775644561267536
3.2575,0.4942419042252961,0.7862411996727035
3.258,0.3982103305061524,0.6802748156210291
3.2585,0.4622313796522482,0.4471487707073456
3.259,0.5369226036560266,0.1928294489833272
3.2595,0.4835717293676135,0.002089957690313421
3.26,0.3875401556484697,-0.1568596183871981
3.2605,0.3021787567870086,-0.2946159176543747
3.261,0.2168173579255475,-0.4217755785163839
3.2615,-0.1459685872356623,-0.6125150698093976
3.262,-0.839529952985034,-0.8774310299385835
3.2625,-1.362368521011484,-1.227120097309109
3.263,-1.767835165603424,-1.227120097309109
3.2635,-2.002579012472442,-0.5171453241628908
3.264,-1.447729919872945,-0.1992461720078678
3.2645,-0.754168554123573,-0.2098428104130352
3.265,-0.2099896363817582,-0.2946159176543747
3.2655,0.02475421048725994,-0.4535654937318862
3.266,0.2381577076409128,-0.3793890248957141
3.2665,-0.156638762093345,-0.7396747306714069
3.267,-0.4127229586777283,-0.8562377531282487
3.2675,-0.1993194615240755,-0.4535654937318862
3.268,-0.03926683865883591,-0.1038764263613609
3.2685,0.1634664836371343,0.2564092794143318
3.269,0.3661998059331045,0.5107286011383502
3.2695,0.5796033030867573,0.55311515475902
3.27,1.027750647109428,0.3199891098453364
3.2705,1.582599739708926,-0.2310360872233701
3.271,1.262494493978446,-0.9198175835592532
3.2715,0.825017324813458,-0.8562377531282487
3.272,0.7503261008096795,-0.3581957480853793
3.2725,0.7716664505250448,0.1716361721729923
3.273,0.7289857510943143,0.5213252395435176
3.2735,0.6329541773751706,0.7120647308365314
3.274,0.5155822539406614,0.7544512844572011
3.2745,0.408880505363835,0.701468092431364
3.275,0.3875401556484697,0.5637117931641874
3.2755,0.4835717293676135,0.3517790250608387
3.276,0.4622313796522482,0.1822328105781598
3.2765,0.3875401556484697,0.03387987290581572
3.277,0.3128489316446912,-0.09327978795619347
3.2775,0.2594980573562781,-0.2204394488182027
3.278,0.0674349099179905,-0.2840192792492073
3.2785,-0.6261264558313813,-0.1144730647665284
3.279,-1.479740444445993,0.04447651131098315
3.2795,-2.03458953704549,0.03387987290581572
3.28,-2.408045657064382,-0.4217755785163839
3.2805,-1.842526389607202,-0.7608680074817418
3.281,-1.020922925565639,-0.7396747306714069
3.2815,-0.3593720843893152,-0.5807251545938954
3.282,0.05676473506030786,-0.400582301706049
3.2825,0.2701682322139607,-0.2416327256285375
3.283,0.3448594562177392,-0.09327978795619347
3.2835,0.3448594562177392,0.02328323450064829
3.284,0.3235191065023739,0.1186529801471552
3.2845,0.3021787567870086,0.2140227257936621
3.285,0.291508581929326,0.2881991946298341
3.2855,0.291508581929326,0.3623756634660061
3.286,0.2701682322139607,0.2776025562246667
3.2865,0.8783681991018712,0.3517790250608387
3.287,1.091771696255524,0.05507314971615059
3.2875,-0.03926683865883591,-0.8986243067489184
3.288,-0.9248913518464952,-1.746355379162313
3.2885,-0.423393133535411,-1.47084278062796
3.289,0.1101156093487211,-0.7502713690765743
3.2895,0.5262524287983441,-0.05089323433552374
3.29,0.6649647019482183,0.383568940276341
3.2905,0.5796033030867573,0.5213252395435176
3.291,0.4622313796522482,0.5743084315693548
3.2915,0.3768699807907871,0.5425185163538525
3.292,0.5155822539406614,0.2776025562246667
3.2925,0.5689331282290746,0.07626642652648545
3.293,0.4942419042252961,0.01268659609548085
3.2935,0.3982103305061524,-0.01910331912002144
3.294,0.3128489316446912,-0.06148987274069118
3.2945,0.00341386077189465,0.002089957690313421
3.295,-0.722158029550525,0.4895353243280153
3.2955,-1.234326422719292,1.029963882991555
3.296,-1.533091318734406,1.135930267043229
3.2965,-1.970568487899394,0.7226613692416989
3.297,-1.895877263895616,-0.05089323433552374
3.2975,-1.255666772434657,-0.4641621321370536
3.298,-0.5834457564006506,-0.5807251545938954
3.2985,-0.08194753808956648,-0.5383386009732256
3.299,0.1954770082101822,-0.4111789401112165
3.2995,0.3235191065023739,-0.2628260024388724
3.3,0.3448594562177392,-0.1144730647665284
3.3005,0.3341892813600565,0.02328323450064829
3.301,0.3128489316446912,0.1610395337678249
3.3015,0.3021787567870086,0.2776025562246667
3.302,0.3021787567870086,0.383568940276341
3.3025,0.3341892813600565,0.4683420475176805
3.303,0.7609962756673623,0.1928294489833272
3.3035,1.315845368266859,-0.4853554089473885
3.304,0.942389248247967,-1.121153713257435
3.3045,0.3341892813600565,-1.492036057438295
3.305,0.4515612047945656,-1.460246142222792
3.3055,0.6863050516635838,-0.8456411147230812
3.306,0.825017324813458,-0.1674562567923655
3.3065,0.707645401378949,0.3199891098453364
3.307,0.5902734779444399,0.6590815388106942
3.3075,-0.007256314085787988,0.2564092794143318
3.308,-0.3380317346739499,-0.05089323433552374
3.3085,-0.06060718837420119,-0.02969995752518888
3.309,0.1848068333524996,-0.07208651114585861
3.3095,0.3341892813600565,-0.02969995752518888
3.31,0.3555296310754218,-0.05089323433552374
3.3105,0.291508581929326,-0.1568596183871981
3.311,0.2061471830678648,-0.252229364033705
3.3115,-0.2313299860971235,-0.02969995752518888
3.312,-1.170305373573196,0.5213252395435176
3.3125,-1.981238662757077,0.9028042221295453
3.313,-2.621449154218035,0.9663840525605498
3.3135,-2.930884225090832,0.5001319627331828
3.314,-2.162631635337682,-0.08268314955102604
3.3145,-1.191645723288561,-0.3899856633008816
3.315,-0.4127229586777283,-0.4853554089473885
3.3155,0.0674349099179905,-0.4429688553267188
3.316,0.3021787567870086,-0.326405832869877
3.3165,0.3768699807907871,-0.1674562567923655
3.317,0.3768699807907871,-0.008506680714854012
3.3175,0.3448594562177392,0.1504428953626575
3.318,0.3128489316446912,0.2881991946298341
3.3185,0.3021787567870086,0.4259554938970107
3.319,0.3128489316446912,0.5319218779486851
3.3195,0.6009436528021226,0.4789386859228479
3.32,1.35852606769759,-0.04029659593035631
3.3205,1.892034810581722,-0.6866915386455698
3.321,1.433217291701369,-0.9728007755850904
3.3215,0.9957401225363802,-0.8880276683437509
3.322,0.8890383739595538,-0.4959520473525559
3.3225,0.857027849386506,0.04447651131098315
3.323,0.79300680024041,0.457745409112513
3.3235,0.6649647019482183,0.6908714540261965
3.324,0.5155822539406614,0.7650479228623686
3.3245,0.3875401556484697,0.701468092431364
3.325,0.3875401556484697,0.5001319627331828
3.3255,0.5475927785137094,0.1292496185523226
3.326,0.3982103305061524,-0.2098428104130352
3.3265,0.3982103305061524,-0.2416327256285375
3.327,-0.156638762093345,-0.7820612842920766
3.3275,-0.4447334832507763,-1.036380606016095
3.328,-0.572775581542968,-0.8562377531282487
3.3285,-1.255666772434657,-0.570128516188728
3.329,-1.67180359188428,-0.3158091944647096
3.3295,-2.066600061618538,-0.3581957480853793
3.33,-2.589438629644987,-0.8986243067489184
3.3305,-2.301343908487556,-1.301296566145281
3.331,-1.447729919872945,-1.142346990067769
3.3315,-0.6474668055467465,-0.7820612842920766
3.332,-0.08194753808956648,-0.4429688553267188
3.3325,0.2274875327832301,-0.1568596183871981
3.333,0.3555296310754218,0.03387987290581572
3.3335,0.3768699807907871,0.1822328105781598
3.334,0.3448594562177392,0.2881991946298341
3.3345,0.3128489316446912,0.3729723018711736
3.335,0.3021787567870086,0.4471487707073456
3.3355,0.3128489316446912,0.5001319627331828
3.336,0.3448594562177392,0.55311515475902
3.3365,0.8036769750980928,0.4471487707073456
3.337,1.379866417412955,0.08686306493165288
3.3375,0.942389248247967,-0.2946159176543747
3.338,0.3661998059331045,-0.3581957480853793
3.3385,0.4408910299368829,-0.09327978795619347
3.339,0.6436243522328531,0.06566978812131802
3.3395,0.7609962756673623,0.1716361721729923
3.34,0.7503261008096795,0.2564092794143318
3.3405,0.6222840025174878,0.3305857482505039
3.341,0.4729015545099309,0.3517790250608387
3.3415,0.3768699807907871,0.309392471440169
3.342,0.3661998059331045,0.1928294489833272
3.3425,0.3235191065023739,0.1080563417419877
3.343,0.2808384070716433,0.03387987290581572
3.3435,0.2488278824985954,-0.02969995752518888
3.344,0.2274875327832301,-0.09327978795619347
3.3445,0.09944543449103843,-0.08268314955102604
3.345,-0.4554036581084589,0.2246193641988295
3.3455,-1.223656247861609,0.5001319627331828
3.346,-1.533091318734406,0.5955017083796896
3.3465,-2.215982509626095,0.1080563417419877
3.347,-2.461396531352796,-0.07208651114585861
3.3475,-1.682473766741963,-0.05089323433552374
3.348,-0.8822106524157645,-0.1568596183871981
3.3485,-0.2206598112394408,-0.1568596183871981
3.349,0.1741366584948169,-0.1250697031716958
3.3495,0.3021787567870086,-0.1144730647665284
3.35,0.3341892813600565,-0.04029659593035631
3.3505,0.3128489316446912,0.05507314971615059
3.351,0.3021787567870086,0.1716361721729923
3.3515,0.2808384070716433,0.2776025562246667
3.352,0.291508581929326,0.383568940276341
3.3525,0.3341892813600565,0.457745409112513
3.353,0.6436243522328531,0.3411823866556712
3.3535,1.177133095116985,-0.1250697031716958
3.354,0.79300680024041,-0.7396747306714069
3.3545,-0.09261771294724913,-1.131750351662602
3.355,-0.08194753808956648,-0.8032545611024114
3.3555,0.2701682322139607,-0.4111789401112165
3.356,0.5262524287983441,0.02328323450064829
3.3565,0.5902734779444399,0.2140227257936621
3.357,0.5582629533713921,0.2881991946298341
3.3575,0.4729015545099309,0.3199891098453364
3.358,0.3768699807907871,0.2987958330350016
3.3585,0.4195506802215176,0.1822328105781598
3.359,0.4622313796522482,0.07626642652648545
3.3595,0.408880505363835,0.03387987290581572
3.36,0.3448594562177392,0.01268659609548085
3.3605,0.291508581929326,-0.008506680714854012
3.361,0.1954770082101822,0.01268659609548085
3.3615,-0.3060212101009019,0.4365521323021782
3.362,-1.052933450138687,1.051157159801889
3.3625,-1.490410619303675,1.400846227172415
3.363,-1.83185621474952,1.369056311956912
3.3635,-1.87453691418025,1.199510097474233
3.364,-1.26633694729234,0.701468092431364
3.3645,-0.6154562809736985,0.2140227257936621
3.365,-0.1673089369510276,-0.1462629799820306
3.3655,0.04609456020262521,-0.326405832869877
3.366,0.04609456020262521,-0.4323722169215513
3.3665,-0.5087545323968721,-0.9092209451540858
3.367,-0.2420001609548061,-0.474758770542221
3.3675,-0.08194753808956648,-0.1356663415768632
3.368,0.08877525963335578,0.2246193641988295
3.3685,0.2488278824985954,0.5319218779486851
3.369,0.291508581929326,0.6590815388106942
3.3695,0.4515612047945656,0.7120647308365314
3.37,1.113112045970889,0.4789386859228479
3.3705,1.465227816274416,-0.1462629799820306
3.371,0.8890383739595538,-0.792657922697244
3.3715,0.6542945270905358,-0.570128516188728
3.372,0.7823366253827275,-0.1886495336027004
3.3725,0.8890383739595538,-0.01910331912002144
3.373,0.8783681991018712,0.06566978812131802
3.3735,0.7503261008096795,0.07626642652648545
3.374,0.5796033030867573,0.04447651131098315
3.3745,0.4302208550792003,0.01268659609548085
3.375,0.3875401556484697,-0.04029659593035631
3.3755,0.4622313796522482,-0.1144730647665284
3.376,0.4302208550792003,-0.1250697031716958
3.3765,0.3555296310754218,-0.1356663415768632
3.377,0.291508581929326,-0.1462629799820306
3.3775,0.2381577076409128,-0.1568596183871981
3.378,-0.04993701351651855,0.13984625695749
3.3785,-0.7755089038389382,0.7650479228623686
3.379,-1.575772018165136,1.347863035146577
3.3795,-2.119950935906951,1.718745379327438
3.38,-2.504077230783526,1.845905040189447
3.3805,-1.917217613610981,1.42203950398275
3.381,-1.074273799854052,0.7438546460520338
3.3815,-0.391382608962363,0.2034260873884947
3.382,0.04609456020262521,-0.06148987274069118
3.3825,0.2594980573562781,-0.1144730647665284
3.383,0.3448594562177392,0.002089957690313421
3.3835,0.3448594562177392,0.1822328105781598
3.384,0.3235191065023739,0.383568940276341
3.3845,0.3021787567870086,0.5743084315693548
3.385,0.291508581929326,0.7332580076468663
3.3855,0.3021787567870086,0.8710143069140429
3.386,0.2594980573562781,0.8074344764830383
3.3865,0.9103787236749192,0.7862411996727035
3.387,0.5796033030867573,-0.2416327256285375
3.3875,-0.1139580626626144,-0.8032545611024114
3.388,-0.3273615598162672,-0.8456411147230812
3.3885,-0.04993701351651855,-0.6549016234300674
3.389,0.3982103305061524,-0.1462629799820306
3.3895,0.6756348768059011,0.2987958330350016
3.39,0.6542945270905358,0.4895353243280153
3.3905,0.5582629533713921,0.5319218779486851
3.391,0.4515612047945656,0.457745409112513
3.3915,0.3875401556484697,0.3199891098453364
3.392,0.5369226036560266,0.04447651131098315
3.3925,0.5582629533713921,-0.1674562567923655
3.393,0.4729015545099309,-0.3052125560595421
3.3935,0.3661998059331045,-0.4217755785163839
3.394,0.2701682322139607,-0.5383386009732256
3.3945,0.02475421048725994,-0.5065486857577234
3.395,-0.7008176798351597,-0.05089323433552374
3.3955,-1.533091318734406,0.4471487707073456
3.396,-2.183971985053047,0.7120647308365314
3.3965,-2.717480727937179,0.4153588554918433
3.397,-2.653459678791083,-0.3793890248957141
3.3975,-1.735824641030376,-0.6972881770507372
3.398,-0.8502001278427167,-0.6654982618352349
3.3985,-0.2099896363817582,-0.4853554089473885
3.399,0.1634664836371343,-0.2628260024388724
3.3995,0.3341892813600565,-0.05089323433552374
3.4,0.3661998059331045,0.13984625695749
3.4005,0.3555296310754218,0.2881991946298341
3.401,0.3235191065023739,0.4259554938970107
3.4015,0.3128489316446912,0.5319218779486851
3.402,0.3128489316446912,0.6166949851900245
3.4025,0.3341892813600565,0.6696781772158616
3.403,0.6649647019482183,0.5001319627331828
3.4035,1.209143619690033,-0.06148987274069118
3.404,1.059761171682476,-0.7396747306714069
3.4045,0.5155822539406614,-1.110557074852267
3.405,0.4302208550792003,-0.8244478379127463
3.4055,0.5475927785137094,-0.4111789401112165
3.406,0.5262524287983441,-0.1356663415768632
3.4065,0.6116138276598051,0.2776025562246667
3.407,-0.1032878878049318,-0.1462629799820306
3.4075,-0.2099896363817582,-0.1462629799820306
3.408,-0.09261771294724913,-0.06148987274069118
3.4085,0.1314559590640864,-0.1568596183871981
3.409,0.3768699807907871,-0.1992461720078678
3.4095,0.3982103305061524,-0.2628260024388724
3.41,0.3341892813600565,-0.3370024712750445
3.4105,0.2594980573562781,-0.400582301706049
3.411,0.1848068333524996,-0.4217755785163839
3.4115,-0.2953510352432193,-0.07208651114585861
3.412,-1.234326422719292,0.6166949851900245
3.4125,-1.917217613610981,1.146526905448396
3.413,-2.301343908487556,1.125333628638062
3.4135,-2.482736881068161,0.4047622170866759
3.414,-1.853196564464885,-0.2310360872233701
3.4145,-1.010252750707956,-0.4959520473525559
3.415,-0.3273615598162672,-0.5065486857577234
3.4155,0.08877525963335578,-0.3899856633008816
3.416,0.291508581929326,-0.2098428104130352
3.4165,0.3661998059331045,-0.01910331912002144
3.417,0.3555296310754218,0.1716361721729923
3.4175,0.3235191065023739,0.3411823866556712
3.418,0.3021787567870086,0.4895353243280153
3.4185,0.3021787567870086,0.6166949851900245
3.419,0.3235191065023739,0.7226613692416989
3.4195,0.4942419042252961,0.7332580076468663
3.42,1.006410297394063,0.5001319627331828
3.4205,1.187803269974668,-0.05089323433552374
3.421,0.6116138276598051,-0.6972881770507372
3.4215,0.2488278824985954,-0.7820612842920766
3.422,0.3448594562177392,-0.4959520473525559
3.4225,0.5369226036560266,-0.08268314955102604
3.423,0.6329541773751706,0.309392471440169
3.4235,0.5902734779444399,0.5425185163538525
3.424,0.5155822539406614,0.6060983467848571
3.4245,0.4195506802215176,0.5425185163538525
3.425,0.2808384070716433,0.2881991946298341
3.4255,0.3982103305061524,0.1504428953626575
3.426,-0.2206598112394408,-0.6125150698093976
3.4265,-0.3700422592469978,-0.8350444763179138
3.427,-0.2099896363817582,-0.7608680074817418
3.4275,-0.08194753808956648,-0.7078848154559045
3.428,-0.1459685872356623,-0.4535654937318862
3.4285,-0.9889124009925911,0.06566978812131802
3.429,-1.981238662757077,0.4365521323021782
3.4295,-2.557428105071939,0.4895353243280153
3.43,-2.770831602225592,-0.05089323433552374
3.4305,-2.087940411333903,-0.570128516188728
3.431,-1.148965023857831,-0.7714646458869092
3.4315,-0.4020527838200457,-0.7608680074817418
3.432,0.07810508477567314,-0.6337083466197325
3.4325,0.3021787567870086,-0.4641621321370536
3.433,0.3768699807907871,-0.2840192792492073
3.4335,0.3661998059331045,-0.09327978795619347
3.434,0.3341892813600565,0.08686306493165288
3.4345,0.3128489316446912,0.2670059178194992
3.435,0.291508581929326,0.4259554938970107
3.4355,0.2808384070716433,0.5743084315693548
3.436,0.3661998059331045,0.6484849004055269
3.4365,0.6542945270905358,0.4683420475176805
3.437,0.9103787236749192,-0.1250697031716958
3.4375,0.6649647019482183,-0.8350444763179138
3.438,0.3128489316446912,-1.364876396576285
3.4385,0.4835717293676135,-1.38606967338662
3.439,0.6756348768059011,-0.7502713690765743
3.4395,0.7609962756673623,-0.02969995752518888
3.44,0.707645401378949,0.4683420475176805
3.4405,0.5902734779444399,0.7650479228623686
3.441,0.4515612047945656,0.8180311148882058
3.4415,0.3768699807907871,0.6696781772158616
3.442,0.4515612047945656,0.4153588554918433
3.4425,0.4408910299368829,0.1716361721729923
3.443,0.3768699807907871,-0.02969995752518888
3.4435,0.3021787567870086,-0.1992461720078678
3.444,0.2488278824985954,-0.3475991096802118
3.4445,-0.06060718837420119,-0.474758770542221
3.445,-0.6367966306890638,-0.008506680714854012
3.4455,-1.330357996438436,0.1716361721729923
3.446,-2.19464215991073,-0.5489352393783931
3.4465,-2.418715831922065,-0.4641621321370536
3.447,-2.525417580498891,-0.8244478379127463
3.4475,-1.821186039891837,-0.9410108603695881
3.448,-0.9248913518464952,-0.8032545611024114
3.4485,-0.2953510352432193,-0.6549016234300674
3.449,0.08877525963335578,-0.474758770542221
3.4495,0.2808384070716433,-0.2840192792492073
3.45,0.3448594562177392,-0.09327978795619347
3.4505,0.3448594562177392,0.07626642652648545
3.451,0.3235191065023739,0.2246193641988295
3.4515,0.3128489316446912,0.3729723018711736
3.452,0.3235191065023739,0.5001319627331828
3.4525,0.3235191065023739,0.6060983467848571
3.453,0.5049120790829789,0.5637117931641874
3.4535,1.038420821967111,0.13984625695749
3.454,1.091771696255524,-0.5807251545938954
3.4545,0.5796033030867573,-1.301296566145281
3.455,0.6009436528021226,-1.725162102351978
3.4555,0.79300680024041,-1.576809164679634
3.456,0.8463576745288233,-0.8774310299385835
3.4565,0.7396559259519968,-0.1568596183871981
3.457,0.5902734779444399,0.309392471440169
3.4575,0.4515612047945656,0.5319218779486851
3.458,0.3448594562177392,0.5637117931641874
3.4585,0.4195506802215176,0.4365521323021782
3.459,0.5049120790829789,0.2564092794143318
3.4595,0.4515612047945656,0.09745970333682032
3.46,0.3768699807907871,-0.05089323433552374
3.4605,0.3021787567870086,-0.1886495336027004
3.461,0.1848068333524996,-0.3052125560595421
3.4615,-0.3273615598162672,-0.1992461720078678
3.462,-1.074273799854052,0.09745970333682032
3.4625,-1.639793067311232,0.2458126410091644
3.463,-2.109280761049269,0.1928294489833272
3.4635,-2.19464215991073,0.09745970333682032
3.464,-1.426389570157579,-0.1250697031716958
3.4645,-0.7861790786966207,-0.4323722169215513
3.465,-0.1993194615240755,-0.5065486857577234
3.4655,-0.2206598112394408,-0.8562377531282487
3.466,-0.4980843575391895,-1.205926820498774
3.4665,-0.2099896363817582,-0.8244478379127463
3.467,-0.03926683865883591,-0.4959520473525559
3.4675,0.1207857842064037,-0.1356663415768632
3.468,0.2701682322139607,0.1928294489833272
3.4685,0.2808384070716433,0.3623756634660061
3.469,0.3021787567870086,0.5001319627331828
3.4695,0.4622313796522482,0.4895353243280153
3.47,0.7396559259519968,0.1080563417419877
3.4705,0.5689331282290746,-0.6231117082145651
3.471,-0.04993701351651855,-1.311893204550448
3.4715,-0.02859666380115328,-1.735758740757146
3.472,0.4302208550792003,-1.460246142222792
3.4725,0.7396559259519968,-0.6760949002404023
3.473,0.8356874996711408,0.02328323450064829
3.4735,0.7396559259519968,0.457745409112513
3.474,0.6009436528021226,0.6696781772158616
3.4745,0.4622313796522482,0.7120647308365314
3.475,0.3875401556484697,0.55311515475902
3.4755,0.4195506802215176,0.2246193641988295
3.476,0.3875401556484697,0.03387987290581572
3.4765,0.3235191065023739,-0.09327978795619347
3.477,0.2808384070716433,-0.1992461720078678
3.4775,0.2381577076409128,-0.3158091944647096
3.478,0.05676473506030786,-0.474758770542221
3.4785,-0.5834457564006506,-0.6019184314042303
3.479,-1.362368521011484,-0.6972881770507372
3.4795,-1.906547438753298,-0.8350444763179138
3.48,-2.215982509626095,-0.7396747306714069
3.4805,-1.661133417026597,-0.6019184314042303
3.481,-0.9035510021311299,-0.5489352393783931
3.4815,-0.2953510352432193,-0.5171453241628908
3.482,0.08877525963335578,-0.4641621321370536
3.4825,0.2808384070716433,-0.3793890248957141
3.483,0.3448594562177392,-0.2628260024388724
3.4835,0.3448594562177392,-0.1356663415768632
3.484,0.3128489316446912,0.01268659609548085
3.4845,0.1741366584948169,0.03387987290581572
3.485,0.2594980573562781,0.2670059178194992
3.4855,-0.3166913849585846,-0.1886495336027004
3.486,-0.3593720843893152,-0.1886495336027004
3.4865,0.3235191065023739,-0.2098428104130352
3.487,1.006410297394063,-0.6972881770507372
3.4875,0.7183155762366316,-1.290699927740113
3.488,0.3982103305061524,-1.227120097309109
3.4885,0.5049120790829789,-0.6760949002404023
3.489,0.6863050516635838,-0.06148987274069118
3.4895,0.7503261008096795,0.309392471440169
3.49,0.6649647019482183,0.5213252395435176
3.4905,0.5369226036560266,0.6060983467848571
3.491,0.4195506802215176,0.6166949851900245
3.4915,0.3661998059331045,0.5637117931641874
3.492,0.4302208550792003,0.4047622170866759
3.4925,0.4195506802215176,0.2776025562246667
3.493,0.3555296310754218,0.1928294489833272
3.4935,0.291508581929326,0.1080563417419877
3.494,0.2274875327832301,0.01268659609548085
3.4945,0.04609456020262521,0.02328323450064829
3.495,-0.6261264558313813,0.4895353243280153
3.4955,-1.51175096901904,1.114736990232894
3.496,-2.247993034199143,1.570392441655093
3.4965,-2.877533350802418,1.347863035146577
3.497,-2.322684258202921,0.55311515475902
3.4975,-1.341028171296118,-0.02969995752518888
3.498,-0.5407650569699201,-0.3370024712750445
3.4985,-0.01792648894347063,-0.4323722169215513
3.499,0.2594980573562781,-0.3899856633008816
3.4995,0.3661998059331045,-0.2734226408440398
3.5,0.3661998059331045,-0.1356663415768632
3.5005,0.3448594562177392,0.002089957690313421
3.501,0.3021787567870086,0.13984625695749
3.5015,0.2808384070716433,0.2670059178194992
3.502,0.291508581929326,0.383568940276341
3.5025,0.3128489316446912,0.4789386859228479
3.503,0.6756348768059011,0.4471487707073456
3.5035,1.241154144263081,0.03387987290581572
3.504,0.9103787236749192,-0.6866915386455698
3.5045,0.3128489316446912,-1.089363798041932
3.505,0.2061471830678648,-0.9728007755850904
3.5055,0.02475421048725994,-0.8562377531282487
3.506,-0.1459685872356623,-0.5807251545938954
3.5065,0.1314559590640864,0.06566978812131802
3.507,0.2488278824985954,0.4365521323021782
3.5075,0.3555296310754218,0.6484849004055269
3.508,0.3555296310754218,0.6590815388106942
3.5085,0.408880505363835,0.5107286011383502
3.509,0.4408910299368829,0.3411823866556712
3.5095,0.3875401556484697,0.1716361721729923
3.51,0.3341892813600565,0.02328323450064829
3.5105,0.2808384070716433,-0.1038764263613609
3.511,0.1634664836371343,-0.2098428104130352
3.5115,-0.3807124341046804,-0.1674562567923655
3.512,-1.26633694729234,-0.06148987274069118
3.5125,-1.938557963326346,-0.04029659593035631
3.513,-2.418715831922065,-0.1780528951975329
3.5135,-2.461396531352796,-0.4111789401112165
3.514,-1.703814116457328,-0.570128516188728
3.5145,-0.8608703027003992,-0.6231117082145651
3.515,-0.2313299860971235,-0.5913217929990628
3.5155,0.1527963087794516,-0.5171453241628908
3.516,0.3235191065023739,-0.400582301706049
3.5165,0.3661998059331045,-0.2628260024388724
3.517,0.3555296310754218,-0.1250697031716958
3.5175,0.3235191065023739,0.02328323450064829
3.518,0.3021787567870086,0.1610395337678249
3.5185,0.291508581929326,0.309392471440169
3.519,0.3341892813600565,0.4153588554918433
3.5195,0.6116138276598051,0.2776025562246667
3.52,1.091771696255524,-0.3475991096802118
3.5205,1.038420821967111,-0.9939940523954253
3.521,0.3555296310754218,-1.333086481360783
3.5215,0.2168173579255475,-0.8880276683437509
3.522,0.4729015545099309,-0.3052125560595421
3.5225,0.6863050516635838,0.13984625695749
3.523,0.6969752265212663,0.4153588554918433
3.5235,0.6116138276598051,0.5637117931641874
3.524,0.3555296310754218,0.4683420475176805
3.5245,0.3661998059331045,0.5319218779486851
3.525,-0.3700422592469978,-0.2416327256285375
3.5255,-0.3593720843893152,-0.326405832869877
3.526,-0.1779791118087102,-0.2310360872233701
3.5265,-0.01792648894347063,-0.1462629799820306
3.527,0.1634664836371343,-0.01910331912002144
3.5275,0.2168173579255475,-0.02969995752518888
3.528,-0.007256314085787988,-0.04029659593035631
3.5285,-0.8502001278427167,0.06566978812131802
3.529,-1.735824641030376,0.07626642652648545
3.5295,-2.162631635337682,0.04447651131098315
3.53,-2.568098279929622,0.4471487707073456
3.5305,-2.322684258202921,0.6802748156210291
3.531,-1.490410619303675,0.4365521323021782
3.5315,-0.6688071552621118,0.08686306493165288
3.532,-0.09261771294724913,-0.1674562567923655
3.5325,0.2168173579255475,-0.2946159176543747
3.533,0.3555296310754218,-0.2946159176543747
3.5335,0.3768699807907871,-0.2098428104130352
3.534,0.3555296310754218,-0.09327978795619347
3.5345,0.3235191065023739,0.04447651131098315
3.535,0.3128489316446912,0.1822328105781598
3.5355,0.3235191065023739,0.309392471440169
3.536,0.3982103305061524,0.4047622170866759
3.5365,0.8997085488172365,0.2352160026039969
3.537,1.123782220828572,-0.3052125560595421
3.5375,0.4515612047945656,-0.9728007755850904
3.538,-0.04993701351651855,-1.05757388282643
3.5385,0.1101156093487211,-0.5277419625680583
3.539,0.4195506802215176,0.09745970333682032
3.5395,0.5689331282290746,0.5107286011383502
3.54,0.5796033030867573,0.7120647308365314
3.5405,0.5262524287983441,0.7120647308365314
3.541,0.4408910299368829,0.6908714540261965
3.5415,0.3875401556484697,0.627291623595192
3.542,0.5262524287983441,0.457745409112513
3.5425,0.5262524287983441,0.309392471440169
3.543,0.4408910299368829,0.2034260873884947
3.5435,0.2168173579255475,-0.02969995752518888
3.544,0.2381577076409128,-0.04029659593035631
3.5445,-0.7008176798351597,-0.8880276683437509
3.545,-1.277007122150022,-0.6760949002404023
3.5455,-1.959898313041711,-0.3581957480853793
3.546,-2.376035132491334,-0.2204394488182027
3.5465,-2.6427895039334,-0.4429688553267188
3.547,-2.578768454787304,-1.068170521231597
3.5475,-1.810515865034154,-1.163540266878104
3.548,-0.9248913518464952,-0.9092209451540858
3.5485,-0.2526703358124887,-0.6019184314042303
3.549,0.142126133921769,-0.3475991096802118
3.5495,0.3341892813600565,-0.1674562567923655
3.55,0.3875401556484697,-0.04029659593035631
3.5505,0.3768699807907871,0.04447651131098315
3.551,0.3448594562177392,0.1080563417419877
3.5515,0.3235191065023739,0.1504428953626575
3.552,0.3128489316446912,0.1928294489833272
3.5525,0.3341892813600565,0.2352160026039969
3.553,0.7183155762366316,0.1292496185523226
3.5535,1.465227816274416,-0.3793890248957141
3.554,1.369196242555273,-1.152943628472937
3.5545,0.3448594562177392,-1.852321763213987
3.555,0.05676473506030786,-2.000674700886331
3.5555,0.2594980573562781,-1.311893204550448
3.556,0.4729015545099309,-0.5065486857577234
3.5565,0.5689331282290746,0.06566978812131802
3.557,0.5369226036560266,0.4259554938970107
3.5575,0.4622313796522482,0.5849050699745222
3.558,0.3875401556484697,0.5955017083796896
3.5585,0.4729015545099309,0.4683420475176805
3.559,0.5262524287983441,0.3199891098453364
3.5595,0.4622313796522482,0.2246193641988295
3.56,0.3661998059331045,0.1504428953626575
3.5605,0.3021787567870086,0.07626642652648545
3.561,0.142126133921769,0.02328323450064829
3.5615,-0.4554036581084589,0.1928294489833272
3.562,-1.202315898146244,0.4789386859228479
3.5625,-1.735824641030376,0.6590815388106942
3.563,-2.301343908487556,0.3729723018711736
3.5635,-1.949228138184029,0.09745970333682032
3.564,-2.013249187330125,-0.9833974139902578
3.5645,-1.148965023857831,-0.9516074987747555
3.565,-0.4767440078238243,-0.8138511995075789
3.5655,-0.02859666380115328,-0.6019184314042303
3.566,0.2808384070716433,-0.3370024712750445
3.5665,0.3555296310754218,-0.1992461720078678
3.567,0.3341892813600565,-0.09327978795619347
3.5675,0.3128489316446912,0.01268659609548085
3.568,0.291508581929326,0.1080563417419877
3.5685,0.291508581929326,0.2034260873884947
3.569,0.3128489316446912,0.2987958330350016
3.5695,0.4835717293676135,0.3517790250608387
3.57,1.091771696255524,0.1928294489833272
3.5705,1.15579274540162,-0.326405832869877
3.571,0.5796033030867573,-0.8456411147230812
3.5715,0.3448594562177392,-0.718481453861072
3.572,0.4835717293676135,-0.3687923864905467
3.5725,0.6436243522328531,0.002089957690313421
3.573,0.6863050516635838,0.2987958330350016
3.5735,0.6116138276598051,0.4365521323021782
3.574,0.5049120790829789,0.5001319627331828
3.5745,0.3982103305061524,0.55311515475902
3.575,0.3661998059331045,0.5425185163538525
3.5755,0.3661998059331045,0.4789386859228479
3.576,0.3341892813600565,0.4047622170866759
3.5765,0.3021787567870086,0.309392471440169
3.577,0.2594980573562781,0.1928294489833272
3.5775,0.2274875327832301,0.07626642652648545
3.578,-0.1779791118087102,0.2034260873884947
3.5785,-0.9462317015618604,0.5425185163538525
3.579,-1.682473766741963,0.7438546460520338
3.5795,-2.3973754822067,0.6802748156210291
3.58,-2.280003558772191,0.2564092794143318
3.5805,-1.373038695869166,-0.1356663415768632
3.581,-0.6154562809736985,-0.3793890248957141
3.5815,-0.08194753808956648,-0.474758770542221
3.582,0.2168173579255475,-0.474758770542221
3.5825,0.2168173579255475,-0.5489352393783931
3.583,0.3341892813600565,-0.3581957480853793
3.5835,0.1314559590640864,-0.4323722169215513
3.584,-0.4874141826815069,-0.9092209451540858
3.5845,-0.2420001609548061,-0.5277419625680583
3.585,-0.07127736323188383,-0.2310360872233701
3.5855,0.1314559590640864,0.05507314971615059
3.586,0.4302208550792003,0.2564092794143318
3.5865,1.123782220828572,0.002089957690313421
3.587,1.422547116843686,-0.6654982618352349
3.5875,0.5689331282290746,-1.51322933424863
3.588,-0.08194753808956648,-2.17022091536901
3.5885,0.1207857842064037,-2.096044446532838
3.589,0.4622313796522482,-1.216523458903942
3.5895,0.6329541773751706,-0.3370024712750445
3.59,0.6222840025174878,0.2458126410091644
3.5905,0.5369226036560266,0.5849050699745222
3.591,0.4408910299368829,0.7438546460520338
3.5915,0.3768699807907871,0.7332580076468663
3.592,0.4408910299368829,0.5637117931641874
3.5925,0.4195506802215176,0.4047622170866759
3.593,0.3555296310754218,0.2670059178194992
3.5935,0.3021787567870086,0.1292496185523226
3.594,0.2594980573562781,-0.008506680714854012
3.5945,0.05676473506030786,-0.01910331912002144
3.595,-0.5087545323968721,0.383568940276341
3.5955,-0.9782422261349084,0.7438546460520338
3.596,-1.565101843307454,0.6802748156210291
3.5965,-2.109280761049269,-0.07208651114585861
3.597,-1.949228138184029,-0.7502713690765743
3.5975,-1.234326422719292,-0.8350444763179138
3.598,-0.5407650569699201,-0.6654982618352349
3.5985,-0.06060718837420119,-0.4429688553267188
3.599,0.2168173579255475,-0.2416327256285375
3.5995,0.3341892813600565,-0.09327978795619347
3.6,0.3555296310754218,0.002089957690313421
3.6005,0.3341892813600565,0.08686306493165288
3.601,0.3128489316446912,0.1504428953626575
3.6015,0.3021787567870086,0.1928294489833272
3.602,0.3021787567870086,0.2352160026039969
3.6025,0.2381577076409128,0.1716361721729923
3.603,0.3768699807907871,0.1822328105781598
3.6035,0.6329541773751706,-0.07208651114585861
3.604,-0.1032878878049318,-1.237716735714276
3.6045,-0.2206598112394408,-1.34368311976595
3.605,0.1741366584948169,-0.6549016234300674
3.6055,0.5902734779444399,-0.1462629799820306
3.606,0.8890383739595538,0.2881991946298341
3.6065,0.8783681991018712,0.4471487707073456
3.607,0.6969752265212663,0.4789386859228479
3.6075,0.5155822539406614,0.457745409112513
3.608,0.3768699807907871,0.4153588554918433
3.6085,0.408880505363835,0.3305857482505039
3.609,0.4302208550792003,0.2776025562246667
3.6095,0.3875401556484697,0.2670059178194992
3.61,0.3341892813600565,0.2458126410091644
3.6105,0.2808384070716433,0.2034260873884947
3.611,0.1954770082101822,0.1716361721729923
3.6115,-0.2633405106701714,0.4471487707073456
3.612,-1.159635198715513,0.8816109453192104
3.6125,-1.767835165603424,1.114736990232894
3.613,-2.269333383914508,0.9134008605347127
3.6135,-2.333354433060604,0.3411823866556712
3.614,-1.607782542738184,-0.06148987274069118
3.6145,-0.807519428411986,-0.2310360872233701
3.615,-0.1993194615240755,-0.252229364033705
3.6155,0.1527963087794516,-0.2204394488182027
3.616,0.3235191065023739,-0.1568596183871981
3.6165,0.3661998059331045,-0.09327978795619347
3.617,0.3555296310754218,-0.02969995752518888
3.6175,0.3235191065023739,0.02328323450064829
3.618,0.3128489316446912,0.07626642652648545
3.6185,0.3128489316446912,0.1292496185523226
3.619,0.3235191065023739,0.1716361721729923
3.6195,0.6222840025174878,0.07626642652648545
3.62,1.19847344483235,-0.4641621321370536
3.6205,0.825017324813458,-1.184733543688439
3.621,-0.2206598112394408,-1.788741932782983
3.6215,-0.5941159312583333,-2.064254531317336
3.622,-0.2313299860971235,-1.460246142222792
3.6225,0.07810508477567314,-0.8456411147230812
3.623,0.4195506802215176,-0.1568596183871981
3.6235,0.08877525963335578,-0.1144730647665284
3.624,-0.09261771294724913,-0.04029659593035631
3.6245,0.03542438534494258,0.2140227257936621
3.625,0.2381577076409128,0.2776025562246667
3.6255,0.6329541773751706,0.2034260873884947
3.626,0.6542945270905358,0.13984625695749
3.6265,0.5262524287983441,0.1080563417419877
3.627,0.3875401556484697,0.07626642652648545
3.6275,0.2701682322139607,0.04447651131098315
3.628,-0.1993194615240755,0.2776025562246667
3.6285,-1.010252750707956,0.8180311148882058
3.629,-1.543761493592088,1.146526905448396
3.6295,-2.07727023647622,1.135930267043229
3.63,-2.568098279929622,0.5425185163538525
3.6305,-2.183971985053047,-0.1886495336027004
3.631,-1.330357996438436,-0.4641621321370536
3.6315,-0.5514352318276028,-0.474758770542221
3.632,-0.02859666380115328,-0.3581957480853793
3.6325,0.2488278824985954,-0.2098428104130352
3.633,0.3661998059331045,-0.07208651114585861
3.6335,0.3768699807907871,0.05507314971615059
3.634,0.3555296310754218,0.1610395337678249
3.6345,0.3235191065023739,0.2564092794143318
3.635,0.3128489316446912,0.3411823866556712
3.6355,0.3128489316446912,0.4153588554918433
3.636,0.4729015545099309,0.4047622170866759
3.6365,1.102441871113207,-0.008506680714854012
3.637,1.262494493978446,-0.7290780922662394
3.6375,0.5689331282290746,-1.354279758171118
3.638,0.1741366584948169,-1.216523458903942
3.6385,0.3555296310754218,-0.718481453861072
3.639,0.6009436528021226,-0.252229364033705
3.6395,0.7183155762366316,0.1504428953626575
3.64,0.6649647019482183,0.4153588554918433
3.6405,0.5689331282290746,0.4895353243280153
3.641,0.4622313796522482,0.4153588554918433
3.6415,0.1741366584948169,0.13984625695749
3.642,-0.156638762093345,-0.2416327256285375
3.6425,-0.9889124009925911,-1.110557074852267
3.643,-0.658136980404429,-0.8032545611024114
3.6435,-0.3487019095316325,-0.5383386009732256
3.644,-0.06060718837420119,-0.2840192792492073
3.6445,-0.01792648894347063,0.1080563417419877
3.645,-0.7968492535543035,0.7650479228623686
3.6455,-1.725154466172693,1.390249588767247
3.646,-2.23732285934146,1.803518486568777
3.6465,-2.653459678791083,1.803518486568777
3.647,-2.365364957633652,1.029963882991555
3.6475,-1.501080794161358,0.2881991946298341
3.648,-0.658136980404429,-0.1780528951975329
3.6485,-0.08194753808956648,-0.3581957480853793
3.649,0.2381577076409128,-0.3581957480853793
3.6495,0.3661998059331045,-0.2416327256285375
3.65,0.3875401556484697,-0.06148987274069118
3.6505,0.3661998059331045,0.1292496185523226
3.651,0.3448594562177392,0.3199891098453364
3.6515,0.3235191065023739,0.4789386859228479
3.652,0.3341892813600565,0.627291623595192
3.6525,0.3768699807907871,0.7226613692416989
3.653,0.8143471499557753,0.5849050699745222
3.6535,1.145122570543937,0.08686306493165288
3.654,0.6009436528021226,-0.5383386009732256
3.6545,0.1101156093487211,-0.7290780922662394
3.655,0.2168173579255475,-0.3475991096802118
3.6555,0.4942419042252961,0.04447651131098315
3.656,0.6542945270905358,0.2458126410091644
3.6565,0.6863050516635838,0.4047622170866759
3.657,0.5796033030867573,0.4895353243280153
3.6575,0.4515612047945656,0.5001319627331828
3.658,0.3661998059331045,0.4153588554918433
3.6585,0.3768699807907871,0.2458126410091644
3.659,0.3768699807907871,0.08686306493165288
3.6595,0.3341892813600565,-0.04029659593035631
3.66,0.291508581929326,-0.1462629799820306
3.6605,0.2381577076409128,-0.2628260024388724
3.661,0.0674349099179905,-0.474758770542221
3.6615,-0.3593720843893152,-0.4959520473525559
3.662,-1.629122892453549,-1.110557074852267
3.6625,-2.408045657064382,-1.216523458903942
3.663,-2.866863175944736,-1.089363798041932
3.6635,-2.877533350802418,-1.280103289334946
3.664,-1.981238662757077,-1.0999604364471
3.6645,-1.010252750707956,-0.7820612842920766
3.665,-0.3060212101009019,-0.4853554089473885
3.6655,0.1207857842064037,-0.2310360872233701
3.666,0.3235191065023739,-0.05089323433552374
3.6665,0.3875401556484697,0.09745970333682032
3.667,0.3768699807907871,0.2034260873884947
3.6675,0.3555296310754218,0.2987958330350016
3.668,0.3341892813600565,0.3729723018711736
3.6685,0.3235191065023739,0.4471487707073456
3.669,0.3341892813600565,0.4895353243280153
3.6695,0.6649647019482183,0.3411823866556712
3.67,1.401206767128321,-0.2098428104130352
3.6705,1.497238340847464,-0.9939940523954253
3.671,0.8997085488172365,-1.449649503817625
3.6715,0.7609962756673623,-1.693372187136476
3.672,0.8676980242441885,-1.311893204550448
3.6725,0.9210488985326017,-0.570128516188728
3.673,0.857027849386506,0.04447651131098315
3.6735,0.707645401378949,0.3623756634660061
3.674,0.5475927785137094,0.5001319627331828
3.6745,0.4195506802215176,0.55311515475902
3.675,0.408880505363835,0.4365521323021782
3.6755,0.4515612047945656,0.2246193641988295
3.676,0.3982103305061524,0.1186529801471552
3.6765,0.3235191065023739,0.02328323450064829
3.677,0.2808384070716433,-0.08268314955102604
3.6775,0.2274875327832301,-0.1886495336027004
3.678,-0.1139580626626144,-0.008506680714854012
3.6785,-0.7755089038389382,0.5425185163538525
3.679,-1.383708870726849,0.9875773293708847
3.6795,-1.917217613610981,0.8710143069140429
3.68,-2.344024607918286,-0.008506680714854012
3.6805,-1.87453691418025,-0.6760949002404023
3.681,-1.127624674142465,-0.7608680074817418
3.6815,-1.180975548430879,-1.269506650929778
3.682,-0.4980843575391895,-0.7714646458869092
3.6825,-0.1032878878049318,-0.400582301706049
3.683,0.1634664836371343,-0.08268314955102604
3.6835,0.3341892813600565,0.1822328105781598
3.684,0.3341892813600565,0.2670059178194992
3.6845,0.3128489316446912,0.3199891098453364
3.685,0.3128489316446912,0.3411823866556712
3.6855,0.3128489316446912,0.3623756634660061
3.686,0.408880505363835,0.3623756634660061
3.6865,0.9637295979633325,0.2034260873884947
3.687,1.017080472251745,-0.3370024712750445
3.6875,0.1527963087794516,-1.195330182093607
3.688,-0.3166913849585846,-1.990078062481164
3.6885,0.1207857842064037,-2.244397384205182
3.689,0.5475927785137094,-1.566212526274467
3.6895,0.7503261008096795,-0.6972881770507372
3.69,0.7609962756673623,-0.01910331912002144
3.6905,0.6542945270905358,0.3623756634660061
3.691,0.5049120790829789,0.4789386859228479
3.6915,0.4302208550792003,0.4259554938970107
3.692,0.5582629533713921,0.2140227257936621
3.6925,0.5582629533713921,0.07626642652648545
3.693,0.4729015545099309,-0.008506680714854012
3.6935,0.3555296310754218,-0.06148987274069118
3.694,0.2701682322139607,-0.09327978795619347
3.6945,0.01408403562957729,-0.008506680714854012
3.695,-0.7114878546928423,0.3941655786815084
3.6955,-1.383708870726849,0.775644561267536
3.696,-1.906547438753298,0.9028042221295453
3.6965,-2.365364957633652,0.6378882620003594
3.697,-1.885207089037933,0.1292496185523226
3.6975,-1.06360362499637,-0.1568596183871981
3.698,-0.391382608962363,-0.2628260024388724
3.6985,0.04609456020262521,-0.2416327256285375
3.699,0.2701682322139607,-0.1674562567923655
3.6995,0.2488278824985954,-0.1780528951975329
3.7,0.3341892813600565,0.01268659609548085
3.7005,-0.274010685527854,-0.4641621321370536
3.701,-0.4127229586777283,-0.4853554089473885
3.7015,-0.1993194615240755,-0.1674562567923655
3.702,-0.02859666380115328,0.07626642652648545
3.7025,0.2488278824985954,0.3199891098453364
3.703,0.9637295979633325,0.1504428953626575
3.7035,1.667961138570387,-0.6443049850249
3.704,1.486568165989782,-1.598002441489969
3.7045,0.7503261008096795,-2.064254531317336
3.705,0.5049120790829789,-1.778145294377815
3.7055,0.5582629533713921,-1.078767159636765
3.706,0.6329541773751706,-0.3370024712750445
3.7065,0.6329541773751706,0.2458126410091644
3.707,0.5475927785137094,0.5637117931641874
3.7075,0.4515612047945656,0.627291623595192
3.708,0.3661998059331045,0.55311515475902
3.7085,0.3555296310754218,0.3941655786815084
3.709,0.3555296310754218,0.2246193641988295
3.7095,0.3235191065023739,0.09745970333682032
3.71,0.291508581929326,-0.01910331912002144
3.7105,0.2594980573562781,-0.1250697031716958
3.711,0.1741366584948169,-0.1674562567923655
3.7115,-0.3487019095316325,0.2776025562246667
3.712,-1.148965023857831,0.9345941373450475
3.7125,-1.51175096901904,1.284283204715573
3.713,-1.789175515318789,1.114736990232894
3.7135,-1.906547438753298,0.7438546460520338
3.714,-1.373038695869166,0.2670059178194992
3.7145,-0.690147504977477,-0.1144730647665284
3.715,-0.1673089369510276,-0.3052125560595421
3.7155,0.1527963087794516,-0.3370024712750445
3.716,0.3021787567870086,-0.252229364033705
3.7165,0.3555296310754218,-0.1144730647665284
3.717,0.3448594562177392,0.05507314971615059
3.7175,0.3235191065023739,0.2352160026039969
3.718,0.3021787567870086,0.4047622170866759
3.7185,0.3128489316446912,0.55311515475902
3.719,0.3235191065023739,0.6696781772158616
3.7195,0.4302208550792003,0.5955017083796896
3.72,1.19847344483235,0.4259554938970107
3.7205,1.369196242555273,-0.1780528951975329
3.721,0.3235191065023739,-1.205926820498774
3.7215,-0.02859666380115328,-1.88411167842949
3.722,0.3661998059331045,-1.767548655972648
3.7225,0.6329541773751706,-1.068170521231597
3.723,0.79300680024041,-0.1886495336027004
3.7235,0.7396559259519968,0.4365521323021782
3.724,0.5582629533713921,0.6696781772158616
3.7245,0.408880505363835,0.6696781772158616
3.725,0.3555296310754218,0.4789386859228479
3.7255,0.3661998059331045,0.2246193641988295
3.726,0.3341892813600565,0.03387987290581572
3.7265,0.3021787567870086,-0.1250697031716958
3.727,0.2701682322139607,-0.2628260024388724
3.7275,0.2274875327832301,-0.3899856633008816
3.728,-0.1779791118087102,-0.1886495336027004
3.7285,-1.042263275281004,0.3941655786815084
3.729,-1.682473766741963,0.8286277532933731
3.7295,-1.842526389607202,0.7968378380778709
3.73,-2.109280761049269,0.4683420475176805
3.7305,-1.789175515318789,-0.008506680714854012
3.731,-1.06360362499637,-0.3581957480853793
3.7315,-0.4127229586777283,-0.5171453241628908
3.732,0.02475421048725994,-0.5171453241628908
3.7325,0.2594980573562781,-0.4217755785163839
3.733,0.3448594562177392,-0.252229364033705
3.7335,0.3661998059331045,-0.06148987274069118
3.734,0.3341892813600565,0.1292496185523226
3.7345,0.3128489316446912,0.309392471440169
3.735,0.3128489316446912,0.4895353243280153
3.7355,0.3235191065023739,0.6378882620003594
3.736,0.4942419042252961,0.6696781772158616
3.7365,1.177133095116985,0.2776025562246667
3.737,1.454557641416734,-0.3687923864905467
3.7375,0.6329541773751706,-0.8774310299385835
3.738,0.1954770082101822,-0.6972881770507372
3.7385,0.3021787567870086,-0.1568596183871981
3.739,0.4942419042252961,0.3199891098453364
3.7395,0.5796033030867573,0.5849050699745222
3.74,0.4302208550792003,0.5107286011383502
3.7405,0.4729015545099309,0.6378882620003594
3.741,-0.3700422592469978,-0.1674562567923655
3.7415,-0.2526703358124887,-0.1568596183871981
3.742,0.1314559590640864,-0.2416327256285375
3.7425,0.3128489316446912,-0.2416327256285375
3.743,0.4195506802215176,-0.1356663415768632
3.7435,0.3768699807907871,-0.1462629799820306
3.744,0.291508581929326,-0.2098428104130352
3.7445,0.05676473506030786,-0.1356663415768632
3.745,-0.7434983792658902,0.309392471440169
3.7455,-1.629122892453549,0.7650479228623686
3.746,-2.258663209056825,0.9134008605347127
3.7465,-2.717480727937179,0.2987958330350016
3.747,-2.333354433060604,-0.4641621321370536
3.7475,-1.437059745015262,-0.7078848154559045
3.748,-0.6154562809736985,-0.6549016234300674
3.7485,-0.04993701351651855,-0.4853554089473885
3.749,0.2488278824985954,-0.2840192792492073
3.7495,0.3661998059331045,-0.1038764263613609
3.75,0.3875401556484697,0.05507314971615059
3.7505,0.3555296310754218,0.1928294489833272
3.751,0.3235191065023739,0.2987958330350016
3.7515,0.3235191065023739,0.3941655786815084
3.752,0.3341892813600565,0.4789386859228479
3.7525,0.3982103305061524,0.5319218779486851
3.753,0.8890383739595538,0.2458126410091644
3.7535,1.465227816274416,-0.4535654937318862
3.754,1.134452395686255,-1.121153713257435
3.7545,0.5796033030867573,-1.174136905283272
3.755,0.5796033030867573,-0.6866915386455698
3.7555,0.7396559259519968,-0.326405832869877
3.756,0.8036769750980928,0.02328323450064829
3.7565,0.7396559259519968,0.2140227257936621
3.757,0.6116138276598051,0.2881991946298341
3.7575,0.4729015545099309,0.3305857482505039
3.758,0.3768699807907871,0.3199891098453364
3.7585,0.4622313796522482,0.1822328105781598
3.759,0.4835717293676135,0.06566978812131802
3.7595,0.3021787567870086,-0.1038764263613609
3.76,0.3235191065023739,-0.01910331912002144
3.7605,0.2061471830678648,-0.1038764263613609
3.761,-0.5514352318276028,-0.8032545611024114
3.7615,-0.9248913518464952,-0.3899856633008816
3.762,-1.682473766741963,0.2352160026039969
3.7625,-2.322684258202921,0.6908714540261965
3.763,-2.749491252510227,0.7438546460520338
3.7635,-2.717480727937179,0.07626642652648545
3.764,-1.885207089037933,-0.3158091944647096
3.7645,-0.9569018764195432,-0.400582301706049
3.765,-0.2633405106701714,-0.326405832869877
3.7655,0.1527963087794516,-0.1886495336027004
3.766,0.3448594562177392,-0.05089323433552374
3.7665,0.3982103305061524,0.07626642652648545
3.767,0.3875401556484697,0.1822328105781598
3.7675,0.3448594562177392,0.2776025562246667
3.768,0.3235191065023739,0.3411823866556712
3.7685,0.3235191065023739,0.4047622170866759
3.769,0.3341892813600565,0.4471487707073456
3.7695,0.4515612047945656,0.4365521323021782
3.77,0.9317190733902845,0.1080563417419877
3.7705,0.9530594231056497,-0.5807251545938954
3.771,0.3448594562177392,-1.184733543688439
3.7715,0.3661998059331045,-0.8244478379127463
3.772,0.6436243522328531,-0.5171453241628908
3.7725,0.8463576745288233,-0.3370024712750445
3.773,0.8463576745288233,-0.2734226408440398
3.7735,0.7289857510943143,-0.1886495336027004
3.774,0.5582629533713921,-0.1144730647665284
3.7745,0.4195506802215176,-0.1038764263613609
3.775,0.408880505363835,-0.1356663415768632
3.7755,0.4302208550792003,-0.1886495336027004
3.776,0.3982103305061524,-0.1674562567923655
3.7765,0.3448594562177392,-0.1038764263613609
3.777,0.291508581929326,-0.04029659593035631
3.7775,0.2061471830678648,0.04447651131098315
3.778,-0.3273615598162672,0.2458126410091644
3.7785,-1.084943974711735,0.55311515475902
3.779,-1.650463242168915,0.7226613692416989
3.7795,-2.258663209056825,0.6166949851900245
3.78,-2.493407055925843,0.02328323450064829
3.7805,-1.83185621474952,-0.326405832869877
3.781,-1.682473766741963,-0.8880276683437509
3.7815,-0.7968492535543035,-0.4535654937318862
3.782,-0.2526703358124887,-0.1144730647665284
3.7825,0.1207857842064037,0.1822328105781598
3.783,0.3448594562177392,0.4153588554918433
3.7835,0.3555296310754218,0.457745409112513
3.784,0.3235191065023739,0.4471487707073456
3.7845,0.3021787567870086,0.4259554938970107
3.785,0.3021787567870086,0.383568940276341
3.7855,0.3235191065023739,0.3305857482505039
3.786,0.5369226036560266,0.2034260873884947
3.7865,1.166462920259302,-0.2946159176543747
3.787,1.027750647109428,-1.121153713257435
3.7875,0.1527963087794516,-1.979481424075996
3.788,-0.3166913849585846,-2.159624276963843
3.7885,-0.09261771294724913,-1.778145294377815
3.789,0.2701682322139607,-1.227120097309109
3.7895,0.5475927785137094,-0.6866915386455698
3.79,0.6222840025174878,-0.3158091944647096
3.7905,0.5796033030867573,-0.1144730647665284
3.791,0.4835717293676135,-0.04029659593035631
3.7915,0.4195506802215176,-0.04029659593035631
3.792,0.4729015545099309,-0.07208651114585861
3.7925,0.4408910299368829,-0.09327978795619347
3.793,0.3768699807907871,-0.1038764263613609
3.7935,0.3128489316446912,-0.1038764263613609
3.794,0.2594980573562781,-0.08268314955102604
3.7945,0.03542438534494258,0.1186529801471552
3.795,-0.658136980404429,0.6908714540261965
3.7955,-1.341028171296118,1.125333628638062
3.796,-1.927887788468663,1.146526905448396
3.7965,-2.3973754822067,0.9134008605347127
3.797,-2.130621110764634,0.4789386859228479
3.7975,-1.26633694729234,0.1504428953626575
3.798,-0.5300948821122373,0.002089957690313421
3.7985,-0.02859666380115328,0.01268659609548085
3.799,0.2381577076409128,0.1080563417419877
3.7995,0.2274875327832301,0.1186529801471552
3.8,0.3235191065023739,0.3623756634660061
3.8005,-0.2633405106701714,-0.06148987274069118
3.801,-0.4020527838200457,-0.06148987274069118
3.8015,-0.1886492866663929,0.2670059178194992
3.802,-0.007256314085787988,0.5107286011383502
3.8025,0.2594980573562781,0.7438546460520338
3.803,0.6756348768059011,0.6802748156210291
3.8035,1.017080472251745,0.09745970333682032
3.804,0.7289857510943143,-0.8138511995075789
3.8045,-0.01792648894347063,-1.714565463946811
3.805,0.03542438534494258,-2.117237723343173
3.8055,0.3875401556484697,-1.629792356705471
3.806,0.6542945270905358,-0.8032545611024114
3.8065,0.7289857510943143,-0.1674562567923655
3.807,0.6542945270905358,0.1716361721729923
3.8075,0.5262524287983441,0.2776025562246667
3.808,0.4195506802215176,0.2140227257936621
3.8085,0.5049120790829789,-0.08268314955102604
3.809,0.5475927785137094,-0.326405832869877
3.8095,0.4835717293676135,-0.4217755785163839
3.81,0.3875401556484697,-0.4853554089473885
3.8105,0.3128489316446912,-0.5489352393783931
3.811,0.1101156093487211,-0.570128516188728
3.8115,-0.6688071552621118,-0.400582301706049
3.812,-1.458400094730627,-0.1356663415768632
3.8125,-1.906547438753298,-0.09327978795619347
3.813,-2.354694782775969,-0.1992461720078678
3.8135,-2.087940411333903,-0.3899856633008816
3.814,-1.277007122150022,-0.474758770542221
3.8145,-0.5514352318276028,-0.4323722169215513
3.815,-0.03926683865883591,-0.3158091944647096
3.8155,0.2381577076409128,-0.1674562567923655
3.816,0.3555296310754218,0.002089957690313421
3.8165,0.3661998059331045,0.1610395337678249
3.817,0.3555296310754218,0.3305857482505039
3.8175,0.3235191065023739,0.4895353243280153
3.818,0.3128489316446912,0.6166949851900245
3.8185,0.3128489316446912,0.7332580076468663
3.819,0.3235191065023739,0.8286277532933731
3.8195,0.4729015545099309,0.6060983467848571
3.82,1.145122570543937,0.1186529801471552
3.8205,1.401206767128321,-0.6443049850249
3.821,0.3448594562177392,-1.852321763213987
3.8215,0.4302208550792003,-1.714565463946811
3.822,0.6009436528021226,-1.184733543688439
3.8225,0.7396559259519968,-0.4429688553267188
3.823,0.8143471499557753,0.2034260873884947
3.8235,0.6863050516635838,0.5425185163538525
3.824,0.5155822539406614,0.6166949851900245
3.8245,0.3768699807907871,0.5213252395435176
3.825,0.3768699807907871,0.309392471440169
3.8255,0.4302208550792003,0.07626642652648545
3.826,0.3982103305061524,-0.1038764263613609
3.8265,0.3448594562177392,-0.252229364033705
3.827,0.291508581929326,-0.3793890248957141
3.8275,0.2168173579255475,-0.4959520473525559
3.828,-0.4447334832507763,-0.5065486857577234
3.8285,-1.394379045584531,-0.4111789401112165
3.829,-1.821186039891837,-0.4959520473525559
3.8295,-2.013249187330125,-0.7396747306714069
3.83,-2.301343908487556,-1.05757388282643
3.8305,-1.863866739322568,-1.174136905283272
3.831,-1.074273799854052,-0.9304142219644207
3.8315,-0.4020527838200457,-0.6019184314042303
3.832,0.04609456020262521,-0.2946159176543747
3.8325,0.2808384070716433,-0.05089323433552374
3.833,0.3661998059331045,0.1292496185523226
3.8335,0.3661998059331045,0.2776025562246667
3.834,0.3448594562177392,0.4047622170866759
3.8345,0.3235191065023739,0.5107286011383502
3.835,0.3128489316446912,0.5955017083796896
3.8355,0.3341892813600565,0.6590815388106942
3.836,0.4408910299368829,0.6908714540261965
3.8365,0.9210488985326017,0.4471487707073456
3.837,0.9317190733902845,-0.08268314955102604
3.8375,0.5155822539406614,-0.5489352393783931
3.838,0.4195506802215176,-0.9198175835592532
3.8385,0.7289857510943143,-1.025783967610927
3.839,0.9103787236749192,-0.6443049850249
3.8395,0.7716664505250448,-0.2946159176543747
3.84,0.7289857510943143,0.2140227257936621
3.8405,-0.1779791118087102,-0.3052125560595421
3.841,-0.1673089369510276,-0.09327978795619347
3.8415,-0.02859666380115328,0.06566978812131802
3.842,0.2594980573562781,0.2352160026039969
3.8425,0.4408910299368829,0.2564092794143318
3.843,0.408880505363835,0.08686306493165288
3.8435,0.3341892813600565,-0.1038764263613609
3.844,0.2701682322139607,-0.2628260024388724
3.8445,-0.03926683865883591,-0.326405832869877
3.845,-0.8822106524157645,-0.2310360872233701
3.8455,-1.778505340461106,-0.1992461720078678
3.846,-2.60010880450267,-0.3687923864905467
3.8465,-3.026915798809975,-0.9833974139902578
3.847,-2.23732285934146,-1.216523458903942
3.8475,-1.244996597576974,-0.9622041371799229
3.848,-0.4447334832507763,-0.5913217929990628
3.8485,0.05676473506030786,-0.252229364033705
3.849,0.3128489316446912,-0.008506680714854012
3.8495,0.3982103305061524,0.1610395337678249
3.85,0.3875401556484697,0.2670059178194992
3.8505,0.3555296310754218,0.3517790250608387
3.851,0.3235191065023739,0.4047622170866759
3.8515,0.3021787567870086,0.4471487707073456
3.852,0.3021787567870086,0.4895353243280153
3.8525,0.3341892813600565,0.5107286011383502
3.853,0.3341892813600565,0.4471487707073456
3.8535,0.3448594562177392,0.07626642652648545
3.854,-0.07127736323188383,-0.6337083466197325
3.8545,-0.5621054066852853,-1.333086481360783
3.855,-0.2099896363817582,-1.608599079895136
3.8555,0.291508581929326,-1.174136905283272
3.856,0.6436243522328531,-0.4959520473525559
3.8565,0.7503261008096795,0.08686306493165288
3.857,0.6969752265212663,0.4153588554918433
3.8575,0.5689331282290746,0.5319218779486851
3.858,0.4622313796522482,0.4895353243280153
3.8585,0.5262524287983441,0.3729723018711736
3.859,0.7183155762366316,0.4153588554918433
3.8595,-0.1459685872356623,-0.5171453241628908
3.86,-0.1779791118087102,-0.5595318777835605
3.8605,-0.1139580626626144,-0.5065486857577234
3.861,-0.07127736323188383,-0.3687923864905467
3.8615,-0.4980843575391895,0.3411823866556712
3.862,-1.362368521011484,1.146526905448396
3.8625,-1.821186039891837,1.580989080060261
3.863,-2.269333383914508,1.231300012689736
3.8635,-2.119950935906951,0.383568940276341
3.864,-1.373038695869166,-0.1568596183871981
3.8645,-0.6154562809736985,-0.3899856633008816
3.865,-0.07127736323188383,-0.400582301706049
3.8655,0.2274875327832301,-0.3052125560595421
3.866,0.3555296310754218,-0.1568596183871981
3.8665,0.3768699807907871,0.002089957690313421
3.867,0.3661998059331045,0.1610395337678249
3.8675,0.3341892813600565,0.2987958330350016
3.868,0.3235191065023739,0.4259554938970107
3.8685,0.3235191065023739,0.5425185163538525
3.869,0.3341892813600565,0.627291623595192
3.8695,0.4195506802215176,0.6378882620003594
3.87,0.8463576745288233,0.2670059178194992
3.8705,1.027750647109428,-0.326405832869877
3.871,0.707645401378949,-0.6019184314042303
3.8715,0.7609962756673623,-0.1250697031716958
3.872,0.8997085488172365,0.2987958330350016
3.8725,0.9637295979633325,0.4471487707073456
3.873,0.8890383739595538,0.4789386859228479
3.8735,0.7183155762366316,0.3941655786815084
3.874,0.5475927785137094,0.3199891098453364
3.8745,0.3982103305061524,0.2564092794143318
3.875,0.4195506802215176,0.13984625695749
3.8755,0.4835717293676135,0.02328323450064829
3.876,0.4408910299368829,-0.01910331912002144
3.8765,0.3661998059331045,-0.05089323433552374
3.877,0.3021787567870086,-0.09327978795619347
3.8775,0.2274875327832301,-0.1038764263613609
3.878,-0.3166913849585846,0.1186529801471552
3.8785,-0.8181896032696687,0.6060983467848571
3.879,-1.981238662757077,-0.1462629799820306
3.8795,-2.098610586191586,-0.2204394488182027
3.88,-2.322684258202921,-0.2734226408440398
3.8805,-1.863866739322568,-0.326405832869877
3.881,-1.010252750707956,-0.2310360872233701
3.8815,-0.3593720843893152,-0.1780528951975329
3.882,0.04609456020262521,-0.1250697031716958
3.8825,0.2594980573562781,-0.02969995752518888
3.883,0.3448594562177392,0.06566978812131802
3.8835,0.3555296310754218,0.1716361721729923
3.884,0.3341892813600565,0.2776025562246667
3.8845,0.3235191065023739,0.3729723018711736
3.885,0.3235191065023739,0.4471487707073456
3.8855,0.3341892813600565,0.5107286011383502
3.886,0.3875401556484697,0.5319218779486851
3.8865,0.79300680024041,0.3729723018711736
3.887,1.305175193409177,-0.1356663415768632
3.8875,1.273164668836129,-0.7714646458869092
3.888,1.059761171682476,-0.6972881770507372
3.8885,1.049090996824793,-0.3052125560595421
3.889,1.017080472251745,-0.07208651114585861
3.8895,0.9103787236749192,0.03387987290581572
3.89,0.7396559259519968,0.1186529801471552
3.8905,0.5582629533713921,0.1292496185523226
3.891,0.4195506802215176,0.07626642652648545
3.8915,0.3341892813600565,0.02328323450064829
3.892,0.3128489316446912,-0.02969995752518888
3.8925,0.2808384070716433,-0.05089323433552374
3.893,0.2701682322139607,-0.05089323433552374
3.8935,0.2488278824985954,-0.05089323433552374
3.894,0.2274875327832301,-0.02969995752518888
3.8945,-0.1459685872356623,0.09745970333682032
3.895,-0.7648387289812555,0.3941655786815084
3.8955,-1.234326422719292,0.6166949851900245
3.896,-1.757164990745741,0.7226613692416989
3.8965,-2.269333383914508,0.7332580076468663
3.897,-1.938557963326346,0.4471487707073456
3.8975,-1.234326422719292,0.13984625695749
3.898,-0.4767440078238243,0.1292496185523226
3.8985,-0.2420001609548061,-0.1038764263613609
3.899,-0.5300948821122373,-0.5913217929990628
3.8995,-0.1673089369510276,-0.2734226408440398
3.9,0.02475421048725994,-0.04029659593035631
3.9005,0.1954770082101822,0.2034260873884947
3.901,0.3021787567870086,0.3623756634660061
3.9015,0.291508581929326,0.3941655786815084
3.902,0.291508581929326,0.4047622170866759
3.9025,0.3768699807907871,0.3729723018711736
3.903,0.974399772821015,0.06566978812131802
3.9035,1.443887466559051,-0.5171453241628908
3.904,0.7823366253827275,-1.142346990067769
3.9045,0.09944543449103843,-1.333086481360783
3.905,0.1741366584948169,-0.8350444763179138
3.9055,0.4408910299368829,-0.4429688553267188
3.906,0.6009436528021226,-0.1886495336027004
3.9065,0.6116138276598051,-0.06148987274069118
3.907,0.5582629533713921,0.002089957690313421
3.9075,0.4729015545099309,0.03387987290581572
3.908,0.3982103305061524,0.002089957690313421
3.9085,0.4942419042252961,-0.1356663415768632
3.909,0.5049120790829789,-0.2098428104130352
3.9095,0.4302208550792003,-0.1992461720078678
3.91,0.3555296310754218,-0.1568596183871981
3.9105,0.291508581929326,-0.1038764263613609
3.911,0.1527963087794516,0.04447651131098315
3.9115,-0.3700422592469978,0.5849050699745222
3.912,-0.9569018764195432,1.135930267043229
3.9125,-1.479740444445993,1.241896651094903
3.913,-1.885207089037933,0.8286277532933731
3.9135,-2.013249187330125,0.002089957690313421
3.914,-1.415719395299897,-0.3475991096802118
3.9145,-0.722158029550525,-0.3052125560595421
3.915,-0.1779791118087102,-0.1038764263613609
3.9155,0.1527963087794516,0.1292496185523226
3.916,0.3021787567870086,0.3199891098453364
3.9165,0.3555296310754218,0.4789386859228479
3.917,0.3448594562177392,0.5849050699745222
3.9175,0.3235191065023739,0.6484849004055269
3.918,0.2168173579255475,0.5955017083796896
3.9185,0.2381577076409128,0.6378882620003594
3.919,-0.1139580626626144,0.2670059178194992
3.9195,-0.1779791118087102,-0.2204394488182027
3.92,0.5582629533713921,-0.4217755785163839
3.9205,0.4515612047945656,-0.8774310299385835
3.921,-0.07127736323188383,-1.216523458903942
3.9215,-0.01792648894347063,-1.0999604364471
3.922,0.2594980573562781,-0.8456411147230812
3.9225,0.5049120790829789,-0.4323722169215513
3.923,0.5902734779444399,-0.1250697031716958
3.9235,0.5689331282290746,0.07626642652648545
3.924,0.4729015545099309,0.13984625695749
3.9245,0.3875401556484697,0.08686306493165288
3.925,0.4835717293676135,-0.1674562567923655
3.9255,0.6329541773751706,-0.4429688553267188
3.926,0.5689331282290746,-0.4853554089473885
3.9265,0.4515612047945656,-0.4429688553267188
3.927,0.3448594562177392,-0.3899856633008816
3.9275,0.2488278824985954,-0.3475991096802118
3.928,-0.1459685872356623,-0.1144730647665284
3.9285,-0.8715404775580819,0.2881991946298341
3.929,-1.522421143876723,0.5213252395435176
3.9295,-2.002579012472442,0.4365521323021782
3.93,-2.07727023647622,0.06566978812131802
3.9305,-1.458400094730627,-0.1568596183871981
3.931,-0.7328282044082075,-0.1992461720078678
3.9315,-0.1673089369510276,-0.1462629799820306
3.932,0.1634664836371343,-0.04029659593035631
3.9325,0.3128489316446912,0.08686306493165288
3.933,0.3555296310754218,0.2034260873884947
3.9335,0.3555296310754218,0.3199891098453364
3.934,0.3235191065023739,0.4153588554918433
3.9345,0.3128489316446912,0.4895353243280153
3.935,0.3021787567870086,0.55311515475902
3.9355,0.3128489316446912,0.5849050699745222
3.936,0.5689331282290746,0.5001319627331828
3.9365,1.315845368266859,-0.05089323433552374
3.937,1.817343586577944,-0.7820612842920766
3.9375,1.347855892839907,-1.34368311976595
3.938,0.8997085488172365,-1.163540266878104
3.9385,0.79300680024041,-0.5807251545938954
3.939,0.6756348768059011,-0.1038764263613609
3.9395,0.6863050516635838,0.2670059178194992
3.94,0.00341386077189465,-0.2204394488182027
3.9405,-0.1352984123779797,-0.252229364033705
3.941,-0.03926683865883591,-0.1038764263613609
3.9415,0.07810508477567314,-0.02969995752518888
3.942,0.2701682322139607,0.01268659609548085
3.9425,0.3128489316446912,-0.02969995752518888
3.943,0.2808384070716433,-0.1250697031716958
3.9435,0.2488278824985954,-0.2098428104130352
3.944,0.2168173579255475,-0.2840192792492073
3.9445,-0.1673089369510276,-0.2310360872233701
3.945,-1.052933450138687,0.07626642652648545
3.9455,-1.778505340461106,0.2458126410091644
3.946,-2.173301810195364,0.1186529801471552
3.9465,-2.461396531352796,-0.3687923864905467
3.947,-1.991908837614759,-0.7396747306714069
3.9475,-1.159635198715513,-0.7290780922662394
3.948,-0.4447334832507763,-0.5595318777835605
3.9485,0.03542438534494258,-0.3581957480853793
3.949,0.2701682322139607,-0.1568596183871981
3.9495,0.3661998059331045,0.002089957690313421
3.95,0.3661998059331045,0.13984625695749
3.9505,0.3448594562177392,0.2670059178194992
3.951,0.3128489316446912,0.3623756634660061
3.9515,0.3021787567870086,0.457745409112513
3.952,0.3128489316446912,0.5319218779486851
3.9525,0.3768699807907871,0.5849050699745222
3.953,0.8890383739595538,0.383568940276341
3.9535,1.049090996824793,-0.1780528951975329
3.954,0.2274875327832301,-0.8774310299385835
3.9545,-0.4020527838200457,-1.089363798041932
3.955,-0.2420001609548061,-0.7608680074817418
3.9555,0.1101156093487211,-0.2098428104130352
3.956,0.3875401556484697,0.2776025562246667
3.9565,0.4942419042252961,0.6166949851900245
3.957,0.5262524287983441,0.7226613692416989
3.9575,0.4729015545099309,0.6696781772158616
3.958,0.408880505363835,0.5107286011383502
3.9585,0.3448594562177392,0.2670059178194992
3.959,0.2061471830678648,-0.008506680714854012
3.9595,0.2381577076409128,-0.07208651114585861
3.96,-0.2633405106701714,-0.6654982618352349
3.9605,-0.423393133535411,-0.8880276683437509
3.961,-0.3273615598162672,-0.6443049850249
3.9615,-0.690147504977477,0.04447651131098315
3.962,-1.287677297007705,0.9981739677760521
3.9625,-2.098610586191586,1.612778995275763
3.963,-2.824182476514005,1.538602526439591
3.9635,-2.770831602225592,0.5955017083796896
3.964,-1.885207089037933,-0.04029659593035631
3.9645,-0.9355615267041777,-0.2946159176543747
3.965,-0.2313299860971235,-0.3158091944647096
3.9655,0.1741366584948169,-0.2098428104130352
3.966,0.3555296310754218,-0.05089323433552374
3.9665,0.3982103305061524,0.09745970333682032
3.967,0.3768699807907871,0.2458126410091644
3.9675,0.3448594562177392,0.3729723018711736
3.968,0.3235191065023739,0.4789386859228479
3.9685,0.3235191065023739,0.5637117931641874
3.969,0.3555296310754218,0.6166949851900245
3.9695,0.7396559259519968,0.4259554938970107
3.97,1.326515543124542,-0.2310360872233701
3.9705,1.177133095116985,-0.9516074987747555
3.971,0.6969752265212663,-1.184733543688439
3.9715,0.6649647019482183,-0.9516074987747555
3.972,0.8036769750980928,-0.5171453241628908
3.9725,0.857027849386506,-0.04029659593035631
3.973,0.7716664505250448,0.3199891098453364
3.9735,0.6436243522328531,0.5425185163538525
3.974,0.5049120790829789,0.5849050699745222
3.9745,0.3982103305061524,0.5107286011383502
3.975,0.4942419042252961,0.2564092794143318
3.9755,0.6863050516635838,-0.1038764263613609
3.976,0.6329541773751706,-0.2416327256285375
3.9765,0.4942419042252961,-0.2840192792492073
3.977,0.3661998059331045,-0.3158091944647096
3.9775,0.2274875327832301,-0.3370024712750445
3.978,-0.274010685527854,-0.06148987274069118
3.9785,-0.9889124009925911,0.2352160026039969
3.979,-1.351698346153801,0.3411823866556712
3.9795,-2.354694782775969,-0.6019184314042303
3.98,-2.717480727937179,-1.142346990067769
3.9805,-2.023919362187807,-1.110557074852267
3.981,-1.159635198715513,-0.9516074987747555
3.9815,-0.3807124341046804,-0.6654982618352349
3.982,0.09944543449103843,-0.4217755785163839
3.9825,0.2808384070716433,-0.2734226408440398
3.983,0.3448594562177392,-0.1250697031716958
3.9835,0.3448594562177392,0.02328323450064829
3.984,0.3235191065023739,0.1610395337678249
3.9845,0.3021787567870086,0.2987958330350016
3.985,0.3021787567870086,0.4365521323021782
3.9855,0.3235191065023739,0.55311515475902
3.986,0.5262524287983441,0.5743084315693548
3.9865,1.219813794547716,0.2458126410091644
3.987,1.401206767128321,-0.4217755785163839
3.9875,0.6969752265212663,-1.036380606016095
3.988,0.5049120790829789,-0.7714646458869092
3.9885,0.8036769750980928,-0.1462629799820306
3.989,0.974399772821015,0.07626642652648545
3.9895,0.9637295979633325,0.1610395337678249
3.99,0.8143471499557753,0.13984625695749
3.9905,0.6222840025174878,0.06566978812131802
3.991,0.4622313796522482,0.02328323450064829
3.9915,0.3661998059331045,0.01268659609548085
3.992,0.3555296310754218,0.01268659609548085
3.9925,0.3235191065023739,0.002089957690313421
3.993,0.291508581929326,-0.008506680714854012
3.9935,0.2594980573562781,-0.01910331912002144
3.994,0.2381577076409128,-0.008506680714854012
3.9945,-0.007256314085787988,0.05507314971615059
3.995,-0.7008176798351597,0.309392471440169
3.9955,-1.405049220442214,0.5637117931641874
3.996,-2.023919362187807,0.6590815388106942
3.9965,-2.472066706210478,0.2670059178194992
3.997,-1.885207089037933,-0.1144730647665284
3.9975,-1.020922925565639,-0.1462629799820306
3.998,-0.4767440078238243,-0.1462629799820306
3.9985,0.03542438534494258,0.09745970333682032
3.999,-0.3380317346739499,-0.3687923864905467
3.9995,-0.3700422592469978,-0.3793890248957141
4,-0.1352984123779797,-0.1038764263613609
4.0005,0.01408403562957729,0.09745970333682032
4.001,0.1954770082101822,0.309392471440169
4.0015,0.3021787567870086,0.4047622170866759
4.002,0.3128489316446912,0.383568940276341
4.0025,0.3341892813600565,0.3517790250608387
4.003,0.6222840025174878,0.1822328105781598
4.0035,1.006410297394063,-0.3475991096802118
4.004,0.5689331282290746,-1.184733543688439
4.0045,-0.02859666380115328,-2.064254531317336
4.005,0.142126133921769,-2.392750321877526
4.0055,0.4729015545099309,-1.84172512480882
4.006,0.6542945270905358,-1.195330182093607
4.0065,0.6542945270905358,-0.5383386009732256
4.007,0.5582629533713921,-0.07208651114585861
4.0075,0.4408910299368829,0.1080563417419877
4.008,0.3661998059331045,0.13984625695749
4.0085,0.3448594562177392,0.002089957690313421
4.009,0.3235191065023739,-0.09327978795619347
4.0095,0.291508581929326,-0.1250697031716958
4.01,0.2594980573562781,-0.1356663415768632
4.0105,0.2381577076409128,-0.1250697031716958
4.011,0.1207857842064037,-0.05089323433552374
4.0115,-0.4767440078238243,0.3729723018711736
4.012,-1.202315898146244,0.8922075837243778
4.0125,-1.789175515318789,1.157123543853563
4.013,-2.269333383914508,1.00877060618122
4.0135,-1.842526389607202,0.6060983467848571
4.014,-1.06360362499637,0.2987958330350016
4.0145,-0.4020527838200457,0.1186529801471552
4.015,0.03542438534494258,0.06566978812131802
4.0155,0.2594980573562781,0.09745970333682032
4.016,0.3448594562177392,0.1610395337678249
4.0165,0.3555296310754218,0.2458126410091644
4.017,0.3341892813600565,0.3199891098453364
4.0175,0.3021787567870086,0.383568940276341
4.018,0.1527963087794516,0.2987958330350016
4.0185,0.2594980573562781,0.4471487707073456
4.019,-0.4660738329661415,-0.3052125560595421
4.0195,0.1101156093487211,-0.326405832869877
4.02,0.974399772821015,-0.6866915386455698
4.0205,0.7716664505250448,-1.449649503817625
4.021,0.1527963087794516,-2.011271339291499
4.0215,0.03542438534494258,-1.831128486403653
4.022,0.2381577076409128,-1.152943628472937
4.0225,0.4729015545099309,-0.4641621321370536
4.023,0.5475927785137094,0.002089957690313421
4.0235,0.5155822539406614,0.2776025562246667
4.024,0.4515612047945656,0.383568940276341
4.0245,0.3768699807907871,0.3199891098453364
4.025,0.4622313796522482,0.1292496185523226
4.0255,0.5369226036560266,-0.06148987274069118
4.026,0.4729015545099309,-0.1568596183871981
4.0265,0.3768699807907871,-0.1992461720078678
4.027,0.2808384070716433,-0.2098428104130352
4.0275,0.1527963087794516,-0.1886495336027004
4.028,-0.4020527838200457,0.03387987290581572
4.0285,-1.234326422719292,0.3729723018711736
4.029,-1.895877263895616,0.5743084315693548
4.0295,-2.461396531352796,0.55311515475902
4.03,-2.493407055925843,0.2458126410091644
4.0305,-1.67180359188428,0.002089957690313421
4.031,-0.8288597781273515,-0.08268314955102604
4.0315,-0.1993194615240755,-0.06148987274069118
4.032,0.1634664836371343,0.02328323450064829
4.0325,0.3341892813600565,0.1186529801471552
4.033,0.3768699807907871,0.2352160026039969
4.0335,0.3555296310754218,0.3305857482505039
4.034,0.3235191065023739,0.4153588554918433
4.0345,0.3021787567870086,0.4895353243280153
4.035,0.2808384070716433,0.5425185163538525
4.0355,0.291508581929326,0.5743084315693548
4.036,0.5155822539406614,0.4895353243280153
4.0365,1.19847344483235,0.02328323450064829
4.037,1.497238340847464,-0.6654982618352349
4.0375,0.942389248247967,-1.142346990067769
4.038,0.7823366253827275,-0.6866915386455698
4.0385,0.7609962756673623,-0.4217755785163839
4.039,0.2381577076409128,-0.7608680074817418
4.0395,0.2381577076409128,-0.5807251545938954
4.04,0.291508581929326,-0.3370024712750445
4.0405,0.3021787567870086,-0.1992461720078678
4.041,0.3555296310754218,-0.1038764263613609
4.0415,0.3555296310754218,-0.1568596183871981
4.042,0.4408910299368829,-0.2628260024388724
4.0425,0.408880505363835,-0.2734226408440398
4.043,0.3448594562177392,-0.2416327256285375
4.0435,0.2808384070716433,-0.1886495336027004
4.044,0.2488278824985954,-0.1144730647665284
4.0445,0.03542438534494258,-0.02969995752518888
4.045,-0.7328282044082075,0.06566978812131802
4.0455,-1.597112367880501,0.05507314971615059
4.046,-2.269333383914508,-0.1356663415768632
4.0465,-2.493407055925843,-0.5913217929990628
4.047,-1.83185621474952,-0.6337083466197325
4.0475,-0.9782422261349084,-0.3581957480853793
4.048,-0.3060212101009019,-0.02969995752518888
4.0485,0.1101156093487211,0.2246193641988295
4.049,0.3021787567870086,0.3941655786815084
4.0495,0.3661998059331045,0.4895353243280153
4.05,0.3661998059331045,0.5319218779486851
4.0505,0.3341892813600565,0.5425185163538525
4.051,0.3128489316446912,0.5319218779486851
4.0515,0.3021787567870086,0.5107286011383502
4.052,0.3021787567870086,0.4789386859228479
4.0525,0.408880505363835,0.3729723018711736
4.053,0.9637295979633325,-0.1250697031716958
4.0535,1.486568165989782,-0.9622041371799229
4.054,1.017080472251745,-1.714565463946811
4.0545,0.3021787567870086,-2.297380576231019
4.055,0.2061471830678648,-2.053657892912168
4.0555,0.3875401556484697,-1.47084278062796
4.056,0.5155822539406614,-0.9304142219644207
4.0565,0.5475927785137094,-0.5383386009732256
4.057,0.3768699807907871,-0.4111789401112165
4.0575,0.3982103305061524,-0.1780528951975329
4.058,0.1527963087794516,-0.326405832869877
4.0585,-0.3273615598162672,-0.9516074987747555
4.059,-0.06060718837420119,-0.718481453861072
4.0595,0.0674349099179905,-0.5383386009732256
4.06,0.1848068333524996,-0.3052125560595421
4.0605,0.2488278824985954,-0.1462629799820306
4.061,0.07810508477567314,0.06566978812131802
4.0615,-0.6474668055467465,0.7120647308365314
4.062,-1.661133417026597,1.390249588767247
4.0625,-2.344024607918286,1.782325209758442
4.063,-2.845522826229371,1.061753798207057
4.0635,-2.80284212679864,-0.1674562567923655
4.064,-1.895877263895616,-0.5807251545938954
4.0645,-0.9462317015618604,-0.4429688553267188
4.065,-0.2420001609548061,-0.1250697031716958
4.0655,0.1634664836371343,0.1928294489833272
4.066,0.3448594562177392,0.4471487707073456
4.0665,0.3875401556484697,0.627291623595192
4.067,0.3768699807907871,0.7438546460520338
4.0675,0.3448594562177392,0.7968378380778709
4.068,0.3235191065023739,0.8286277532933731
4.0685,0.3448594562177392,0.8180311148882058
4.069,0.3661998059331045,0.7862411996727035
4.0695,0.7396559259519968,0.6166949851900245
4.07,1.443887466559051,0.06566978812131802
4.0705,1.283834843693812,-0.7608680074817418
4.071,0.4622313796522482,-1.502632695843462
4.0715,0.2594980573562781,-1.545019249464132
4.072,0.408880505363835,-1.05757388282643
4.0725,0.6009436528021226,-0.5277419625680583
4.073,0.6649647019482183,-0.2204394488182027
4.0735,0.6116138276598051,-0.1250697031716958
4.074,0.5049120790829789,-0.1038764263613609
4.0745,0.3982103305061524,-0.1356663415768632
4.075,0.4622313796522482,-0.2946159176543747
4.0755,0.5262524287983441,-0.4535654937318862
4.076,0.3555296310754218,-0.5913217929990628
4.0765,0.3448594562177392,-0.474758770542221
4.077,-0.1993194615240755,-0.8880276683437509
4.0775,-0.572775581542968,-1.025783967610927
4.078,-0.9675720512772257,-0.2310360872233701
4.0785,-1.821186039891837,0.8074344764830383
4.079,-2.365364957633652,1.655165548896433
4.0795,-2.717480727937179,1.814115124973944
4.08,-2.80284212679864,0.9451907757502149
4.0805,-2.023919362187807,0.2034260873884947
4.081,-1.074273799854052,-0.09327978795619347
4.0815,-0.3380317346739499,-0.09327978795619347
4.082,0.1101156093487211,0.03387987290581572
4.0825,0.3341892813600565,0.2140227257936621
4.083,0.3982103305061524,0.3941655786815084
4.0835,0.3875401556484697,0.5425185163538525
4.084,0.3555296310754218,0.6590815388106942
4.0845,0.3341892813600565,0.7438546460520338
4.085,0.3128489316446912,0.7968378380778709
4.0855,0.3021787567870086,0.8392243916985406
4.086,0.4729015545099309,0.7438546460520338
4.0865,1.059761171682476,0.2140227257936621
4.087,1.390536592270638,-0.6549016234300674
4.0875,0.7609962756673623,-1.34368311976595
4.088,0.5369226036560266,-1.004590690800593
4.0885,0.6756348768059011,-0.5913217929990628
4.089,0.8036769750980928,-0.4111789401112165
4.0895,0.825017324813458,-0.326405832869877
4.09,0.7183155762366316,-0.2734226408440398
4.0905,0.5689331282290746,-0.2840192792492073
4.091,0.4302208550792003,-0.3052125560595421
4.0915,0.3982103305061524,-0.3687923864905467
4.092,0.4729015545099309,-0.474758770542221
4.0925,0.4408910299368829,-0.474758770542221
4.093,0.3661998059331045,-0.400582301706049
4.0935,0.3021787567870086,-0.3158091944647096
4.094,0.2274875327832301,-0.2204394488182027
4.0945,-0.03926683865883591,0.1080563417419877
4.095,-0.7114878546928423,0.7862411996727035
4.0955,-1.458400094730627,1.199510097474233
